"Code INSEE","Code Postal",Commune,Département,Région,Statut,"Altitude Moyenne",Superficie,Population,geo_point_2d,geo_shape,"ID Geogla","Code Commune","Code Canton","Code Arrondissement","Code Département","Code Région"
19160,19170,PEROLS-SUR-VEZERE,CORREZE,LIMOUSIN,"Commune simple",828.0,4710.0,0.2,"45.5751012606, 2.0039583591","{""type"": ""Polygon"", ""coordinates"": [[[2.039990325805837, 45.525332196650716], [2.018732397668745, 45.533505518293026], [2.007855772390126, 45.54916048392615], [2.007494942946933, 45.56288159256253], [1.988239865768681, 45.56142214415], [1.976319452177406, 45.55088585838261], [1.95765259236329, 45.55521702795094], [1.956589697378897, 45.565383405124486], [1.952740190832828, 45.58117034263494], [1.961457834510091, 45.59913620886509], [1.957166931960724, 45.61241573803966], [1.972948810343879, 45.62009856178206], [1.982337528316956, 45.612709271528374], [2.006838896912164, 45.61097403461926], [2.025351382743458, 45.60604784762599], [2.027651016855431, 45.600025084912495], [2.018430451742466, 45.591867096092486], [2.032330390330381, 45.57742576296611], [2.036543260878966, 45.57556179773079], [2.045923068331055, 45.57744286618168], [2.059410158910401, 45.57461173954008], [2.067174139241897, 45.57043489247383], [2.067629088183654, 45.567016625124246], [2.048810053249891, 45.551180583959386], [2.052579778797243, 45.54134254206878], [2.041149081774595, 45.53538307918379], [2.039990325805837, 45.525332196650716]]]}",433,160,07,3,19,74
16008,16140,AMBERAC,CHARENTE,POITOU-CHARENTES,"Commune simple",63.0,1209.0,0.3,"45.8562404894, 0.0591293874218","{""type"": ""Polygon"", ""coordinates"": [[[0.080242332653258, 45.83464528680086], [0.064293128172055, 45.84026919542541], [0.041515204856441, 45.84164818468052], [0.037361054406902, 45.85465966734116], [0.044990221712753, 45.867033688145696], [0.032585191523654, 45.87007876031254], [0.032491800333857, 45.87349158430968], [0.041388050217577, 45.881519610006556], [0.05050335610198, 45.878991448058514], [0.068702003814458, 45.86332605613994], [0.077863620873366, 45.861058322931044], [0.082593705272427, 45.85551261679736], [0.09420890848929, 45.850450461620824], [0.079037745551128, 45.84157068421346], [0.080242332653258, 45.83464528680086]]]}",588,008,25,1,16,54
29130,29280,LOCMARIA-PLOUZANE,FINISTERE,BRETAGNE,"Commune simple",64.0,2319.0,4.8,"48.3707952955, -4.65000050558","{""type"": ""Polygon"", ""coordinates"": [[[-4.621780505071492, 48.3382656181871], [-4.626717249931677, 48.33753102393275], [-4.63794004422227, 48.34421771750733], [-4.65238479684263, 48.346102761674075], [-4.678908087173631, 48.35545447250239], [-4.679968609050487, 48.365663538249066], [-4.675463904114149, 48.375483937238805], [-4.680656621845376, 48.381293332911525], [-4.685804269912473, 48.381880648889926], [-4.680183739193303, 48.39427755510599], [-4.665282186777395, 48.39317492699236], [-4.655308358470204, 48.40108876466075], [-4.640945902926743, 48.40490138611838], [-4.631796809258382, 48.38234389329141], [-4.62168699237966, 48.37459027052469], [-4.617775623953575, 48.357750015031854], [-4.624253209271403, 48.34128773812365], [-4.621780505071492, 48.3382656181871]]]}",6763,130,39,1,29,53
30312,30150,SAUVETERRE,GARD,LANGUEDOC-ROUSSILLON,"Commune simple",41.0,1320.0,1.8,"44.0168058845, 4.80890320388","{""type"": ""Polygon"", ""coordinates"": [[[4.801135322013612, 43.99434964944993], [4.803133310245088, 44.01729955894301], [4.784709028963862, 44.02012231429848], [4.776938724910281, 44.02418279636134], [4.762694689643835, 44.023098863283], [4.776719959893156, 44.03236946859295], [4.800623737604377, 44.03499456481714], [4.807763561033958, 44.03977419187328], [4.816424814049911, 44.03156457003341], [4.819272287148852, 44.01796861860438], [4.837439287916752, 44.014973282630976], [4.843368625625751, 44.00969713847628], [4.844381472339942, 44.002838244394006], [4.801135322013612, 43.99434964944993]]]}",11117,312,23,2,30,91
38250,38890,MONTCARRA,ISERE,RHONE-ALPES,"Commune simple",366.0,486.0,0.5,"45.6090751689, 5.39984266254","{""type"": ""Polygon"", ""coordinates"": [[[5.398188291529626, 45.60243888700875], [5.369363584140006, 45.6045633689264], [5.376696491261932, 45.61543548794341], [5.41100661874671, 45.61180440781666], [5.420151234398417, 45.614562970621556], [5.432084339760325, 45.614729008363454], [5.434120719212905, 45.609946190575016], [5.416128633966044, 45.60445126165754], [5.401409131194286, 45.605090856066084], [5.398188291529626, 45.60243888700875]]]}",17690,250,33,2,38,82
95387,95810,MENOUVILLE,VAL-D'OISE,ILE-DE-FRANCE,"Commune simple",90.0,273.0,0.1,"49.1532355635, 2.10779433987","{""type"": ""Polygon"", ""coordinates"": [[[2.11200578707246, 49.143727126127835], [2.105727573788025, 49.14935416245743], [2.08549562904522, 49.15250195905794], [2.087381672230862, 49.16059940796742], [2.115678445269225, 49.154184055612916], [2.127344088530025, 49.15987070136874], [2.131556974046938, 49.1555404392663], [2.128735629635042, 49.153757774961036], [2.11200578707246, 49.143727126127835]]]}",20534,387,17,3,95,11
88208,88410,GODONCOURT,VOSGES,LORRAINE,"Commune simple",296.0,1158.0,0.1,"47.9972274946, 5.93385769544","{""type"": ""Polygon"", ""coordinates"": [[[5.927390138955604, 47.974395928245976], [5.917389056309561, 47.99346575054613], [5.909332538296657, 47.99749259369011], [5.899994799181963, 47.99603026606163], [5.896936304377904, 48.00045515452681], [5.906442599558935, 48.00155336456199], [5.918555086534877, 48.01682339261823], [5.92372340343958, 48.01708227718867], [5.929657555362621, 48.0115315082118], [5.944051158214183, 48.008029273925565], [5.952147846791536, 48.012202923541494], [5.962921448390824, 48.005664279434846], [5.964393920782673, 47.99912524764398], [5.950419242672169, 47.98960675077186], [5.947521018814728, 47.979710391346806], [5.927390138955604, 47.974395928245976]]]}",1176,208,17,1,88,41
11040,11200,BIZANET,AUDE,LANGUEDOC-ROUSSILLON,"Commune simple",94.0,3758.0,1.3,"43.1482543689, 2.86981441339","{""type"": ""Polygon"", ""coordinates"": [[[2.882678708258828, 43.09706309581845], [2.868664404596833, 43.09621945877684], [2.865688072894284, 43.098896064570496], [2.85659128142071, 43.114525396096376], [2.855710019064975, 43.128213681993685], [2.837397505266536, 43.129284939675614], [2.831475086645956, 43.13464554570748], [2.837047027404421, 43.14907236868303], [2.836923894649056, 43.16224034711712], [2.841812533073224, 43.17183600960066], [2.857452009388087, 43.1787568096178], [2.862928699461379, 43.1912217827698], [2.866797708920281, 43.19270179227477], [2.87693946839721, 43.187190970712585], [2.893939951160108, 43.187244998142354], [2.9032597406965, 43.16400224493725], [2.901784298606056, 43.15731787001445], [2.908942016306552, 43.15277286741191], [2.904762957608056, 43.14658097924437], [2.901106129696543, 43.14437402033735], [2.88383475560877, 43.13869024125095], [2.884852673912628, 43.11477515790153], [2.889714913957529, 43.10163959085873], [2.882678708258828, 43.09706309581845]]]}",3465,040,33,3,11,91
62429,62142,HENNEVEUX,PAS-DE-CALAIS,NORD-PAS-DE-CALAIS,"Commune simple",81.0,558.0,0.3,"50.7258740136, 1.84583997521","{""type"": ""Polygon"", ""coordinates"": [[[1.864026918739699, 50.71309331842586], [1.845878596914428, 50.71553769250989], [1.821643645435687, 50.726671636914126], [1.815799838677943, 50.7346478541191], [1.831282839689601, 50.73347509544184], [1.838870120661452, 50.73800615199909], [1.843950518814927, 50.73723683935819], [1.848359369729419, 50.731839559100926], [1.858030237745835, 50.73435165203444], [1.867304306968456, 50.731313525865545], [1.863852955331817, 50.72264014152144], [1.869197099256238, 50.71886590704983], [1.864026918739699, 50.71309331842586]]]}",28701,429,21,3,62,31
80109,80150,"LE BOISLE",SOMME,PICARDIE,"Commune simple",55.0,1172.0,0.4,"50.2683509282, 1.97366129203","{""type"": ""Polygon"", ""coordinates"": [[[1.996405270339555, 50.25557503311133], [1.983249409858033, 50.24531088541393], [1.974409405824218, 50.24895526042068], [1.965071174655001, 50.252244592257036], [1.94743105878959, 50.27953716605539], [1.938348895504265, 50.27828292098357], [1.939158179488182, 50.28379436609509], [1.945648473952853, 50.287747171153526], [1.949338638831848, 50.286198298283495], [1.959859652988461, 50.290489928820094], [1.96973639979389, 50.28245546154649], [1.994128220127048, 50.27571582263898], [2.003228862827597, 50.27038408348766], [2.003393062951563, 50.26418048082055], [1.996405270339555, 50.25557503311133]]]}",4094,109,19,1,80,22
69246,69620,THEIZE,RHONE,RHONE-ALPES,"Commune simple",381.0,1188.0,1.0,"45.9407758878, 4.62735896797","{""type"": ""Polygon"", ""coordinates"": [[[4.652771203546864, 45.926211115894006], [4.65100627163698, 45.92933525825698], [4.613324285891422, 45.929581629133054], [4.599332403988929, 45.93534646490831], [4.592518587342616, 45.93183986320473], [4.593620725972372, 45.94941455146528], [4.607909307220799, 45.949248492318006], [4.613542288660972, 45.954653473844886], [4.622850259060483, 45.95544811157392], [4.629882714769613, 45.95701333661379], [4.635985338721166, 45.94856693669399], [4.643530448858249, 45.94482785088677], [4.660629384358628, 45.950126503996934], [4.662791285274299, 45.94945527215918], [4.663195843364979, 45.94831445532486], [4.659449398686922, 45.93453482421616], [4.655898728214543, 45.92677785252256], [4.652771203546864, 45.926211115894006]]]}",23558,246,06,2,69,82
62246,62310,COUPELLE-NEUVE,PAS-DE-CALAIS,NORD-PAS-DE-CALAIS,"Commune simple",141.0,456.0,0.2,"50.4980306908, 2.10823141445","{""type"": ""Polygon"", ""coordinates"": [[[2.122667857469588, 50.49087816415378], [2.108315734508327, 50.488450630398845], [2.089757113743061, 50.49230120136652], [2.083019367018033, 50.49910964764893], [2.127344530559498, 50.51008514590695], [2.122667857469588, 50.49087816415378]]]}",23521,246,24,4,62,31
16412,16560,VILLEJOUBERT,CHARENTE,POITOU-CHARENTES,"Commune simple",113.0,788.0,0.3,"45.8074616252, 0.173120462313","{""type"": ""Polygon"", ""coordinates"": [[[0.173141975892439, 45.78895529948067], [0.163281129358893, 45.78910426575913], [0.157967817372048, 45.79398952493865], [0.159261468689504, 45.81416109318742], [0.172818167694842, 45.828233750734725], [0.183874563498487, 45.82222064511697], [0.192306280798317, 45.80695946011056], [0.173141975892439, 45.78895529948067]]]}",24311,412,25,1,16,54
58271,58190,SAIZY,NIEVRE,BOURGOGNE,"Commune simple",268.0,1336.0,0.2,"47.3561828054, 3.69933759931","{""type"": ""Polygon"", ""coordinates"": [[[3.676831203508254, 47.33337657135732], [3.665505326549737, 47.3437679686325], [3.678630825336601, 47.353171716856686], [3.68588172864809, 47.37218743024143], [3.690584840927216, 47.37105227889964], [3.716150716778052, 47.380224135322784], [3.728984834608589, 47.359078477666735], [3.729563657430013, 47.35585192735488], [3.721622228223426, 47.35246253673473], [3.714818056401957, 47.343880120909944], [3.696733522200791, 47.340433967984445], [3.676831203508254, 47.33337657135732]]]}",9760,271,24,2,58,26
01386,01150,SAINT-SORLIN-EN-BUGEY,AIN,RHONE-ALPES,"Commune simple",376.0,906.0,1.1,"45.886308438, 5.37608915006","{""type"": ""Polygon"", ""coordinates"": [[[5.37801991065767, 45.86965822405656], [5.354928458161846, 45.882781332170914], [5.340913825600754, 45.880513932916095], [5.335090341930056, 45.885850528277174], [5.392674764070466, 45.90126796900302], [5.399676962691142, 45.9032367067765], [5.399561577249026, 45.879247964170474], [5.397182323275357, 45.87644257742332], [5.38809950028833, 45.87638261801667], [5.37801991065767, 45.86965822405656]]]}",32739,386,17,1,01,82
77100,77820,"LE CHATELET-EN-BRIE",SEINE-ET-MARNE,ILE-DE-FRANCE,"Chef-lieu canton",95.0,2275.0,4.4,"48.5016068676, 2.80339101971","{""type"": ""Polygon"", ""coordinates"": [[[2.826158902724055, 48.478118236271065], [2.811576075228693, 48.48100173116974], [2.791641535317881, 48.47830558991062], [2.783135311610998, 48.49030010391985], [2.767966469142625, 48.4927903277799], [2.761279225746813, 48.501988957732685], [2.760635965813055, 48.51540054463827], [2.774762740744392, 48.51440262950486], [2.779428329588407, 48.51576075658164], [2.781879600544198, 48.5221613055799], [2.791499487503803, 48.524292577555926], [2.800664031635033, 48.521717513735716], [2.810283493790703, 48.524153120663684], [2.83876130821763, 48.51600898832687], [2.839419236955384, 48.50897512725281], [2.831161776590265, 48.50022865906943], [2.843660509012996, 48.4850155577998], [2.8402764570502, 48.48088186608046], [2.832666379420955, 48.48259863275879], [2.826158902724055, 48.478118236271065]]]}",21050,100,05,2,77,11
34075,34210,CESSERAS,HERAULT,LANGUEDOC-ROUSSILLON,"Commune simple",176.0,1497.0,0.4,"43.3311589874, 2.70406695025","{""type"": ""Polygon"", ""coordinates"": [[[2.726371101772233, 43.30590454321726], [2.714354882061722, 43.30219420432575], [2.699148157824949, 43.30833304849908], [2.697120266548157, 43.31682843333132], [2.687772728068616, 43.323000004386444], [2.677063012580321, 43.36079685133561], [2.684656351863161, 43.35660905063409], [2.694222519150562, 43.35678943842617], [2.709049017871789, 43.34802314970696], [2.718253983386692, 43.348686230574955], [2.726163160485247, 43.328942356831355], [2.722193396027315, 43.31909073584909], [2.726371101772233, 43.30590454321726]]]}",9868,075,27,1,34,91
32262,32600,MONBRUN,GERS,MIDI-PYRENEES,"Commune simple",197.0,1085.0,0.3,"43.6652583352, 1.03071023904","{""type"": ""Polygon"", ""coordinates"": [[[1.030047114525324, 43.64828403577804], [1.016871715045485, 43.65220286627273], [0.999563984090341, 43.664000987056255], [0.999611809574908, 43.66440690815365], [1.009553159216837, 43.674832371768865], [1.009129218338934, 43.68132331663576], [1.013493521005907, 43.68207817787063], [1.043736975458163, 43.67209524125896], [1.05801481263116, 43.670847977133334], [1.062517790369285, 43.67116230687368], [1.074826056508671, 43.661714095494254], [1.061180433897214, 43.66011255348363], [1.047912434589912, 43.66236839193867], [1.043851152362222, 43.656399912348014], [1.0353749236032, 43.65377188419922], [1.030047114525324, 43.64828403577804]]]}",32866,262,05,1,32,73
40113,40180,GOOS,LANDES,AQUITAINE,"Commune simple",40.0,1061.0,0.5,"43.729775958, -0.916998152375","{""type"": ""Polygon"", ""coordinates"": [[[-0.904641359484599, 43.744165705578666], [-0.888737989822549, 43.72740108472544], [-0.891941158680848, 43.721160204312596], [-0.899376936026824, 43.71707396844403], [-0.908813802227601, 43.71702357738985], [-0.927893384771341, 43.71829135902047], [-0.948001477687108, 43.72724877846955], [-0.94001490822796, 43.73341258646734], [-0.945485823697633, 43.73833185120189], [-0.933937694657355, 43.74134473330774], [-0.91551377368961, 43.74069379896227], [-0.908931026484885, 43.745471258878105], [-0.904641359484599, 43.744165705578666]]]}",23760,113,12,1,40,72
32176,32700,LAGARDE,GERS,MIDI-PYRENEES,"Commune simple",130.0,887.0,0.1,"43.9688206645, 0.565453209917","{""type"": ""Polygon"", ""coordinates"": [[[0.576643558883334, 43.95532664408712], [0.567888442340114, 43.95311524573819], [0.558754315106225, 43.95453226806612], [0.538305712092218, 43.96828194236233], [0.547843608039136, 43.97667208093287], [0.561443422025785, 43.977921745461295], [0.575356168100652, 43.98619081278163], [0.579967502890351, 43.98860702948965], [0.585375669440462, 43.96781029753534], [0.576643558883334, 43.95532664408712]]]}",17596,176,12,2,32,73
07261,07800,SAINT-LAURENT-DU-PAPE,ARDECHE,RHONE-ALPES,"Commune simple",252.0,2042.0,1.5,"44.8232083643, 4.7449478067","{""type"": ""Polygon"", ""coordinates"": [[[4.71240085879583, 44.79843631375043], [4.711701514121622, 44.80745242615392], [4.718189814470778, 44.8239670000831], [4.709593070830862, 44.836698358961904], [4.732466134391973, 44.83760435139235], [4.765113587375594, 44.84824770724315], [4.777480945711893, 44.83862145435148], [4.77765916373935, 44.822255490716515], [4.78568098705834, 44.81945200040036], [4.768508045827839, 44.81372946060041], [4.75782291888066, 44.80662291325045], [4.71240085879583, 44.79843631375043]]]}",7274,261,31,2,07,82
81289,81580,SOUAL,TARN,MIDI-PYRENEES,"Commune simple",183.0,1402.0,2.3,"43.5511250266, 2.12888668782","{""type"": ""Polygon"", ""coordinates"": [[[2.131703523934856, 43.528102736800264], [2.112766492616891, 43.543596742326834], [2.099901415023397, 43.54837667540427], [2.099011382502069, 43.561740234953284], [2.102677827125566, 43.563867127869834], [2.116485742379027, 43.5623517235584], [2.122422672777412, 43.56736675138078], [2.146618258606838, 43.56965611912606], [2.153685884088971, 43.549412161819596], [2.147890274920732, 43.53648196926219], [2.151118872658461, 43.533933912196545], [2.142199358541497, 43.53410671995915], [2.131703523934856, 43.528102736800264]]]}",4981,289,11,2,81,73
52274,52120,LATRECEY-ORMOY-SUR-AUBE,HAUTE-MARNE,CHAMPAGNE-ARDENNE,"Commune simple",283.0,4674.0,0.3,"47.9862841495, 4.84287471621","{""type"": ""Polygon"", ""coordinates"": [[[4.85612062673795, 47.95327570503666], [4.845032699657955, 47.96042669937684], [4.81969240805329, 47.96246904547205], [4.810958911736589, 47.959867407039255], [4.80164161434687, 47.96254005938894], [4.787781134309614, 47.96525413171406], [4.785711627262135, 47.97146067598092], [4.795491089646853, 47.98355385365216], [4.808312843526858, 47.988776316160376], [4.793530393216798, 47.99812116583684], [4.789420390839878, 48.00786926889328], [4.790156974289778, 48.01815560352181], [4.804789991551724, 48.021568626712806], [4.825123373030437, 48.02057092551752], [4.843231119366071, 48.025806566767734], [4.854256511547907, 48.010339848169124], [4.866923081567134, 48.00433351814309], [4.875646758904597, 47.995760209031026], [4.895369956243012, 47.99712735829725], [4.88667071055621, 47.98445775556812], [4.889735447239183, 47.98166300219561], [4.914556183672129, 47.97729166579671], [4.915833231445321, 47.95809673481212], [4.8873607008339, 47.963544445406015], [4.85612062673795, 47.95327570503666]]]}",6007,274,06,1,52,21
17071,17160,"LA BROUSSE",CHARENTE-MARITIME,POITOU-CHARENTES,"Commune simple",52.0,1872.0,0.5,"45.9023725634, -0.365190879008","{""type"": ""Polygon"", ""coordinates"": [[[-0.338754328812897, 45.898821201322015], [-0.35020737841096, 45.87678792669819], [-0.354609877552887, 45.875341388608646], [-0.36634355336819, 45.88132859331996], [-0.376050270794389, 45.88136345420678], [-0.391845414852177, 45.889110472966586], [-0.391576208725375, 45.89899706165137], [-0.399926652394124, 45.90252274270311], [-0.385623811649145, 45.91599416942343], [-0.38648537122592, 45.92265617209415], [-0.377376515296894, 45.920486038552504], [-0.370529314321625, 45.92529606831045], [-0.355972128226859, 45.926540204302064], [-0.352707688654498, 45.92065237022664], [-0.340104100122326, 45.923855456946264], [-0.338669716182477, 45.91020709633563], [-0.338754328812897, 45.898821201322015]]]}",13716,071,15,5,17,54
71319,71440,MONTRET,SAONE-ET-LOIRE,BOURGOGNE,"Chef-lieu canton",203.0,1477.0,0.8,"46.6835248214, 5.11326580543","{""type"": ""Polygon"", ""coordinates"": [[[5.099473391148702, 46.65482780900312], [5.094167395762791, 46.662428005794936], [5.097004834351407, 46.67595026670193], [5.085274377304988, 46.68672972249338], [5.09546392122965, 46.69300230498941], [5.098588632201493, 46.70272714531577], [5.10833277498925, 46.70921395748859], [5.148025011594278, 46.69239956900399], [5.1489602896963, 46.68923843922436], [5.132461685116177, 46.68409679717313], [5.128669277498446, 46.674826506388705], [5.118147354721166, 46.66776131675108], [5.122764542445259, 46.655659975359356], [5.111244245737874, 46.65880912289142], [5.099473391148702, 46.65482780900312]]]}",3291,319,35,4,71,26
79300,79100,SAINTE-VERGE,DEUX-SEVRES,POITOU-CHARENTES,"Commune simple",71.0,1282.0,1.5,"47.0128810811, -0.227694435042","{""type"": ""Polygon"", ""coordinates"": [[[-0.225322292263244, 46.99267875872083], [-0.231226476478683, 46.99781194197482], [-0.245395470468958, 46.99842339524002], [-0.247172818207241, 47.00476217884539], [-0.257673740983867, 47.01135056128277], [-0.25484361116464, 47.020783851483294], [-0.239171188090232, 47.02815420910518], [-0.235907029503516, 47.033715368062396], [-0.21716656581916, 47.02864352000545], [-0.198099792920463, 47.01889218928472], [-0.208520296783277, 47.00423971561238], [-0.204975483179546, 47.00199544001031], [-0.207814174426847, 46.995681045115504], [-0.225322292263244, 46.99267875872083]]]}",6386,300,32,1,79,54
06089,06650,OPIO,ALPES-MARITIMES,"PROVENCE-ALPES-COTE D'AZUR","Commune simple",250.0,931.0,2.1,"43.6575610719, 7.00860864158","{""type"": ""Polygon"", ""coordinates"": [[[7.00070161237789, 43.642272068934176], [6.986440068472207, 43.659643959731746], [6.976085398708237, 43.666185771744416], [6.98033701869881, 43.671823256281726], [6.993510209808337, 43.669384971892256], [7.014728560801152, 43.664341686150216], [7.028146945537284, 43.66543087451063], [7.029100416028144, 43.66222409666873], [7.040704855757105, 43.657657738296315], [7.043382709771319, 43.651467516145274], [7.024969397112721, 43.64970956175729], [7.00070161237789, 43.642272068934176]]]}",30785,089,02,1,06,93
19115,19500,LIGNEYRAC,CORREZE,LIMOUSIN,"Commune simple",224.0,851.0,0.3,"45.0492268727, 1.61825978828","{""type"": ""Polygon"", ""coordinates"": [[[1.608958524830596, 45.02889347475023], [1.608068642894084, 45.03352904798199], [1.598803675421598, 45.04495758796323], [1.601867825165903, 45.05755846663609], [1.627764101989166, 45.068335585759144], [1.629234772472926, 45.06536394109355], [1.637811507381622, 45.06695500131215], [1.635256627183836, 45.058125612975815], [1.62988109365715, 45.048829264002535], [1.632380410395516, 45.03232644030988], [1.614263230935975, 45.03313804068908], [1.60955954789832, 45.03230495442386], [1.608958524830596, 45.02889347475023]]]}",26886,115,18,1,19,74
22213,22490,PLOUER-SUR-RANCE,COTES-D'ARMOR,BRETAGNE,"Commune simple",50.0,2013.0,3.3,"48.5248482927, -2.00660319758","{""type"": ""Polygon"", ""coordinates"": [[[-1.995831145286591, 48.551219573546334], [-1.986731672036988, 48.5503310434509], [-1.989219088534751, 48.544520998777244], [-1.973955379411125, 48.5447466221308], [-1.972442372075998, 48.53424615713761], [-1.983430193877641, 48.526628672739704], [-1.998129667050041, 48.52281984564158], [-1.983939310262694, 48.52313703099476], [-1.986507524543915, 48.5171882767103], [-1.978019255800953, 48.515813932599734], [-1.985183422634436, 48.51197083915928], [-1.982493296624453, 48.50023064059581], [-1.985786292874457, 48.49863207166491], [-1.989922553018633, 48.49919733695788], [-2.025440371899303, 48.50198005059469], [-2.035180852415365, 48.510887797294444], [-2.030163112281427, 48.516842558147864], [-2.0395005720056, 48.528435239271545], [-2.038783906642083, 48.542004703364356], [-2.018131913905842, 48.5425186221542], [-1.995831145286591, 48.551219573546334]]]}",825,213,12,1,22,53
27345,27410,"LA HOUSSAYE",EURE,HAUTE-NORMANDIE,"Commune simple",142.0,432.0,0.2,"48.9981469161, 0.800464578361","{""type"": ""Polygon"", ""coordinates"": [[[0.78861206123173, 48.98075512049355], [0.792119470437766, 48.99759658363342], [0.785213383224521, 49.00277666923167], [0.791470191485739, 49.007722577441], [0.805620304490225, 49.009718286091115], [0.809409394349311, 49.01098390047768], [0.816549742366169, 49.0073539590363], [0.81661624158741, 49.00154412833139], [0.80830004993248, 48.99838801566448], [0.80749741815663, 48.98890104721879], [0.790919070227085, 48.98113947283095], [0.78861206123173, 48.98075512049355]]]}",21459,345,04,2,27,23
14621,14290,SAINT-MARTIN-DE-BIENFAITE-LA-CRESSONNIERE,CALVADOS,BASSE-NORMANDIE,"Commune simple",146.0,1171.0,0.5,"49.0328920711, 0.352774402255","{""type"": ""Polygon"", ""coordinates"": [[[0.335030695081585, 49.00627993309786], [0.341826392843352, 49.010578321385495], [0.338725970418066, 49.01316372012541], [0.341752807642897, 49.025907511566515], [0.327323597469026, 49.02768336866137], [0.341384465205822, 49.04191370576748], [0.334630284455396, 49.05484520294341], [0.338269594754127, 49.0572830374727], [0.366965948887791, 49.05235570129646], [0.370827026936676, 49.050173158664954], [0.374305858487884, 49.047694246382605], [0.370704719233189, 49.04529432579604], [0.373912644268578, 49.03896792115295], [0.365767655021612, 49.01637848945091], [0.352652204007488, 49.006679037632196], [0.335030695081585, 49.00627993309786]]]}",5379,621,26,3,14,25
31186,31140,FONBEAUZARD,HAUTE-GARONNE,MIDI-PYRENEES,"Commune simple",130.0,129.0,2.8,"43.6798211278, 1.43492132755","{""type"": ""Polygon"", ""coordinates"": [[[1.442488613081143, 43.67786081607036], [1.438870218534027, 43.67959092425507], [1.428351052137693, 43.674291522453224], [1.422824469263562, 43.67866648088282], [1.431009344013612, 43.68226780325948], [1.439405808708343, 43.68451255193155], [1.443224552001092, 43.68272228394124], [1.448581196051224, 43.67999984455], [1.442488613081143, 43.67786081607036]]]}",33722,186,49,3,31,73
19043,19360,"LA CHAPELLE-AUX-BROCS",CORREZE,LIMOUSIN,"Commune simple",213.0,499.0,0.4,"45.1437616861, 1.62661152472","{""type"": ""Polygon"", ""coordinates"": [[[1.646741926908044, 45.1380076744453], [1.637362286070015, 45.13914524842942], [1.626624646835478, 45.13235856500912], [1.608762503700036, 45.1359285038884], [1.613253739861018, 45.14516099319734], [1.612654780038175, 45.15493350152236], [1.631898996217854, 45.15337001007188], [1.647123674774622, 45.14483839540279], [1.646741926908044, 45.1380076744453]]]}",33784,043,34,1,19,74
39468,39270,ROTHONAY,JURA,FRANCHE-COMTE,"Commune simple",512.0,1299.0,0.1,"46.515255602, 5.52762290044","{""type"": ""Polygon"", ""coordinates"": [[[5.512378743752523, 46.47769418292754], [5.519229456413392, 46.51166077194378], [5.513409129342804, 46.52098709622317], [5.517367896841582, 46.53463879110327], [5.512901637087756, 46.539980238321576], [5.519762615673405, 46.548027518982984], [5.528380247927883, 46.548017579662094], [5.537224335238314, 46.54754250685746], [5.540397469020647, 46.53550801443445], [5.537883235240736, 46.51236535881064], [5.541636554907844, 46.499110597332646], [5.537865598746516, 46.48228418078637], [5.519725403670416, 46.485415381229224], [5.512378743752523, 46.47769418292754]]]}",26898,468,21,2,39,43
23003,23200,ALLEYRAT,CREUSE,LIMOUSIN,"Commune simple",490.0,950.0,0.1,"45.9878416933, 2.15421492891","{""type"": ""Polygon"", ""coordinates"": [[[2.156419280727813, 45.96961930690503], [2.153817118997051, 45.97339118306082], [2.148280175333459, 45.9789870856525], [2.129407451946769, 45.97579072736095], [2.13231238724839, 45.99225700716031], [2.137924813454009, 45.99770313266654], [2.149093572173711, 46.00324486758737], [2.158241712050243, 46.00331319974391], [2.17079205792703, 45.998858006283854], [2.178594555735143, 45.990341692860426], [2.172198503917982, 45.97751644268738], [2.156419280727813, 45.96961930690503]]]}",14166,003,02,1,23,74
70472,70160,SAINT-REMY,HAUTE-SAONE,FRANCHE-COMTE,"Commune simple",285.0,912.0,0.6,"47.8375769959, 6.10898257377","{""type"": ""Polygon"", ""coordinates"": [[[6.082198839252854, 47.82098358520915], [6.07496156953775, 47.82556908172991], [6.079818883376436, 47.83830334842564], [6.090072971826016, 47.843707821896615], [6.088857152108266, 47.84972040034886], [6.092022382765173, 47.847088035689076], [6.101270997510545, 47.849888084905295], [6.116460673450516, 47.84924214016734], [6.134662424072639, 47.843181555314644], [6.144154613568371, 47.8439631767431], [6.147932772158937, 47.835241955601845], [6.144779537945343, 47.833272966517185], [6.126387099137371, 47.828513864736074], [6.11024914362104, 47.83616686061569], [6.082198839252854, 47.82098358520915]]]}",31978,472,01,2,70,43
68036,68600,BIESHEIM,HAUT-RHIN,ALSACE,"Commune simple",190.0,1645.0,2.4,"48.0504323482, 7.53680970912","{""type"": ""Polygon"", ""coordinates"": [[[7.578458485322479, 48.0248855205191], [7.56597352740989, 48.02829155857766], [7.566797002560327, 48.038454399236244], [7.553829423045044, 48.03380127153512], [7.543694432069048, 48.03409413916094], [7.535314851962014, 48.037932965082355], [7.520330692339659, 48.03685131558333], [7.506456655559234, 48.03822200842469], [7.504766155958978, 48.04393825629277], [7.501044639967841, 48.053752170428986], [7.505274838657175, 48.05559124136926], [7.506915811220001, 48.0622253821966], [7.503727166288297, 48.06835939970673], [7.518099127384149, 48.06957513564365], [7.533366595400121, 48.06961894273994], [7.538951769422114, 48.064184778759355], [7.558098064380154, 48.0594786159095], [7.573386153261852, 48.05963350680081], [7.56859004916589, 48.03633858863227], [7.578458485322479, 48.0248855205191]]]}",20165,036,19,2,68,42
02767,02200,VAUXREZIS,AISNE,PICARDIE,"Commune simple",100.0,662.0,0.3,"49.4205077489, 3.27709335238","{""type"": ""Polygon"", ""coordinates"": [[[3.263175937068437, 49.4019663295527], [3.259483443073483, 49.415384923887764], [3.268467709302173, 49.423670470358324], [3.271377737216564, 49.437254054664685], [3.289245832102264, 49.44075398794562], [3.289750961677811, 49.43499142177175], [3.290870164437133, 49.411098039587976], [3.278856226569517, 49.40570633759856], [3.263175937068437, 49.4019663295527]]]}",20310,767,31,4,02,22
23194,23500,SAINTE-FEYRE-LA-MONTAGNE,CREUSE,LIMOUSIN,"Commune simple",622.0,673.0,0.1,"45.8948418395, 2.23233670208","{""type"": ""Polygon"", ""coordinates"": [[[2.250476944406502, 45.88893577642208], [2.229066796537131, 45.880876120213024], [2.211255211637931, 45.8857512390088], [2.227928518093028, 45.909685490624554], [2.235735997278683, 45.9132145768653], [2.243426038170422, 45.90187451592472], [2.250538914894255, 45.89860791243358], [2.250476944406502, 45.88893577642208]]]}",15664,194,16,1,23,74
26229,26170,"LA PENNE-SUR-L'OUVEZE",DROME,RHONE-ALPES,"Commune simple",488.0,746.0,0.1,"44.2503681815, 5.23252395755","{""type"": ""Polygon"", ""coordinates"": [[[5.227410097580072, 44.23052447058611], [5.218494788833358, 44.267407991194126], [5.226549900897665, 44.274043646253986], [5.236756297279078, 44.268118279105984], [5.248535836832809, 44.23112037411524], [5.240446462537377, 44.2308265096009], [5.227410097580072, 44.23052447058611]]]}",12656,229,03,2,26,82
71111,71130,CHASSY,SAONE-ET-LOIRE,BOURGOGNE,"Commune simple",310.0,1341.0,0.4,"46.5832260551, 4.11167998063","{""type"": ""Polygon"", ""coordinates"": [[[4.133654232329538, 46.561262864986105], [4.120039221517835, 46.56326099070977], [4.113447367552832, 46.567800925483866], [4.081138982296133, 46.58332040757248], [4.078662046450603, 46.58618940831697], [4.083186185133541, 46.59890706506706], [4.096230377484827, 46.60114233787687], [4.110269907710099, 46.5976751926492], [4.130264860843601, 46.59862330868247], [4.135956295114274, 46.57586468140482], [4.143507341734802, 46.567297495257776], [4.134688612317282, 46.564539560481364], [4.133654232329538, 46.561262864986105]]]}",14480,111,20,3,71,26
27466,27170,"LE PLESSIS-SAINTE-OPPORTUNE",EURE,HAUTE-NORMANDIE,"Commune simple",153.0,1146.0,0.3,"49.0701628802, 0.85595391396","{""type"": ""Polygon"", ""coordinates"": [[[0.838207036989102, 49.048781934721696], [0.833312273986065, 49.04835191913668], [0.82040642509488, 49.05750916122219], [0.821413952130213, 49.06317625035469], [0.84051013447339, 49.066768164796756], [0.846395668612737, 49.079646329322145], [0.856328111914938, 49.08680373480497], [0.852579309311703, 49.09663981679766], [0.855751685517904, 49.10041116425359], [0.869440061720814, 49.09531181976925], [0.877868970814691, 49.06773966941584], [0.885214832327132, 49.06283217198392], [0.881873993435639, 49.055145769102495], [0.852295772514416, 49.057858689359506], [0.839340259891649, 49.052130459915], [0.838207036989102, 49.048781934721696]]]}",34520,466,04,2,27,23
12019,12380,BALAGUIER-SUR-RANCE,AVEYRON,MIDI-PYRENEES,"Commune simple",461.0,977.0,0.1,"43.8958843359, 2.576705609","{""type"": ""Polygon"", ""coordinates"": [[[2.579970392125096, 43.87618431977147], [2.576271380135483, 43.88175864813642], [2.552006697207114, 43.891570167533196], [2.551007086883831, 43.90158251275812], [2.552837896379711, 43.90779071438173], [2.557981938344418, 43.902573916627105], [2.562458986691234, 43.90306892097353], [2.574447216915014, 43.91283581149306], [2.583559526244664, 43.91117901420608], [2.601917697419821, 43.90097900529975], [2.595668817992694, 43.89581733926579], [2.597781314236331, 43.89273832428101], [2.590741298466261, 43.88007696882628], [2.586257397935707, 43.88074402100084], [2.579970392125096, 43.87618431977147]]]}",36356,019,36,1,12,73
81143,81110,LESCOUT,TARN,MIDI-PYRENEES,"Commune simple",181.0,686.0,0.6,"43.5334899853, 2.10628478889","{""type"": ""Polygon"", ""coordinates"": [[[2.133839372575851, 43.52341400178786], [2.125855795999596, 43.519876870595], [2.109811415001794, 43.52675565489642], [2.09995142815204, 43.51992601820454], [2.080514385176164, 43.53846947679615], [2.085063690600849, 43.54405061154113], [2.093915819882334, 43.54355799769182], [2.099901415023397, 43.54837667540427], [2.112766492616891, 43.543596742326834], [2.131703523934856, 43.528102736800264], [2.133839372575851, 43.52341400178786]]]}",33033,143,24,2,81,73
08352,08430,RAILLICOURT,ARDENNES,CHAMPAGNE-ARDENNE,"Commune simple",209.0,689.0,0.2,"49.6525273198, 4.59097690404","{""type"": ""Polygon"", ""coordinates"": [[[4.590389221832607, 49.627448562275305], [4.573650092615758, 49.64287383348635], [4.574065620813203, 49.65505574688284], [4.586786977240262, 49.66128061597771], [4.594894757220894, 49.673999777397235], [4.607428103358755, 49.67267543622702], [4.609050792835035, 49.667018796024365], [4.590389221832607, 49.627448562275305]]]}",35091,352,28,1,08,21
26061,26260,BREN,DROME,RHONE-ALPES,"Commune simple",288.0,1113.0,0.5,"45.1431766661, 4.94152540117","{""type"": ""Polygon"", ""coordinates"": [[[4.954264780995797, 45.12702520875693], [4.93531930523219, 45.13067908479861], [4.907001087966343, 45.144253607451354], [4.913944396159135, 45.154492446560255], [4.922054535270782, 45.15675784109015], [4.953638320237885, 45.14986848648981], [4.963884261909607, 45.15601143171889], [4.972027331385815, 45.153012617336415], [4.974485365899671, 45.151248824180456], [4.958618513950684, 45.12818276390239], [4.954264780995797, 45.12702520875693]]]}",33029,061,23,3,26,82
82030,82100,CASTELFERRUS,TARN-ET-GARONNE,MIDI-PYRENEES,"Commune simple",101.0,836.0,0.4,"44.0050177844, 1.09114738889","{""type"": ""Polygon"", ""coordinates"": [[[1.111928877725118, 43.99870783927653], [1.098790496382991, 43.99814713838162], [1.096261244577278, 43.99172937137704], [1.088521967237567, 43.988623539638375], [1.068042990662669, 43.99575376078485], [1.068648172231197, 44.00512715788887], [1.08155148113974, 44.00937840314001], [1.091181126404933, 44.02166439301182], [1.09431452937345, 44.02794885465369], [1.099830621700284, 44.01969033785571], [1.110617950756891, 44.01342231936923], [1.111331500316101, 44.00055203583662], [1.111928877725118, 43.99870783927653]]]}",16357,030,21,1,82,73
65409,65140,SARRIAC-BIGORRE,HAUTES-PYRENEES,MIDI-PYRENEES,"Commune simple",216.0,1085.0,0.3,"43.3885175976, 0.117612400735","{""type"": ""Polygon"", ""coordinates"": [[[0.13841846552386, 43.37250452131989], [0.116439682805883, 43.372767187427044], [0.099576356240415, 43.37632243798017], [0.098341558705145, 43.38955873514469], [0.09374872512668, 43.394953963116926], [0.095514529792342, 43.402284326744336], [0.114465675074901, 43.404276551327264], [0.133141933089549, 43.402639220071016], [0.137784039536892, 43.39321067700663], [0.13841846552386, 43.37250452131989]]]}",33711,409,18,3,65,73
57227,57600,FORBACH,MOSELLE,LORRAINE,Sous-préfecture,244.0,1646.0,21.6,"49.1912650369, 6.89275798526","{""type"": ""Polygon"", ""coordinates"": [[[6.883773315927996, 49.17192268684237], [6.860935369142838, 49.17862543601396], [6.850139922956576, 49.19351702647305], [6.884807711363721, 49.211107646186015], [6.894287742459821, 49.21019838717747], [6.921955170862855, 49.20237848701697], [6.911898973937768, 49.195468572130245], [6.916105626288324, 49.18971493687186], [6.945526714243371, 49.20146434820169], [6.943596953071266, 49.1912928470265], [6.930367887173515, 49.18564948830019], [6.913207978039618, 49.17773821545251], [6.892498552751703, 49.17567340010839], [6.883773315927996, 49.17192268684237]]]}",29641,227,98,3,57,41
88532,88330,ZINCOURT,VOSGES,LORRAINE,"Commune simple",355.0,455.0,0.1,"48.3089875469, 6.44246020697","{""type"": ""Polygon"", ""coordinates"": [[[6.465540729945631, 48.30202362084436], [6.452269933205732, 48.2999351011754], [6.445338757381378, 48.303955689195725], [6.42650534158753, 48.30100854857013], [6.422188862140288, 48.30832007219192], [6.428102357625302, 48.317865972471395], [6.43677230769532, 48.320991574654066], [6.451463500121401, 48.312341666330674], [6.465625419328084, 48.30966715842107], [6.465540729945631, 48.30202362084436]]]}",15442,532,06,1,88,41
2B112,20225,FELICETO,HAUTE-CORSE,CORSE,"Commune simple",536.0,1531.0,0.2,"42.5493282775, 8.93994072673","{""type"": ""Polygon"", ""coordinates"": [[[8.939586594573438, 42.515944066213954], [8.932348167445078, 42.51965582730874], [8.934460841255719, 42.52999548862036], [8.923043348643414, 42.54058320883549], [8.930305415023868, 42.55300784612519], [8.91708047127405, 42.571547602949266], [8.918838945077985, 42.574569277917725], [8.924742679767105, 42.58116519451485], [8.94180989535529, 42.583560415856205], [8.949151214553009, 42.58735242511416], [8.948747535578333, 42.57468104074978], [8.951721523908786, 42.57227023020375], [8.944673758716, 42.56344962989786], [8.944675633873082, 42.54350773888914], [8.965814503747607, 42.53086813909635], [8.961501692275514, 42.518136691578626], [8.939586594573438, 42.515944066213954]]]}",1924,112,05,5,2B,94
62229,62380,CLETY,PAS-DE-CALAIS,NORD-PAS-DE-CALAIS,"Commune simple",109.0,621.0,0.7,"50.6533415783, 2.18209813078","{""type"": ""Polygon"", ""coordinates"": [[[2.165640822945318, 50.637891701130876], [2.151888380863746, 50.64414362956098], [2.163582330551525, 50.651330817058124], [2.176251834084143, 50.66207714132046], [2.185780328913939, 50.6639438048197], [2.192275422853549, 50.66920924690509], [2.200800921736073, 50.665899024837806], [2.206379536367438, 50.65779505312355], [2.201583524260263, 50.653097610554624], [2.202335353026839, 50.64753824786587], [2.201954281781918, 50.64753579964896], [2.181017293362204, 50.64692383893653], [2.165640822945318, 50.637891701130876]]]}",24569,229,34,5,62,31
13113,13770,VENELLES,BOUCHES-DU-RHONE,"PROVENCE-ALPES-COTE D'AZUR","Commune simple",353.0,2052.0,8.1,"43.5928673895, 5.49138381609","{""type"": ""Polygon"", ""coordinates"": [[[5.493953579853799, 43.566651101424284], [5.465090468146154, 43.57632119718141], [5.463795498283422, 43.613645829396354], [5.476659735279534, 43.623480786818796], [5.489457831413342, 43.61342091800374], [5.51112358298165, 43.60680977285787], [5.534951212560478, 43.58139216648123], [5.506970708472813, 43.57670356681947], [5.493953579853799, 43.566651101424284]]]}",20026,113,01,1,13,93
39388,39210,NEVY-SUR-SEILLE,JURA,FRANCHE-COMTE,"Commune simple",380.0,649.0,0.2,"46.7343478982, 5.64536782346","{""type"": ""Polygon"", ""coordinates"": [[[5.625035027631481, 46.7257191518722], [5.624987003099985, 46.7260806125871], [5.625788568473151, 46.732629881511535], [5.617464154080136, 46.74096412544339], [5.621288263676351, 46.75040841118891], [5.644334575912869, 46.73839344401505], [5.680235149387822, 46.73537171241242], [5.678607947957809, 46.72709414733764], [5.658693490513074, 46.72575529499778], [5.644915494012376, 46.72880336785081], [5.641656263191126, 46.726175681549016], [5.625035027631481, 46.7257191518722]]]}",15401,388,32,2,39,43
55370,55500,NAIX-AUX-FORGES,MEUSE,LORRAINE,"Commune simple",299.0,633.0,0.2,"48.6330383742, 5.37144035596","{""type"": ""Polygon"", ""coordinates"": [[[5.363950838620377, 48.60961287143542], [5.349847032156509, 48.618594220089186], [5.357398883248966, 48.622629492005515], [5.359674640860843, 48.63215935911375], [5.365580692777121, 48.63727059552447], [5.359547098502754, 48.642276688796876], [5.384022042129777, 48.652822057924205], [5.388252675770739, 48.64969568965976], [5.389231549836653, 48.63693349111995], [5.369514025470715, 48.620688187075295], [5.366864984656911, 48.61403654099925], [5.363950838620377, 48.60961287143542]]]}",15463,370,11,1,55,41
77472,77510,"LA TRETOIRE",SEINE-ET-MARNE,ILE-DE-FRANCE,"Commune simple",158.0,935.0,0.4,"48.8788972003, 3.24649489754","{""type"": ""Polygon"", ""coordinates"": [[[3.263055185617571, 48.86013039833001], [3.259309165565621, 48.86057024881892], [3.241702999216271, 48.86725307147086], [3.244555259355836, 48.87374931731964], [3.233638795616395, 48.88069579374489], [3.22369223795978, 48.88236051808495], [3.220215560165089, 48.876008869658826], [3.205444834523404, 48.87816648831368], [3.209080611692384, 48.887198187245005], [3.213742002029173, 48.88660541231621], [3.216602291933175, 48.89233779035611], [3.235819249747731, 48.889468703602134], [3.239815274264353, 48.89544108453154], [3.2480575283401, 48.887744300798225], [3.271818988756862, 48.88621786316362], [3.278276272462096, 48.87734486576234], [3.263055185617571, 48.86013039833001]]]}",1328,472,26,3,77,11
26156,26600,LARNAGE,DROME,RHONE-ALPES,"Commune simple",241.0,918.0,1.0,"45.0989410685, 4.86289979161","{""type"": ""Polygon"", ""coordinates"": [[[4.865628416042843, 45.07457623445271], [4.856293185108819, 45.08054129496599], [4.846527210921207, 45.10548024479039], [4.861257931360995, 45.12621146490631], [4.86678679263292, 45.126047000528246], [4.870535669463687, 45.10615176786314], [4.874793163422429, 45.09657836636984], [4.879215523043425, 45.09536006641519], [4.878828076777147, 45.084964077539404], [4.865628416042843, 45.07457623445271]]]}",28249,156,28,3,26,82
02522,02360,MONT-SAINT-JEAN,AISNE,PICARDIE,"Commune simple",234.0,400.0,0.1,"49.7932196838, 4.21125667983","{""type"": ""Polygon"", ""coordinates"": [[[4.209941762159469, 49.782046658195355], [4.194099821924497, 49.785257890549175], [4.201882386466887, 49.79989055928994], [4.214773919519488, 49.80611548434057], [4.219523227919618, 49.804998850506514], [4.227042058462326, 49.79318854003834], [4.2227914039773, 49.787246902633726], [4.209941762159469, 49.782046658195355]]]}",28272,522,02,5,02,22
55208,55110,GESNES-EN-ARGONNE,MEUSE,LORRAINE,"Commune simple",210.0,704.0,0.0,"49.3059315656, 5.05548499562","{""type"": ""Polygon"", ""coordinates"": [[[5.056636524769054, 49.29336474164514], [5.041740786668386, 49.29669303010216], [5.030793919262402, 49.30817200790028], [5.030346413271668, 49.311479677860866], [5.038138641314545, 49.31620418874252], [5.048038931788681, 49.31751140648367], [5.076981051367929, 49.31070448043061], [5.087398265755027, 49.31084856164074], [5.071180557171598, 49.29742344069212], [5.056636524769054, 49.29336474164514]]]}",31815,208,12,3,55,41
16253,16240,PAIZAY-NAUDOUIN-EMBOURIE,CHARENTE,POITOU-CHARENTES,"Commune simple",104.0,2568.0,0.4,"46.0339157698, 0.00154860718916","{""type"": ""Polygon"", ""coordinates"": [[[0.019291369468366, 46.01265776473342], [0.01279108550536, 46.00494401404113], [0.004242570411941, 46.00519582707023], [0.006283180504486, 46.008331681667045], [-0.012283065877878, 46.00919115333224], [-0.02715182598029, 46.01804959811234], [-0.045362835103904, 46.01405598008706], [-0.045519502803675, 46.02062123975871], [-0.031190682574126, 46.02186162810209], [-0.022683672577803, 46.02994696245199], [-0.036759238031694, 46.04328622073673], [-0.03950232950808, 46.05310741023332], [-0.026206961493681, 46.056346815859754], [-0.002563120952773, 46.05547961523195], [0.004891855072131, 46.059524688753775], [0.019143541819399, 46.05284443085794], [0.032416362846443, 46.04313609244856], [0.057006358894525, 46.045246090742005], [0.057284281446081, 46.040297163476254], [0.048008298992305, 46.03231530014889], [0.028983034221097, 46.02861005333995], [0.019291369468366, 46.01265776473342]]]}",31942,253,29,3,16,54
62872,62770,WAMIN,PAS-DE-CALAIS,NORD-PAS-DE-CALAIS,"Commune simple",98.0,718.0,0.2,"50.4153161017, 2.06205464514","{""type"": ""Polygon"", ""coordinates"": [[[2.060294736389781, 50.39702878803488], [2.051354966800355, 50.40561516659276], [2.041099973643611, 50.407098148107224], [2.04120645249914, 50.412584423470015], [2.029718456878025, 50.41891385089989], [2.033169803726031, 50.42139181301333], [2.053224833511723, 50.41976051863311], [2.055077757239788, 50.42286301416638], [2.069622999981656, 50.42739033660865], [2.0826523780902, 50.43735397306445], [2.087610244167065, 50.424373295378466], [2.074192970706422, 50.41883307815124], [2.072972505636646, 50.4019008291029], [2.076168824707989, 50.39917753811754], [2.060294736389781, 50.39702878803488]]]}",33407,872,39,4,62,31
82185,82150,VALEILLES,TARN-ET-GARONNE,MIDI-PYRENEES,"Commune simple",161.0,1386.0,0.2,"44.3624095008, 0.915058269132","{""type"": ""Polygon"", ""coordinates"": [[[0.939972288402593, 44.34029590602388], [0.914649133194923, 44.34890446462711], [0.896113168567182, 44.34622833470226], [0.892010697762204, 44.349913787878734], [0.893362896026825, 44.356071935503934], [0.887319967737864, 44.36464572085595], [0.893958952584017, 44.37312045715854], [0.898592478050524, 44.38121433721947], [0.910845704020187, 44.382960383319315], [0.919845413508093, 44.38441850243353], [0.923646721086344, 44.378006813326635], [0.937285229525952, 44.3686101751663], [0.941253551547845, 44.34439896753952], [0.939972288402593, 44.34029590602388]]]}",15622,185,14,1,82,73
91332,91630,LEUDEVILLE,ESSONNE,ILE-DE-FRANCE,"Commune simple",80.0,782.0,1.4,"48.5707254105, 2.32774257442","{""type"": ""Polygon"", ""coordinates"": [[[2.34275603831907, 48.55283088682573], [2.339449314507138, 48.55501655005188], [2.317022752922143, 48.552919794214965], [2.312614467622999, 48.56255593463806], [2.313281782316677, 48.57575656826309], [2.316867985207582, 48.58559148900522], [2.326590094046657, 48.5929423269166], [2.338445908821838, 48.5904990451477], [2.336501928392555, 48.57482681782231], [2.3476312663028, 48.5574186122362], [2.34275603831907, 48.55283088682573]]]}",8192,332,04,3,91,11
55507,55210,THILLOT,MEUSE,LORRAINE,"Commune simple",307.0,366.0,0.2,"49.0250512589, 5.66665859799","{""type"": ""Polygon"", ""coordinates"": [[[5.648485440450712, 49.01262793627168], [5.657910961769673, 49.03109715522778], [5.671541749859168, 49.03540997184531], [5.681396715239231, 49.03466843911224], [5.68393214665745, 49.03289336817464], [5.680115845226122, 49.02337887615108], [5.66343416211074, 49.01554498732985], [5.648485440450712, 49.01262793627168]]]}",31792,507,09,3,55,41
46183,46160,MARCILHAC-SUR-CELE,LOT,MIDI-PYRENEES,"Commune simple",270.0,2684.0,0.2,"44.5442171606, 1.77401104203","{""type"": ""Polygon"", ""coordinates"": [[[1.777485640093462, 44.51007147616502], [1.771602969306727, 44.51559718855824], [1.752979289289152, 44.51220112199241], [1.746122918913649, 44.516120909070516], [1.750281945550722, 44.522083293999465], [1.745680991567309, 44.528090378319774], [1.748715374722414, 44.54849058455778], [1.745510926008296, 44.55104722526637], [1.752521129348654, 44.563722539548564], [1.754538933307083, 44.57729564226853], [1.77355169053696, 44.587547322164596], [1.774754497032991, 44.58669632483924], [1.77397409286032, 44.5762255469834], [1.779640451090873, 44.56292710672035], [1.797834194202317, 44.55839084273441], [1.804228403320405, 44.55317526921226], [1.808292006451324, 44.55512791727987], [1.812521185760194, 44.549222248196706], [1.813434137521046, 44.535736064888056], [1.792773632119855, 44.527102944488966], [1.777485640093462, 44.51007147616502]]]}",30971,183,04,2,46,73
51151,51120,CHICHEY,MARNE,CHAMPAGNE-ARDENNE,"Commune simple",102.0,747.0,0.2,"48.6829470295, 3.75431338999","{""type"": ""Polygon"", ""coordinates"": [[[3.770105653297079, 48.67274770650399], [3.750078520271773, 48.670302800622395], [3.729903025446951, 48.67265880406992], [3.736105804825824, 48.69070955856125], [3.745270542890681, 48.689339382722665], [3.749278617618328, 48.69504402441436], [3.756699093651615, 48.700798870389434], [3.776309958724156, 48.68813393877284], [3.776524205985716, 48.68152122393011], [3.770105653297079, 48.67274770650399]]]}",29552,151,25,2,51,21
89344,89170,SAINT-FARGEAU,YONNE,BOURGOGNE,"Chef-lieu canton",231.0,6898.0,1.8,"47.6424423236, 3.08488500512","{""type"": ""Polygon"", ""coordinates"": [[[3.071969073050004, 47.57956239685048], [3.064396299109873, 47.587793947256216], [3.041903918919944, 47.5959682717583], [3.04466926630099, 47.60886588742451], [3.025882570631532, 47.62414639517454], [3.023317317510146, 47.63413806888161], [3.037462693103849, 47.638661886044446], [3.069907193019369, 47.66096027728901], [3.072098699297319, 47.685477171761065], [3.062889624585062, 47.698083505320234], [3.067836524089838, 47.698494772910244], [3.05913037295643, 47.71057839101541], [3.061560853781781, 47.71351134243578], [3.071432480211299, 47.71551286974261], [3.096340596091224, 47.71261481245446], [3.113822941397695, 47.70571361368178], [3.13414861310703, 47.696682378489314], [3.135553790318491, 47.69352150506593], [3.12436734690276, 47.687215414273446], [3.125578383740744, 47.68071556164788], [3.106469453157239, 47.675910095794876], [3.09919745300975, 47.67119106198477], [3.099937866871226, 47.653854753082584], [3.106739971097961, 47.644604777912285], [3.114935584031186, 47.6404205545129], [3.119981655550542, 47.639749408996025], [3.12679908533319, 47.644773751888735], [3.137729560611672, 47.63782162512424], [3.133640868103936, 47.632416769221635], [3.140006186441561, 47.62741374141459], [3.115647934125017, 47.60653987498697], [3.119152644330932, 47.596518062090354], [3.11158109149271, 47.583896849548424], [3.097925202723849, 47.587923653216], [3.088024693313901, 47.58698641194406], [3.071969073050004, 47.57956239685048]]]}",10258,344,24,1,89,26
17115,17460,COLOMBIERS,CHARENTE-MARITIME,POITOU-CHARENTES,"Commune simple",19.0,723.0,0.3,"45.6427817429, -0.555075273986","{""type"": ""Polygon"", ""coordinates"": [[[-0.53825933771167, 45.63145560812906], [-0.571651816062123, 45.62847116650553], [-0.57602674640923, 45.63454282153615], [-0.552140152996515, 45.666974667064885], [-0.536466905068202, 45.63819123807077], [-0.53825933771167, 45.63145560812906]]]}",20803,115,51,4,17,54
78297,78280,GUYANCOURT,YVELINES,ILE-DE-FRANCE,"Commune simple",156.0,1325.0,28.2,"48.7730783892, 2.07605207737","{""type"": ""Polygon"", ""coordinates"": [[[2.101493757164682, 48.75649129993281], [2.08823789471731, 48.752936893594246], [2.07858975186495, 48.753924202942734], [2.068432941986947, 48.75671468969072], [2.053735529899987, 48.76751858741471], [2.055380118501552, 48.770625730194375], [2.046455004967806, 48.77353201029189], [2.044366015178146, 48.77985644398854], [2.053611708429214, 48.794608915730564], [2.070251387007021, 48.78981062262139], [2.105472174907891, 48.78074332208332], [2.101493757164682, 48.75649129993281]]]}",20935,297,28,4,78,11
72200,72230,MONCE-EN-BELIN,SARTHE,"PAYS DE LA LOIRE","Commune simple",50.0,1757.0,3.4,"47.8982351133, 0.196356138911","{""type"": ""Polygon"", ""coordinates"": [[[0.173286792451147, 47.87052553283975], [0.166228555333013, 47.871616024951045], [0.173679375505873, 47.87622651363471], [0.172684305716612, 47.87957961932404], [0.162253362970675, 47.89115208653624], [0.162458186799849, 47.90084695359053], [0.153804606674416, 47.90363626487941], [0.169029719295842, 47.910713474817335], [0.18266741010143, 47.907142231079014], [0.197187429205815, 47.915990782419776], [0.207189763548316, 47.91658033239752], [0.219544596158471, 47.92238470033344], [0.225698221487601, 47.917946645829154], [0.232845909541671, 47.89571049310978], [0.237689090718126, 47.89527526455668], [0.231926228190178, 47.88946618953385], [0.221871859120854, 47.889453729109604], [0.192399724145886, 47.88216933813318], [0.173286792451147, 47.87052553283975]]]}",16999,200,09,3,72,52
01341,01300,SAINT-CHAMP,AIN,RHONE-ALPES,"Commune simple",355.0,517.0,0.1,"45.7825741014, 5.7326531461","{""type"": ""Polygon"", ""coordinates"": [[[5.747722390025893, 45.76845652005808], [5.736200673374497, 45.76925923123064], [5.724740580536676, 45.776015047621776], [5.712547183086887, 45.79070724627655], [5.733966735936471, 45.79565950910777], [5.741454222537604, 45.79106278418407], [5.745813175639492, 45.781072441101685], [5.747722390025893, 45.76845652005808]]]}",11058,341,04,1,01,82
27122,27420,CAHAIGNES,EURE,HAUTE-NORMANDIE,"Commune simple",116.0,956.0,0.4,"49.2081399369, 1.60838724784","{""type"": ""Polygon"", ""coordinates"": [[[1.580247037195491, 49.19017094233485], [1.580943879033463, 49.1937758669919], [1.588433836606826, 49.19834174316713], [1.588254799629475, 49.21848087427541], [1.584049505738931, 49.22468064380691], [1.591259642267311, 49.228100947322005], [1.599192671787703, 49.226664845774685], [1.639399430094565, 49.204376971564194], [1.634115452578894, 49.19401280350686], [1.628628212538101, 49.192952389129154], [1.618493551961554, 49.19280062648844], [1.607905388325205, 49.19981814034568], [1.597775027735555, 49.200977484975525], [1.584969437887128, 49.1905592041684], [1.580247037195491, 49.19017094233485]]]}",13905,122,14,1,27,23
50391,50600,PARIGNY,MANCHE,BASSE-NORMANDIE,"Commune simple",88.0,1184.0,1.8,"48.5937472635, -1.08234718807","{""type"": ""Polygon"", ""coordinates"": [[[-1.050572142636693, 48.5821330873456], [-1.056812560183053, 48.58225360618503], [-1.111059034921296, 48.58188564154139], [-1.117282821440529, 48.59111018575476], [-1.117274697017025, 48.6011898192214], [-1.101795004178301, 48.601220217365274], [-1.089994618788585, 48.6074902674776], [-1.075422641852007, 48.60367593838389], [-1.07101856568808, 48.605547102509945], [-1.061327325626311, 48.6073735297136], [-1.043162167739679, 48.60202066208799], [-1.056802697248307, 48.59316162401275], [-1.050572142636693, 48.5821330873456]]]}",4525,391,32,1,50,25
57062,57570,BERG-SUR-MOSELLE,MOSELLE,LORRAINE,"Commune simple",170.0,295.0,0.4,"49.4347777081, 6.31144547502","{""type"": ""Polygon"", ""coordinates"": [[[6.320702976112108, 49.42407835299462], [6.312119752877464, 49.422712343948994], [6.306336012570341, 49.430787043923026], [6.301788653270584, 49.429993631552115], [6.298348118367255, 49.43527811376237], [6.300782738474929, 49.443128088547205], [6.309555613029961, 49.4446067161621], [6.322125659404783, 49.44163552487847], [6.320702976112108, 49.42407835299462]]]}",23685,062,05,7,57,41
50452,50730,SAINT-BRICE-DE-LANDELLES,MANCHE,BASSE-NORMANDIE,"Commune simple",157.0,1540.0,0.7,"48.5412096046, -1.13243584408","{""type"": ""Polygon"", ""coordinates"": [[[-1.117276953957007, 48.52165159591016], [-1.132158737940895, 48.52172925328265], [-1.145708685507755, 48.51765373365012], [-1.161974839042914, 48.52424631504262], [-1.166724020389757, 48.53007928967536], [-1.149447184215542, 48.54586271873027], [-1.148720951994747, 48.555706780995074], [-1.141569491737171, 48.560334061587895], [-1.138140030166763, 48.56261540165411], [-1.119720096570958, 48.56014762519936], [-1.116055265299473, 48.565661208072875], [-1.101083710321699, 48.565980538377154], [-1.098520814427161, 48.55959247433081], [-1.10778059978178, 48.55654345889952], [-1.111874245493663, 48.550267616370235], [-1.1072230402436, 48.54061000185368], [-1.114866265733516, 48.531706953612854], [-1.117276953957007, 48.52165159591016]]]}",12631,452,32,1,50,25
31012,31160,ARBON,HAUTE-GARONNE,MIDI-PYRENEES,"Commune simple",702.0,453.0,0.1,"43.000904094, 0.731075064686","{""type"": ""Polygon"", ""coordinates"": [[[0.75046920693447, 42.992094438955284], [0.712220493652787, 42.99605601918888], [0.71078216863723, 43.00236845776157], [0.721998823786719, 43.011405924219176], [0.746988680592893, 43.00469849278085], [0.751089276191723, 42.998855208882084], [0.75046920693447, 42.992094438955284]]]}",26465,012,01,2,31,73
38005,38114,ALLEMOND,ISERE,RHONE-ALPES,"Commune simple",1764.0,5652.0,0.9,"45.1710812431, 6.01841266014","{""type"": ""Polygon"", ""coordinates"": [[[6.021191642936782, 45.11626400606674], [6.008152159538035, 45.120608337688246], [5.978659847441521, 45.119580151145186], [5.971953563525139, 45.132274618912945], [5.9765036181888, 45.15221057179196], [5.959229881946351, 45.1568960785136], [5.987512305544708, 45.16827943845649], [5.991144863363571, 45.17046179305178], [5.988952972969948, 45.187100049804066], [6.00198647650656, 45.20720453296137], [6.027742593326234, 45.21626776883194], [6.04042778474451, 45.23872074177391], [6.053777712913295, 45.23678867767139], [6.062290690203755, 45.229004378645755], [6.076113177428992, 45.23060697662333], [6.075423668223812, 45.22041641174015], [6.062930403887946, 45.20930678845671], [6.049020199157367, 45.20622732558521], [6.038758591129382, 45.19007128205581], [6.047621963473605, 45.14469432083666], [6.047325692977399, 45.13109614396337], [6.022722609339779, 45.11962851720548], [6.021191642936782, 45.11626400606674]]]}",3678,005,03,1,38,82
12184,12130,POMAYROLS,AVEYRON,MIDI-PYRENEES,"Commune simple",829.0,2320.0,0.1,"44.4867594811, 3.05866574301","{""type"": ""Polygon"", ""coordinates"": [[[3.099559639543588, 44.48042961666507], [3.087396950462623, 44.46171566041762], [3.082907547424201, 44.46033281802969], [3.066726941877022, 44.46774345884576], [3.047394199389026, 44.46950886017061], [3.022301288742143, 44.46853556791276], [3.01591748944398, 44.476935588295525], [3.027011681461706, 44.48688973802015], [3.035132224878429, 44.50216407673626], [3.057676887877546, 44.51809748773381], [3.076224925610072, 44.51946357743899], [3.06893177860035, 44.50270627181677], [3.099559639543588, 44.48042961666507]]]}",7329,184,34,2,12,73
68170,68510,KOETZINGUE,HAUT-RHIN,ALSACE,"Commune simple",316.0,518.0,0.6,"47.6485508091, 7.39253593441","{""type"": ""Polygon"", ""coordinates"": [[[7.381914058574219, 47.629975999603126], [7.370510437895826, 47.63077326520223], [7.368624082363882, 47.6333049392005], [7.3736511873671, 47.63914755294597], [7.38593603483757, 47.644176600395646], [7.384258813739944, 47.6609260110209], [7.394457484367643, 47.66372484776979], [7.398091103826043, 47.664741941228186], [7.399923907207375, 47.66204957281897], [7.412773053406187, 47.66058204600964], [7.410240137250412, 47.64884110669829], [7.39597346996639, 47.641175663443505], [7.388172465885557, 47.637962424262156], [7.381914058574219, 47.629975999603126]]]}",31679,170,13,4,68,42
77353,77710,PALEY,SEINE-ET-MARNE,ILE-DE-FRANCE,"Commune simple",119.0,927.0,0.4,"48.2409902344, 2.85393444453","{""type"": ""Polygon"", ""coordinates"": [[[2.85638449396412, 48.22154746056545], [2.828943957577241, 48.23377487415977], [2.836928793917196, 48.25173650259403], [2.859954635411102, 48.256318797913345], [2.883810077782031, 48.25313250937412], [2.87252416099221, 48.245760831051825], [2.871687062399417, 48.23546658925016], [2.85638449396412, 48.22154746056545]]]}",31807,353,16,4,77,11
54531,54115,TRAMONT-SAINT-ANDRE,MEURTHE-ET-MOSELLE,LORRAINE,"Commune simple",420.0,701.0,0.1,"48.4143611906, 5.92748990163","{""type"": ""Polygon"", ""coordinates"": [[[5.92768953737842, 48.39368622836489], [5.920502869008213, 48.40107477972811], [5.910254587918657, 48.40571116465759], [5.909870072103233, 48.41927857688103], [5.914454197901986, 48.42511670179568], [5.924507407640544, 48.42493221681219], [5.931327153360621, 48.43394649806304], [5.942222899737389, 48.43041775290865], [5.941102044772357, 48.40073648399822], [5.93306823857973, 48.40092655696772], [5.92768953737842, 48.39368622836489]]]}",18476,531,10,4,54,41
08005,08310,ALINCOURT,ARDENNES,CHAMPAGNE-ARDENNE,"Commune simple",110.0,898.0,0.1,"49.4030540812, 4.34518271318","{""type"": ""Polygon"", ""coordinates"": [[[4.337070968943889, 49.37603031958772], [4.328072599122557, 49.383743887490034], [4.324834493294802, 49.39009022642319], [4.332338605743151, 49.39908741553935], [4.336306290131536, 49.41876680802032], [4.340615097365101, 49.42072381201456], [4.3574295554178, 49.42553455245007], [4.366502192625029, 49.42362557869158], [4.365257425662411, 49.40993952524949], [4.357101457059462, 49.40576119464451], [4.342288787276016, 49.37654786543936], [4.337070968943889, 49.37603031958772]]]}",18015,005,13,2,08,21
86083,86600,COULOMBIERS,VIENNE,POITOU-CHARENTES,"Commune simple",149.0,2839.0,1.1,"46.4939416192, 0.173468544553","{""type"": ""Polygon"", ""coordinates"": [[[0.180757492371476, 46.458901703187244], [0.162833367540081, 46.46761238130547], [0.136582555701314, 46.47681480125645], [0.124342183188977, 46.48658110035667], [0.139908341554835, 46.510633112229364], [0.164101049046876, 46.51019061717444], [0.179279404288897, 46.518999704261574], [0.206639847987856, 46.517418877714725], [0.216637698660612, 46.51051771043881], [0.224143720964032, 46.49868980341816], [0.223231778005538, 46.49174791340078], [0.189991047293459, 46.48441200244294], [0.181103953915325, 46.47238063886803], [0.180757492371476, 46.458901703187244]]]}",18799,083,13,3,86,54
80217,80560,COURCELLES-AU-BOIS,SOMME,PICARDIE,"Commune simple",145.0,202.0,0.1,"50.1053551298, 2.58253392704","{""type"": ""Polygon"", ""coordinates"": [[[2.579696545572135, 50.096101118004896], [2.572186207864817, 50.10428385120557], [2.575671345606347, 50.113330778334884], [2.588951659989191, 50.11178633397384], [2.592903995098939, 50.10655463708482], [2.592098870005908, 50.100741259833576], [2.583408956865928, 50.097963875878406], [2.579696545572135, 50.096101118004896]]]}",18725,217,03,2,80,22
88178,88390,"LES FORGES",VOSGES,LORRAINE,"Commune simple",392.0,713.0,2.0,"48.1741009387, 6.39516848095","{""type"": ""Polygon"", ""coordinates"": [[[6.388686819812572, 48.15926276198957], [6.386943014129511, 48.1620868338239], [6.374847552246363, 48.16472113986607], [6.375584745609483, 48.17709274833057], [6.386157351002156, 48.18467932971695], [6.410723242032143, 48.19010520755129], [6.41499305186703, 48.188648784222046], [6.407237510054051, 48.16198869549762], [6.403127533171456, 48.1598377034883], [6.388686819812572, 48.15926276198957]]]}",25368,178,30,1,88,41
09332,09340,VERNIOLLE,ARIEGE,MIDI-PYRENEES,"Commune simple",329.0,1144.0,2.3,"43.0809118963, 1.6610092477","{""type"": ""Polygon"", ""coordinates"": [[[1.663789737033559, 43.064319668057365], [1.629350139043475, 43.07427642200115], [1.637616728201759, 43.09215627727071], [1.646816906901251, 43.093963381318375], [1.679302635782696, 43.090948251204715], [1.693308181526892, 43.09307103747503], [1.689851487141381, 43.086903203469625], [1.692889286123674, 43.08064337823141], [1.688562919669491, 43.07552644094683], [1.664809739211256, 43.06743567957478], [1.663789737033559, 43.064319668057365]]]}",23370,332,19,2,09,73
76369,76690,"LA HOUSSAYE-BERANGER",SEINE-MARITIME,HAUTE-NORMANDIE,"Commune simple",166.0,805.0,0.5,"49.629530026, 1.08374590785","{""type"": ""Polygon"", ""coordinates"": [[[1.08927477155366, 49.61173318862005], [1.080370458776759, 49.61013661701588], [1.067960981954178, 49.6222906848839], [1.074407562246856, 49.62711213520396], [1.057785434296914, 49.63815552146275], [1.082915140691465, 49.64642844945422], [1.103865471643687, 49.637651578881176], [1.100066703943331, 49.62961034044612], [1.104533754083026, 49.62893402701375], [1.091538023296689, 49.612622706512035], [1.08927477155366, 49.61173318862005]]]}",30691,369,11,3,76,23
74220,74930,REIGNIER-ESERY,HAUTE-SAVOIE,RHONE-ALPES,"Chef-lieu canton",532.0,2500.0,6.6,"46.1353479879, 6.26126122824","{""type"": ""Polygon"", ""coordinates"": [[[6.227911686213957, 46.10995804622357], [6.217016141497404, 46.111538223240444], [6.220831282493847, 46.125101775132514], [6.229846139819362, 46.13732778920423], [6.223170044948038, 46.14241125581791], [6.231194815628463, 46.15758536316577], [6.241845644736458, 46.163563502363715], [6.262126007722, 46.149950670941195], [6.280503490599814, 46.15216105581559], [6.289680290309226, 46.1499217888783], [6.301727759637361, 46.14497560837128], [6.312099733232415, 46.13400235236876], [6.306174398546528, 46.1247387101786], [6.290090711114534, 46.1172028167617], [6.275456150812378, 46.11563437641035], [6.263203277505638, 46.12599134842192], [6.251386030983198, 46.119931600996544], [6.241588156362434, 46.11927458888775], [6.227911686213957, 46.10995804622357]]]}",10938,220,16,3,74,82
09141,09800,ILLARTEIN,ARIEGE,MIDI-PYRENEES,"Commune simple",872.0,396.0,0.1,"42.9224446922, 0.954341364793","{""type"": ""Polygon"", ""coordinates"": [[[0.943121969927627, 42.8994146076647], [0.939295915539585, 42.901032447229426], [0.949766830355212, 42.92051984192087], [0.948688419118766, 42.927480065774915], [0.95336349582555, 42.93723087914291], [0.950520791667029, 42.940064410191134], [0.965609733789462, 42.93890280210543], [0.969245914119663, 42.93681256048838], [0.96731116749848, 42.9301819711093], [0.952151247368304, 42.913305694636506], [0.950338885444579, 42.899822478559344], [0.943121969927627, 42.8994146076647]]]}",23282,141,04,3,09,73
24476,24160,SAINT-PANTALY-D'EXCIDEUIL,DORDOGNE,AQUITAINE,"Commune simple",179.0,884.0,0.2,"45.31204529, 1.01148957185","{""type"": ""Polygon"", ""coordinates"": [[[1.029945383825071, 45.290900207188514], [1.001994726079925, 45.30455478726145], [0.991244053015601, 45.3117302428758], [0.987943967416535, 45.31827331804772], [0.997827056818054, 45.32889006908891], [1.016044059142347, 45.33010619631357], [1.024116577558857, 45.3113338059069], [1.037454548186712, 45.29435586090303], [1.029945383825071, 45.290900207188514]]]}",25916,476,11,3,24,72
41235,41170,SARGE-SUR-BRAYE,LOIR-ET-CHER,CENTRE,"Commune simple",135.0,4217.0,1.0,"47.9281548503, 0.863555438639","{""type"": ""Polygon"", ""coordinates"": [[[0.8926793560755, 47.89594142383146], [0.889739081481044, 47.89312471125553], [0.860186839228538, 47.89333694532275], [0.843588319225208, 47.90650169899793], [0.816836239503928, 47.89182740774997], [0.810550556050805, 47.90824005800653], [0.812220512757343, 47.92814984954816], [0.816348669743877, 47.93427663940976], [0.845192719252446, 47.94119225600659], [0.848377585411333, 47.94393345064319], [0.845574194917705, 47.95390213480908], [0.864037879468096, 47.95832637445943], [0.879174765555538, 47.97562429845125], [0.887869546398923, 47.978814649989594], [0.890810283180985, 47.96151964878468], [0.917035552318477, 47.94527869270437], [0.921819298073888, 47.946641757338014], [0.900077493446729, 47.93430873138621], [0.904490085062778, 47.92163073031916], [0.887469907291314, 47.90170866921601], [0.8926793560755, 47.89594142383146]]]}",1569,235,11,2,41,24
14629,14350,SAINT-MARTIN-DES-BESACES,CALVADOS,BASSE-NORMANDIE,"Commune simple",205.0,2231.0,1.2,"49.0087781555, -0.843694397486","{""type"": ""Polygon"", ""coordinates"": [[[-0.874827593390629, 48.977691440744216], [-0.883486239736738, 48.98136356300932], [-0.883902998358704, 48.99132540938728], [-0.889663283034562, 48.99663049179123], [-0.908418347494636, 48.99186118482968], [-0.909472115710981, 48.9985881497695], [-0.905113052660074, 49.011397388203335], [-0.895809241504616, 49.011069745203955], [-0.874585763103749, 49.01074891677251], [-0.860366585108779, 49.01516858201593], [-0.833864674103308, 49.01770200868425], [-0.812468417500495, 49.0172856238936], [-0.808350570763363, 49.01954997561409], [-0.824115447257244, 49.03306513138708], [-0.809612758508308, 49.0382345728494], [-0.792587477898179, 49.0319772288293], [-0.785138905440936, 49.0362813500231], [-0.783257557195622, 49.04258807038462], [-0.779580674282571, 49.04305499063551], [-0.787688533096633, 49.03125876051724], [-0.788180853714296, 49.02787642513513], [-0.783049049990132, 49.02752521506825], [-0.783179532227305, 49.02311905841284], [-0.779371564333909, 49.02101554654865], [-0.79398564425197, 49.01683634211351], [-0.797400732197617, 49.00664567718671], [-0.812191542654577, 48.99711994075957], [-0.836850503695023, 49.00143794215615], [-0.855818839228902, 48.996328159923216], [-0.866698783385087, 48.98901857718377], [-0.874827593390629, 48.977691440744216]]]}",2484,629,04,4,14,25
64459,64190,PRECHACQ-NAVARRENX,PYRENEES-ATLANTIQUES,AQUITAINE,"Commune simple",176.0,531.0,0.2,"43.2799895089, -0.705497036287","{""type"": ""Polygon"", ""coordinates"": [[[-0.702428520044664, 43.270117129953874], [-0.710862315706455, 43.27190786874208], [-0.718505250382224, 43.268880276735324], [-0.722749792017286, 43.269724619992054], [-0.722229068490174, 43.272921500758414], [-0.728538912258187, 43.28625717745407], [-0.711133383854994, 43.28148034470863], [-0.706018729195504, 43.290886594763315], [-0.697035989228432, 43.29230208677552], [-0.686618397878564, 43.285940100377395], [-0.687718536762732, 43.27654598568856], [-0.702428520044664, 43.270117129953874]]]}",21307,459,24,2,64,72
79239,79450,SAINT-AUBIN-LE-CLOUD,DEUX-SEVRES,POITOU-CHARENTES,"Commune simple",187.0,4197.0,1.8,"46.6572663301, -0.342791988653","{""type"": ""Polygon"", ""coordinates"": [[[-0.397585418899839, 46.62907313601263], [-0.429044013902545, 46.634796170717294], [-0.419614541444454, 46.63715094928518], [-0.392869972410811, 46.65707075436246], [-0.395129375079769, 46.66348386760992], [-0.390014225336985, 46.67318852012818], [-0.38641892143745, 46.67558394516197], [-0.377707879773169, 46.672154825816605], [-0.367962575133039, 46.67377536879465], [-0.354516094521456, 46.66953725763117], [-0.319299297785603, 46.68197171725332], [-0.309011840493807, 46.68936155704803], [-0.295477190740776, 46.692283654006545], [-0.28305649864008, 46.68137493400589], [-0.28400005716213, 46.66449550066415], [-0.27240527162487, 46.64933552357819], [-0.302113356081486, 46.646987322803334], [-0.338581827583474, 46.6354312775564], [-0.351887104850702, 46.63796278437625], [-0.397585418899839, 46.62907313601263]]]}",4797,239,29,3,79,54
29197,29780,PLOUHINEC,FINISTERE,BRETAGNE,"Commune simple",65.0,2778.0,4.2,"48.0137327427, -4.48457090531","{""type"": ""Polygon"", ""coordinates"": [[[-4.462473395585707, 47.985800255458294], [-4.472492720010589, 47.98552382471626], [-4.495013646276932, 47.999626056096396], [-4.536243282747384, 48.0112406794269], [-4.531807389103577, 48.0296418654008], [-4.530972163619695, 48.035408746005544], [-4.490844828454466, 48.03776847076903], [-4.481118048304205, 48.037421546004964], [-4.472254599953717, 48.028982880792654], [-4.461948539276484, 48.0291956372082], [-4.452989908428412, 48.02577857210952], [-4.445437137623592, 48.01330486120009], [-4.431566492340302, 48.00903193584275], [-4.43191808714198, 48.002338822457034], [-4.438279089731085, 47.997199127784064], [-4.462473395585707, 47.985800255458294]]]}",3456,197,33,4,29,53
22062,22230,GOMENE,COTES-D'ARMOR,BRETAGNE,"Commune simple",173.0,2562.0,0.6,"48.1798510762, -2.49181773591","{""type"": ""Polygon"", ""coordinates"": [[[-2.447034341542722, 48.17251947576405], [-2.455871833172239, 48.164489126888895], [-2.471085658261379, 48.16259316283925], [-2.485496282560796, 48.164908793381265], [-2.488354481183819, 48.15829939967655], [-2.493326964789068, 48.15737313744606], [-2.508633156619096, 48.15922924932961], [-2.534345715371638, 48.156941880500284], [-2.540737700752007, 48.168124358073676], [-2.538402898644677, 48.17375451710691], [-2.535495955472449, 48.18010601006851], [-2.497187850810923, 48.198170487351426], [-2.480087573028197, 48.21134131092227], [-2.459546491462274, 48.20988568646452], [-2.464251127499003, 48.192792350710434], [-2.453705603317638, 48.185523830110746], [-2.447034341542722, 48.17251947576405]]]}",14044,062,25,1,22,53
72290,72380,SAINT-JEAN-D'ASSE,SARTHE,"PAYS DE LA LOIRE","Commune simple",76.0,2129.0,1.4,"48.158356786, 0.121471172036","{""type"": ""Polygon"", ""coordinates"": [[[0.133679565520132, 48.131925887874964], [0.122436186396005, 48.12251261167963], [0.114034746969846, 48.12391901614334], [0.11790503281018, 48.133837446212915], [0.116174221326467, 48.1473105592417], [0.101179861070588, 48.14937412699387], [0.081233471194703, 48.147765650063924], [0.076605226496413, 48.15383703463806], [0.072777617169555, 48.16923857663028], [0.087579876378673, 48.171027548127526], [0.094194921096566, 48.17630501211315], [0.104229954632185, 48.17497596895768], [0.110853212987555, 48.16956477001608], [0.131569347818504, 48.170547421384576], [0.152108307701264, 48.18081418596384], [0.161501757994412, 48.18313837972071], [0.163444179270022, 48.186327412151364], [0.176740326852326, 48.17235717127707], [0.152860166918777, 48.16762356481657], [0.152075524730056, 48.15746612095856], [0.141284431194489, 48.15022692613066], [0.1414550104076, 48.140362509772345], [0.133679565520132, 48.131925887874964]]]}",4564,290,01,3,72,52
80264,80340,ECLUSIER-VAUX,SOMME,PICARDIE,"Commune simple",66.0,636.0,0.1,"49.9511135171, 2.79148931118","{""type"": ""Polygon"", ""coordinates"": [[[2.806295959181608, 49.962300710853484], [2.801205732563753, 49.95715452655656], [2.805106047441305, 49.93483876129588], [2.802821321123228, 49.93184380969325], [2.792508364027854, 49.93209623786194], [2.778602759452383, 49.94244701540217], [2.787640623249781, 49.94474465217329], [2.773860113245458, 49.957277725342024], [2.777871682406248, 49.96327643846398], [2.775185806617183, 49.96606509580685], [2.789226551340909, 49.96852432724483], [2.806295959181608, 49.962300710853484]]]}",20708,264,14,4,80,22
24181,24240,FLAUGEAC,DORDOGNE,AQUITAINE,"Commune simple",120.0,728.0,0.3,"44.7544183869, 0.440840093984","{""type"": ""Polygon"", ""coordinates"": [[[0.439180612839319, 44.73221736964558], [0.438811133809586, 44.74505385607552], [0.43420322948087, 44.75352262168257], [0.425841462382867, 44.75558059018667], [0.426607891337749, 44.76203900621263], [0.413947956397974, 44.76432049023482], [0.412415364983233, 44.770698351350994], [0.425765619741624, 44.7696671217873], [0.450788828787236, 44.766075014377954], [0.458367714382592, 44.7539355523205], [0.454085741314218, 44.73402930179413], [0.446086094054499, 44.73515121598893], [0.439180612839319, 44.73221736964558]]]}",27213,181,38,1,24,72
57757,57970,YUTZ,MOSELLE,LORRAINE,"Chef-lieu canton",166.0,1391.0,16.3,"49.3517848092, 6.20171929319","{""type"": ""Polygon"", ""coordinates"": [[[6.211414104624128, 49.328621012815866], [6.200601847349705, 49.33937990609671], [6.193920328618646, 49.33531051113167], [6.179125708931019, 49.33337083944227], [6.170428717030593, 49.33565962467014], [6.170383954199076, 49.33896241837535], [6.1667091430741, 49.348171936708], [6.178792016747477, 49.35274848493462], [6.186229905302268, 49.364805240428645], [6.20038189783396, 49.36800270423162], [6.206830751044957, 49.372905538970464], [6.204339697509209, 49.38557499529731], [6.209071069538825, 49.384324995272145], [6.221725244739194, 49.36654494968561], [6.234627905423703, 49.361423237634824], [6.220593524925386, 49.351740284816536], [6.221616694100092, 49.34144812877695], [6.22835907453285, 49.33610411045784], [6.216883896443023, 49.329806899747815], [6.211414104624128, 49.328621012815866]]]}",8645,757,38,7,57,41
29262,29400,SAINT-SAUVEUR,FINISTERE,BRETAGNE,"Commune simple",154.0,1330.0,0.8,"48.4485765331, -4.00036157147","{""type"": ""Polygon"", ""coordinates"": [[[-4.012316310183451, 48.42575332655419], [-4.020634006908398, 48.42868327957258], [-4.01938470654088, 48.431819262934084], [-4.026764737247063, 48.44019662276433], [-4.028377022927238, 48.45494956784536], [-4.018934205313521, 48.45439882174087], [-4.0171070966854, 48.463566065328514], [-4.007547623022018, 48.46560431414748], [-3.998254108515444, 48.462929593747376], [-3.986945446960211, 48.46936848867971], [-3.972832511740009, 48.465783905264466], [-3.977624483961694, 48.45771657121114], [-3.970019524705365, 48.450054281104926], [-3.980106874606173, 48.44251469725496], [-3.981711437216698, 48.43570957185766], [-4.010608504382595, 48.4290157201167], [-4.012316310183451, 48.42575332655419]]]}",31692,262,42,3,29,53
16089,16100,CHATEAUBERNARD,CHARENTE,POITOU-CHARENTES,"Commune simple",28.0,1338.0,3.9,"45.6720237128, -0.316074717824","{""type"": ""Polygon"", ""coordinates"": [[[-0.303892870974007, 45.65155269603316], [-0.325577387896402, 45.655267100888366], [-0.347170438971704, 45.65720459224845], [-0.341318857343526, 45.66885189983543], [-0.343910327952099, 45.674507154328396], [-0.329018106140386, 45.68319529653414], [-0.310568138164437, 45.68752467085047], [-0.301741743277404, 45.698860474394614], [-0.298360551918598, 45.6954355806107], [-0.287085030814819, 45.687059039732326], [-0.290427361223305, 45.68531209877361], [-0.303892870974007, 45.65155269603316]]]}",26964,089,33,2,16,54
80182,80410,CAYEUX-SUR-MER,SOMME,PICARDIE,"Commune simple",4.0,2753.0,2.8,"50.1760397062, 1.51571510783","{""type"": ""Polygon"", ""coordinates"": [[[1.493230242381404, 50.13850167697733], [1.484821026999564, 50.13977250743241], [1.480189771394449, 50.14881412905489], [1.468043041091951, 50.13907938765138], [1.483096844304551, 50.172669950119236], [1.505537140791721, 50.19657519838171], [1.545747822964243, 50.21413943625896], [1.556086092209263, 50.21627294888144], [1.56805537271473, 50.216691233819766], [1.559371943426738, 50.2109767091341], [1.547282935953989, 50.184519397421425], [1.536558974172933, 50.172240213575506], [1.53580309399133, 50.15821976779175], [1.526517481911791, 50.15445318546473], [1.493230242381404, 50.13850167697733]]]}",12654,182,40,1,80,22
11235,11580,MISSEGRE,AUDE,LANGUEDOC-ROUSSILLON,"Commune simple",669.0,748.0,0.1,"43.0021750779, 2.37277504963","{""type"": ""Polygon"", ""coordinates"": [[[2.360251301017083, 42.989745229615636], [2.355530462970635, 42.99452867244006], [2.353757141236629, 43.00632683797618], [2.365106661995335, 43.01734890417241], [2.379280225540064, 43.01691894517751], [2.380746810190192, 43.010433845279636], [2.392465307158039, 43.00436689492215], [2.394826897451711, 42.994136366701206], [2.382576482810754, 42.990541230014735], [2.360251301017083, 42.989745229615636]]]}",35424,235,13,2,11,91
21456,21500,NOGENT-LES-MONTBARD,COTE-D'OR,BOURGOGNE,"Commune simple",289.0,644.0,0.1,"47.6042846627, 4.36951243241","{""type"": ""Polygon"", ""coordinates"": [[[4.367008637793436, 47.58555805613024], [4.351412209027069, 47.60391574790692], [4.351202174050125, 47.612974627891205], [4.356423528701474, 47.618315535243944], [4.364837908894583, 47.61465253248416], [4.38469382420812, 47.614850873002645], [4.392498513618877, 47.60679084137381], [4.367008637793436, 47.58555805613024]]]}",18190,456,21,3,21,26
66220,66340,VALCEBOLLERE,PYRENEES-ORIENTALES,LANGUEDOC-ROUSSILLON,"Commune simple",1989.0,2619.0,0.0,"42.3803353633, 2.04302555825","{""type"": ""Polygon"", ""coordinates"": [[[2.02349649688789, 42.355226632106266], [2.022521849579531, 42.35626036702791], [2.018649858431068, 42.36963587139297], [2.006885702053493, 42.38427748383557], [2.006217765491016, 42.394338883325965], [2.012297949766384, 42.40341143666844], [2.03881908661626, 42.4088676681648], [2.089547573899639, 42.373717327526776], [2.08593313797516, 42.36374491295121], [2.076723690221192, 42.364375551393174], [2.059883328148548, 42.358628277265595], [2.02349649688789, 42.355226632106266]]]}",18920,220,13,3,66,91
55031,55170,BAUDONVILLIERS,MEUSE,LORRAINE,"Commune simple",193.0,302.0,0.4,"48.6886339013, 5.00566539287","{""type"": ""Polygon"", ""coordinates"": [[[5.007420189573944, 48.6800694238931], [4.988428019832932, 48.6844275539428], [4.990665292210595, 48.69072438766915], [5.006388436257636, 48.698855425737044], [5.022182610873369, 48.690427992445656], [5.020404621239961, 48.684510795441454], [5.007420189573944, 48.6800694238931]]]}",34650,031,01,1,55,41
71534,71330,"LE TARTRE",SAONE-ET-LOIRE,BOURGOGNE,"Commune simple",198.0,384.0,0.1,"46.7429466505, 5.35271245031","{""type"": ""Polygon"", ""coordinates"": [[[5.361726496761546, 46.73311378544474], [5.34157555850187, 46.7346075009964], [5.338472489074777, 46.73739116477518], [5.339296102301463, 46.745859925606695], [5.345021323665765, 46.74976973611804], [5.352907075280757, 46.75270720730852], [5.366759753706656, 46.75239555259151], [5.361726496761546, 46.73311378544474]]]}",19737,534,42,4,71,26
14643,14490,SAINT-PAUL-DU-VERNAY,CALVADOS,BASSE-NORMANDIE,"Commune simple",96.0,1557.0,0.7,"49.1967624116, -0.756637653868","{""type"": ""Polygon"", ""coordinates"": [[[-0.756370103275807, 49.168028351557126], [-0.77145411248737, 49.17139985869511], [-0.782725770828447, 49.17874175944672], [-0.771049866314962, 49.19636237826728], [-0.775777472538277, 49.20223557955447], [-0.775042066118414, 49.211916151475585], [-0.763874093262828, 49.22136502413588], [-0.762799152168562, 49.23000283851375], [-0.751809365245221, 49.225521477572926], [-0.747621547153462, 49.216282614756516], [-0.727945248519991, 49.2139681650238], [-0.724487497726443, 49.20811702800717], [-0.734159320941683, 49.20661148386075], [-0.742072999801521, 49.19866154052527], [-0.735638228461193, 49.18316463811577], [-0.756370103275807, 49.168028351557126]]]}",31996,643,02,1,14,25
97309,97354,REMIRE-MONTJOLY,GUYANE,GUYANE,"Chef-lieu canton",27.0,5114.0,18.9,"4.88437128593, -52.2788402688","{""type"": ""Polygon"", ""coordinates"": [[[-52.285203624599625, 4.84617676682323], [-52.29451770091779, 4.850925379712773], [-52.30142962230442, 4.863067697432101], [-52.30967438916755, 4.869554581884863], [-52.30909880884238, 4.879640113188842], [-52.31517165580079, 4.891195892356201], [-52.31629216323251, 4.897036298916163], [-52.30648172199841, 4.906407352371784], [-52.308712791647665, 4.912987239385871], [-52.308304718062544, 4.916433921213587], [-52.30583870418653, 4.918871678677565], [-52.29580093303118, 4.91816773309236], [-52.28017194598877, 4.931420868299677], [-52.25987223740228, 4.9118060243293], [-52.26261048541919, 4.905379273596377], [-52.261091914794875, 4.898625918509952], [-52.247563098940304, 4.887363722683559], [-52.23608831588659, 4.869910874063578], [-52.25521981003972, 4.84905499391764], [-52.26198741528068, 4.846953109918221], [-52.2792599491874, 4.850022877830697], [-52.285203624599625, 4.84617676682323]]]}",9,309,10,1,97,03
97608,97610,DZAOUDZI,MAYOTTE,MAYOTTE,"Préfecture de région",32.0,650.0,15.3,"-12.7791666355, 45.2822648358","{""type"": ""Polygon"", ""coordinates"": [[[45.27061390917621, -12.792747607006996], [45.25782528713331, -12.783934670096201], [45.26776071782058, -12.786963145922567], [45.27483359620611, -12.775453463533312], [45.28435363627726, -12.761418036208406], [45.29188821851794, -12.768191900454951], [45.29752287956288, -12.78079122305743], [45.2964579398932, -12.784065899615937], [45.27061390917621, -12.792747607006996]]]}",17,608,08,0,97,06
97234,97222,BELLEFONTAINE,MARTINIQUE,MARTINIQUE,"Commune simple",252.0,1181.0,1.4,"14.6763386824, -61.1469824012","{""type"": ""Polygon"", ""coordinates"": [[[-61.15397946122682, 14.65589911662816], [-61.167649402768426, 14.675302163052498], [-61.15454479204264, 14.69365269325891], [-61.145228114794534, 14.689782716349756], [-61.124548584337035, 14.69023102179705], [-61.13168562491459, 14.675214450337718], [-61.12994485831784, 14.669217773600453], [-61.15397946122682, 14.65589911662816]]]}",34,234,05,4,97,02
97605,97670,CHICONI,MAYOTTE,MAYOTTE,"Chef-lieu canton",87.0,825.0,6.4,"-12.821522233, 45.1132970298","{""type"": ""Polygon"", ""coordinates"": [[[45.119242138104426, -12.84042478416089], [45.10596967708049, -12.83601757892017], [45.101295864642765, -12.83219430952351], [45.10597062131502, -12.816249967709819], [45.100337198955884, -12.8082583104001], [45.09980935197049, -12.80160298146627], [45.122258320771905, -12.80772456213984], [45.125697524424105, -12.830718839298966], [45.12161029931968, -12.839854001778116], [45.119242138104426, -12.84042478416089]]]}",7,605,05,0,97,06
97204,97221,"LE CARBET",MARTINIQUE,MARTINIQUE,"Chef-lieu canton",160.0,1776.0,3.8,"14.7110039815, -61.1647565483","{""type"": ""Polygon"", ""coordinates"": [[[-61.167649402768426, 14.675302163052498], [-61.18404377401593, 14.705724593809382], [-61.184107832492515, 14.713696148624818], [-61.179280465602496, 14.732591709833363], [-61.169669609452455, 14.73367268284967], [-61.161271965706305, 14.729602558039435], [-61.155725565253064, 14.733236626299362], [-61.15083084189898, 14.728950027824487], [-61.12165426916226, 14.719271243914237], [-61.128691158799285, 14.720521119972696], [-61.155978943838655, 14.713040187530343], [-61.15870712050425, 14.70327441904769], [-61.15454479204264, 14.69365269325891], [-61.167649402768426, 14.675302163052498]]]}",4,204,04,4,97,02
97609,97625,KANI-KELI,MAYOTTE,MAYOTTE,"Chef-lieu canton",114.0,2004.0,4.5,"-12.9717285854, 45.1251508512","{""type"": ""Polygon"", ""coordinates"": [[[45.15694968112731, -12.983208028433687], [45.15733853000114, -12.98570357777252], [45.157515865631304, -12.989094480901342], [45.14863264263758, -12.999109973615685], [45.141881905927384, -12.998073838992816], [45.13545961674396, -12.990436187484066], [45.12672032521715, -12.99517897090595], [45.1240672745841, -12.982050242784252], [45.117427749242026, -12.981022456162657], [45.108524633615424, -12.990774366871939], [45.10589572869267, -12.988749884223278], [45.11058839906878, -12.965869855314086], [45.10939607812889, -12.959223953976144], [45.106205368311926, -12.95787790736009], [45.09861066343905, -12.964436873163844], [45.09197269132427, -12.96609412191895], [45.079321041337266, -12.961739685743007], [45.093298115841975, -12.95991746463178], [45.106007565056444, -12.947985235301932], [45.119466287396996, -12.943883055814785], [45.1408953684294, -12.965620108762879], [45.1447566917983, -12.978151187109598], [45.15694968112731, -12.983208028433687]]]}",14,609,09,0,97,06
63058,63350,BULHON,PUY-DE-DOME,AUVERGNE,"Commune simple",352.0,1243.0,0.5,"45.8848012313, 3.39133454384","{""type"": ""Polygon"", ""coordinates"": [[[3.397809190623411, 45.86682978867682], [3.391788115284359, 45.87207373859946], [3.366764035118357, 45.87368855442205], [3.367140799411147, 45.88380897431203], [3.361256090428151, 45.888942780617576], [3.361240117794168, 45.89240976396326], [3.369992212626399, 45.895614269985884], [3.374020225771541, 45.90194055842213], [3.382483370250112, 45.90407346188975], [3.405108962994904, 45.897213887699685], [3.413955716200011, 45.88509707586751], [3.430544378273727, 45.87767799249838], [3.412381260200588, 45.87284696185549], [3.407349437551606, 45.86704794967288], [3.397809190623411, 45.86682978867682]]]}",5170,058,22,5,63,83
14582,14100,SAINT-GERMAIN-DE-LIVET,CALVADOS,BASSE-NORMANDIE,"Commune simple",137.0,1653.0,0.8,"49.0768259488, 0.197537877277","{""type"": ""Polygon"", ""coordinates"": [[[0.172753027740273, 49.053887483570605], [0.154929818843052, 49.0701026084367], [0.163230807986849, 49.07431166904089], [0.176277033299792, 49.07943246269598], [0.207462806585295, 49.105118553134716], [0.211980518659967, 49.105196421337425], [0.219806820468554, 49.09494146695502], [0.222114668786938, 49.08920089602182], [0.233085090855579, 49.08384897121978], [0.235172859317186, 49.078345979750054], [0.216602475805569, 49.06761567362559], [0.212471311171943, 49.06168078256656], [0.206791045394541, 49.058345841262586], [0.18578632765994, 49.05967293490427], [0.172753027740273, 49.053887483570605]]]}",31151,582,49,3,14,25
27227,27350,ETREVILLE,EURE,HAUTE-NORMANDIE,"Commune simple",122.0,1129.0,0.6,"49.3795673555, 0.65533275771","{""type"": ""Polygon"", ""coordinates"": [[[0.660423745228444, 49.34868127374653], [0.6568567362554, 49.3617505978764], [0.632123669170656, 49.36665523218505], [0.625167274183166, 49.374783079782794], [0.633964947989266, 49.382941034229816], [0.650584208277637, 49.38972171123991], [0.646285079576495, 49.398792411829156], [0.65738522100806, 49.40557230369025], [0.660915947747294, 49.403077823603425], [0.670966887435987, 49.40355951460539], [0.676134788360017, 49.3882730483725], [0.672556129999041, 49.37875315770309], [0.668629573509625, 49.35838119025737], [0.660423745228444, 49.34868127374653]]]}",26742,227,30,2,27,23
38417,38660,SAINTE-MARIE-D'ALLOIX,ISERE,RHONE-ALPES,"Commune simple",260.0,310.0,0.6,"45.3845890951, 5.97577742061","{""type"": ""Polygon"", ""coordinates"": [[[5.981808440583572, 45.375589174861204], [5.960936022572271, 45.379540087448106], [5.966727255272971, 45.38815440395674], [5.970740306328493, 45.39577038390017], [5.987469790571684, 45.388873627336785], [5.987808962116513, 45.37995273576618], [5.981808440583572, 45.375589174861204]]]}",1118,417,34,1,38,82
47295,47150,SAVIGNAC-SUR-LEYZE,LOT-ET-GARONNE,AQUITAINE,"Commune simple",109.0,1147.0,0.3,"44.4830217019, 0.792652792523","{""type"": ""Polygon"", ""coordinates"": [[[0.778164624677094, 44.461482999699676], [0.774215436635063, 44.4710843492716], [0.77761107134621, 44.48420202099733], [0.774967131633215, 44.49416303098511], [0.77838355500442, 44.50039180888137], [0.792497383409256, 44.509203569402395], [0.807598894386802, 44.49235799740345], [0.799253205635572, 44.488913731452406], [0.814407414661885, 44.48092099581708], [0.817521718664518, 44.46737537581733], [0.79467660758574, 44.46724492646856], [0.778164624677094, 44.461482999699676]]]}",14398,295,24,3,47,72
08342,08140,POURU-AUX-BOIS,ARDENNES,CHAMPAGNE-ARDENNE,"Commune simple",268.0,899.0,0.3,"49.7100198144, 5.09834036842","{""type"": ""Polygon"", ""coordinates"": [[[5.106280118152741, 49.692925543519685], [5.098192038556033, 49.696741595136395], [5.073050467899662, 49.696282579755355], [5.078285470088083, 49.717037403043484], [5.09826725553514, 49.72224947148759], [5.109724492048198, 49.729781437214534], [5.114612902761261, 49.721238653008946], [5.119547228103857, 49.72087422195509], [5.124873530468811, 49.72694740667647], [5.12307318550246, 49.7173073153963], [5.106280118152741, 49.692925543519685]]]}",25886,342,27,3,08,21
66091,66230,LAMANERE,PYRENEES-ORIENTALES,LANGUEDOC-ROUSSILLON,"Commune simple",1016.0,2380.0,0.1,"42.3581335381, 2.51960965655","{""type"": ""Polygon"", ""coordinates"": [[[2.561870335122152, 42.357113775237806], [2.555202433571647, 42.35268197466085], [2.551619743021271, 42.342645327144304], [2.542191444708792, 42.33519914466612], [2.537951257795245, 42.33369781973147], [2.533264909924906, 42.33348862480636], [2.498432476603407, 42.342623694039425], [2.484885365797086, 42.34007831023355], [2.476300201557782, 42.34771217881839], [2.491184879208955, 42.355460185966386], [2.499889503872208, 42.38198975112272], [2.511853784254892, 42.392390902264076], [2.529094124215613, 42.38066677158832], [2.533621825333778, 42.370826558424135], [2.543654151668174, 42.36358959266207], [2.561783582919828, 42.36060978792608], [2.561870335122152, 42.357113775237806]]]}",9082,091,11,1,66,91
57253,57815,GONDREXANGE,MOSELLE,LORRAINE,"Commune simple",280.0,2949.0,0.5,"48.6916242352, 6.90768275556","{""type"": ""Polygon"", ""coordinates"": [[[6.887697982872894, 48.66265181376116], [6.873084264261174, 48.67696937703613], [6.872464508366516, 48.68713861620055], [6.859653724976031, 48.6930474543133], [6.858364521340838, 48.696403123981234], [6.862398036305559, 48.706430348948885], [6.860291854060946, 48.70959633869036], [6.855223544987444, 48.70876978248894], [6.860973244220633, 48.71678736152014], [6.876357716234975, 48.707895350130464], [6.891766815156378, 48.71035604936126], [6.896422947493136, 48.716588720823154], [6.905040893792592, 48.71263260063081], [6.93632595596053, 48.71516094314124], [6.950174229678399, 48.71256860068926], [6.948813411248153, 48.70375213339952], [6.948331230843492, 48.68801708454775], [6.956909253575885, 48.680771012348686], [6.937307739787363, 48.6706133998437], [6.917065335276777, 48.66739926620441], [6.906987577542625, 48.66936027715912], [6.898369396708267, 48.665743180031605], [6.895564975337425, 48.6640518104321], [6.887697982872894, 48.66265181376116]]]}",10940,253,25,5,57,41
49101,49150,CLEFS,MAINE-ET-LOIRE,"PAYS DE LA LOIRE","Commune simple",63.0,2592.0,1.0,"47.6270962473, -0.066626607269","{""type"": ""Polygon"", ""coordinates"": [[[-0.075417539933428, 47.59328164783163], [-0.096734333559115, 47.59850999742834], [-0.098208620204072, 47.60004727640881], [-0.095087292449537, 47.608462562025124], [-0.099416873828255, 47.609158382106266], [-0.09975964211506, 47.61895902361132], [-0.091175526292168, 47.63797719435525], [-0.092424483332078, 47.65101452433159], [-0.074606970874369, 47.657592144518276], [-0.05251293089039, 47.648704544700415], [-0.026862710106219, 47.646300525753404], [-0.020285727663362, 47.63702187408841], [-0.029144852075674, 47.63320736251693], [-0.04076512766943, 47.61356573112046], [-0.062863654447016, 47.60448446637739], [-0.075417539933428, 47.59328164783163]]]}",10973,101,04,3,49,52
13010,13570,BARBENTANE,BOUCHES-DU-RHONE,"PROVENCE-ALPES-COTE D'AZUR","Commune simple",45.0,2734.0,3.8,"43.894724982, 4.74934042876","{""type"": ""Polygon"", ""coordinates"": [[[4.734466062607036, 43.857710449040475], [4.728694201898551, 43.86593925091604], [4.728800669688074, 43.87932262833386], [4.717418136583789, 43.885668290862085], [4.709324699190092, 43.89801928682085], [4.704636926746732, 43.89736345704104], [4.705445567620518, 43.899430168655954], [4.722586202316737, 43.90598425599099], [4.735505940672248, 43.91650960756443], [4.739061130857664, 43.924068470817566], [4.773596496714606, 43.91964241094042], [4.776746212506795, 43.91401013441929], [4.790618751728142, 43.91085799005355], [4.78151187440886, 43.891158236393835], [4.767501473827089, 43.87725353656308], [4.739257624729344, 43.858192256354705], [4.734466062607036, 43.857710449040475]]]}",14603,010,07,2,13,93
02523,02220,MONT-SAINT-MARTIN,AISNE,PICARDIE,"Commune simple",152.0,566.0,0.1,"49.2747967442, 3.64275042996","{""type"": ""Polygon"", ""coordinates"": [[[3.634436730801268, 49.26003186977056], [3.633396932477922, 49.27269516857912], [3.619122116093011, 49.27269733131358], [3.616766228149807, 49.27560412777207], [3.624142130982122, 49.27882052504953], [3.627444710570688, 49.28713692670726], [3.631553351551003, 49.28485008174532], [3.647476780964135, 49.286734476067465], [3.655942614659373, 49.29108475698903], [3.658993707788824, 49.286771037591265], [3.651676022342872, 49.27863004354008], [3.665119614458646, 49.269431956760585], [3.655254563171349, 49.26285133857557], [3.634436730801268, 49.26003186977056]]]}",18391,523,04,4,02,22
29198,29260,PLOUIDER,FINISTERE,BRETAGNE,"Commune simple",41.0,2350.0,1.9,"48.602186011, -4.29367754752","{""type"": ""Polygon"", ""coordinates"": [[[-4.284618116916831, 48.573643262469766], [-4.29222987151939, 48.58633799311774], [-4.324128091770022, 48.60329103875766], [-4.33296643251545, 48.605410493936034], [-4.344342997329964, 48.614915871082005], [-4.348861983641353, 48.6160456143202], [-4.355034536770258, 48.62310764047599], [-4.348968332592208, 48.627060673802625], [-4.339358020397855, 48.62568550344261], [-4.316151884903138, 48.6377498903356], [-4.31159311214686, 48.63517592285089], [-4.317655466426059, 48.621839210968744], [-4.308561585627666, 48.614015886581306], [-4.293359295590328, 48.61168944623924], [-4.272886131279234, 48.622267589818435], [-4.27252675118882, 48.60951642220276], [-4.267165582371146, 48.603882638239206], [-4.259186663228057, 48.60017929583199], [-4.249650754221933, 48.599967075980075], [-4.245186371230374, 48.591838719821524], [-4.242979251016615, 48.576707168335524], [-4.284618116916831, 48.573643262469766]]]}",9965,198,21,1,29,53
45110,45300,COURCELLES,LOIRET,CENTRE,"Commune simple",107.0,628.0,0.3,"48.0980883547, 2.32759731775","{""type"": ""Polygon"", ""coordinates"": [[[2.34525016395591, 48.08944138124816], [2.332011511238161, 48.090113999290935], [2.328513946113842, 48.08418182879398], [2.315860526612053, 48.08745665706433], [2.306060107063323, 48.10453325631617], [2.31087659689506, 48.11330835724592], [2.311521668712295, 48.11020754057462], [2.334311113329806, 48.10697286471592], [2.354817560545901, 48.09791708075316], [2.351759542033247, 48.09532663246176], [2.34525016395591, 48.08944138124816]]]}",30241,110,03,3,45,24
33483,33450,SAINT-SULPICE-ET-CAMEYRAC,GIRONDE,AQUITAINE,"Commune simple",25.0,1524.0,4.3,"44.9006929748, -0.386356667148","{""type"": ""Polygon"", ""coordinates"": [[[-0.40951947879278, 44.88121754840993], [-0.410921643635673, 44.89343959875069], [-0.407529311955189, 44.902294294235226], [-0.408644604573426, 44.91918442163471], [-0.395796429234833, 44.92924773073425], [-0.391375429376569, 44.92788681533091], [-0.393953550835522, 44.92122941050528], [-0.37867797544929, 44.91316997845947], [-0.364703705044126, 44.911296250292644], [-0.361115851703734, 44.90158218468027], [-0.35231729194844, 44.898631030774766], [-0.350315927131613, 44.88953567924382], [-0.373995473487778, 44.886989138026706], [-0.381792088234856, 44.883003021081656], [-0.40951947879278, 44.88121754840993]]]}",16012,483,19,2,33,72
72347,72430,TASSE,SARTHE,"PAYS DE LA LOIRE","Commune simple",53.0,1075.0,0.3,"47.8880451469, -0.149262839514","{""type"": ""Polygon"", ""coordinates"": [[[-0.113704186116619, 47.8928453243184], [-0.122203836040159, 47.88935904044457], [-0.133311151892536, 47.87448988178803], [-0.14815984386215, 47.87452464929865], [-0.168164100484075, 47.87435535883674], [-0.173150907447469, 47.88365094307732], [-0.177805759161368, 47.88491203830794], [-0.192150728029449, 47.89098970916188], [-0.189244227516119, 47.89744572548185], [-0.155353061788918, 47.890363742535165], [-0.147290686275541, 47.89441718920039], [-0.140815687473431, 47.90381362163616], [-0.136393187589998, 47.90558912350748], [-0.126692499333494, 47.90327202039459], [-0.113704186116619, 47.8928453243184]]]}",16533,347,05,1,72,52
41197,41170,SAINT-AGIL,LOIR-ET-CHER,CENTRE,"Commune simple",174.0,1575.0,0.3,"48.0389452705, 0.934575958906","{""type"": ""Polygon"", ""coordinates"": [[[0.937662976739345, 48.02335009689404], [0.922998373141962, 48.026711019937764], [0.892536567704074, 48.025998424624476], [0.893029599735641, 48.04497469511299], [0.896550336210203, 48.04725215370838], [0.900982717325424, 48.04584592684323], [0.919426921874872, 48.05681361124882], [0.929209371067536, 48.05559975670979], [0.930851154047318, 48.05241494379309], [0.931271147940159, 48.049226647602005], [0.958322810188276, 48.04576504294643], [0.98749027631149, 48.04763551047607], [0.991914704094241, 48.04601872674984], [0.992621230662818, 48.03942347566202], [0.980455902029808, 48.03390431071856], [0.966777710806415, 48.036045327962555], [0.937662976739345, 48.02335009689404]]]}",41,197,11,2,41,24
85219,85390,SAINT-GERMAIN-L'AIGUILLER,VENDEE,"PAYS DE LA LOIRE","Commune simple",130.0,850.0,0.4,"46.6883449222, -0.831670970767","{""type"": ""Polygon"", ""coordinates"": [[[-0.815443399763604, 46.673663175317536], [-0.823152942569724, 46.678066923438514], [-0.848124116211737, 46.677979628882454], [-0.853082541441672, 46.68306876528417], [-0.85700925731535, 46.68911194526353], [-0.846490975766325, 46.70355548234442], [-0.823165808398399, 46.69945843825917], [-0.805528932847488, 46.68748767899747], [-0.810442021331861, 46.674244216247246], [-0.815443399763604, 46.673663175317536]]]}",34887,219,05,1,85,52
67008,67120,ALTORF,BAS-RHIN,ALSACE,"Commune simple",171.0,1020.0,1.2,"48.5247239067, 7.53898226259","{""type"": ""Polygon"", ""coordinates"": [[[7.553426925557839, 48.50386934513033], [7.545481467082305, 48.507471843292784], [7.51779936189392, 48.51150213058913], [7.514959422380799, 48.53127106208716], [7.533370047630924, 48.5411570436157], [7.566541871836773, 48.54436467420342], [7.566156923753723, 48.54088333090024], [7.553652079373111, 48.53533527849881], [7.558086976471765, 48.50428519825035], [7.553426925557839, 48.50386934513033]]]}",17925,008,14,3,67,42
21269,21130,FLAMMERANS,COTE-D'OR,BOURGOGNE,"Commune simple",194.0,1672.0,0.4,"47.230058163, 5.44115548466","{""type"": ""Polygon"", ""coordinates"": [[[5.449262365173557, 47.203215955442424], [5.445848693267886, 47.20574701849917], [5.451940052992929, 47.21122063341318], [5.450223178244433, 47.21444545505347], [5.446876920764537, 47.217020132674804], [5.430049249256833, 47.224354692531136], [5.406362700522482, 47.22921733258084], [5.402789844455564, 47.22678756991725], [5.402416986342607, 47.22998371711707], [5.391939894672139, 47.23552344457685], [5.396276606779944, 47.2411441537067], [5.407955342096272, 47.24618010541227], [5.412866436172862, 47.25481456743671], [5.420410171539508, 47.25841315830622], [5.423146604779362, 47.24252201380594], [5.43623258309934, 47.2388521124839], [5.440201974564274, 47.24064204988242], [5.455627627458211, 47.24132504943484], [5.480109545283937, 47.23704784853706], [5.475309038803277, 47.23130489032173], [5.479135870199442, 47.21851405613776], [5.474205931053827, 47.21308006054588], [5.463107227113017, 47.20655223334609], [5.449262365173557, 47.203215955442424]]]}",6468,269,03,2,21,26
39470,39220,"LES ROUSSES",JURA,FRANCHE-COMTE,"Commune simple",1122.0,3799.0,3.1,"46.4984696055, 6.07006530541","{""type"": ""Polygon"", ""coordinates"": [[[6.086247446370086, 46.44314874877498], [6.072941953788807, 46.44785114596672], [6.028274132568703, 46.488414355030436], [6.025478590464862, 46.49775184207669], [6.029190479269644, 46.51053942197847], [6.034106468080846, 46.52006897418601], [6.038331312085095, 46.521858128979844], [6.046576313069507, 46.51825954168141], [6.050887125767909, 46.51994682653279], [6.07953636441958, 46.538571068457706], [6.097685906410483, 46.530268065786565], [6.107131868929351, 46.518468143015276], [6.120829572760029, 46.516941576071254], [6.097317293639768, 46.482454443806155], [6.073783675544206, 46.464409446233105], [6.074868666748982, 46.45427847303978], [6.086247446370086, 46.44314874877498]]]}",9530,470,19,3,39,43
52199,52300,FERRIERE-ET-LAFOLIE,HAUTE-MARNE,CHAMPAGNE-ARDENNE,"Commune simple",327.0,794.0,0.0,"48.3990664695, 5.07542542698","{""type"": ""Polygon"", ""coordinates"": [[[5.100482764714935, 48.39772088061315], [5.087101540641998, 48.38780544286755], [5.077082214564352, 48.385920492870916], [5.068361302171063, 48.38954692258246], [5.037260320219081, 48.395242361892464], [5.075229540711882, 48.411557170899336], [5.101565669743697, 48.40858241838395], [5.100482764714935, 48.39772088061315]]]}",17237,199,13,3,52,21
51387,51530,MOSLINS,MARNE,CHAMPAGNE-ARDENNE,"Commune simple",220.0,1174.0,0.3,"48.9566633894, 3.90961634751","{""type"": ""Polygon"", ""coordinates"": [[[3.935068543261773, 48.9408014329865], [3.923090120687802, 48.94663188273798], [3.914313994755831, 48.94369545106797], [3.906940961414186, 48.94757351742869], [3.888058879442633, 48.943623046921694], [3.87862015426856, 48.9457610020676], [3.874223255533455, 48.947348940946526], [3.876213015158754, 48.950374049081184], [3.86750459862158, 48.95219100979733], [3.861777193253646, 48.95759210450711], [3.898233858476889, 48.96202784512719], [3.92626903836414, 48.977165436834554], [3.937192911634875, 48.97081255160232], [3.939206804376818, 48.95904301056928], [3.935570466214469, 48.956562389733236], [3.940064433132911, 48.94680573775659], [3.935068543261773, 48.9408014329865]]]}",18263,387,02,2,51,21
77463,77810,THOMERY,SEINE-ET-MARNE,ILE-DE-FRANCE,"Commune simple",67.0,375.0,3.4,"48.4042073432, 2.77997290314","{""type"": ""Polygon"", ""coordinates"": [[[2.778295995489533, 48.38960378427676], [2.772949823490114, 48.40769494081078], [2.749142448492629, 48.40734108858547], [2.754298277829458, 48.411499310287155], [2.787827871328131, 48.41420002035637], [2.796857249265902, 48.4067126892744], [2.789716800899771, 48.39131597258581], [2.778295995489533, 48.38960378427676]]]}",29571,463,21,4,77,11
87043,87460,CHEISSOUX,HAUTE-VIENNE,LIMOUSIN,"Commune simple",434.0,1035.0,0.2,"45.831716182, 1.63811418482","{""type"": ""Polygon"", ""coordinates"": [[[1.656907608655182, 45.81727399436145], [1.634772914672463, 45.81337001548388], [1.626729988694469, 45.82138712768701], [1.618347062442177, 45.82436502284796], [1.614917932958949, 45.843974760937755], [1.628461788844412, 45.84759841336997], [1.652828155646909, 45.845631025287894], [1.659919707196293, 45.83380014802073], [1.656907608655182, 45.81727399436145]]]}",26984,043,09,2,87,74
14468,14490,NORON-LA-POTERIE,CALVADOS,BASSE-NORMANDIE,"Commune simple",48.0,300.0,0.3,"49.2239444771, -0.775339384776","{""type"": ""Polygon"", ""coordinates"": [[[-0.775042066118414, 49.211916151475585], [-0.786487440135899, 49.21324894348387], [-0.783804941863888, 49.2162043949792], [-0.791181023983484, 49.228915061817304], [-0.762706955707209, 49.23496481678817], [-0.75919633441554, 49.23261735378483], [-0.762799152168562, 49.23000283851375], [-0.763874093262828, 49.22136502413588], [-0.775042066118414, 49.211916151475585]]]}",28101,468,02,1,14,25
45035,45340,BOISCOMMUN,LOIRET,CENTRE,"Commune simple",127.0,1589.0,1.2,"48.0389368902, 2.35695030268","{""type"": ""Polygon"", ""coordinates"": [[[2.376802696490081, 48.01632392307675], [2.368113550695305, 48.00936611062356], [2.349394427350581, 48.01020903389299], [2.36210961544956, 48.02794425782728], [2.342604315471563, 48.03105867455984], [2.320708581912847, 48.03938464992997], [2.321040903219375, 48.04277026756486], [2.324978110671586, 48.048678363905886], [2.337140057182995, 48.053858954863564], [2.343227596273898, 48.06951543270643], [2.344434789522679, 48.06961214661267], [2.349032514543856, 48.063680284692246], [2.377033586669368, 48.051439997104005], [2.374239327794291, 48.04483783209004], [2.377037821599119, 48.041954948032114], [2.396148955405136, 48.03709598033213], [2.393907501580621, 48.03245888783186], [2.379165522449354, 48.032166086498734], [2.376802696490081, 48.01632392307675]]]}",26842,035,03,3,45,24
31160,31700,DAUX,HAUTE-GARONNE,MIDI-PYRENEES,"Commune simple",177.0,1682.0,1.8,"43.6872531862, 1.26634638544","{""type"": ""Polygon"", ""coordinates"": [[[1.236545217032718, 43.650308373392384], [1.247051024939268, 43.665877621645066], [1.244531932071658, 43.67607032527133], [1.253119471927763, 43.69213020059518], [1.250443500503525, 43.70217669417552], [1.24324470759021, 43.70673197866856], [1.249045282565599, 43.71950721167437], [1.296648933012461, 43.694485417519715], [1.298361000595409, 43.692388135667805], [1.299538624330813, 43.681966250097474], [1.273521093466781, 43.67246619156219], [1.268287913160229, 43.6667398573576], [1.236545217032718, 43.650308373392384]]]}",26962,160,15,3,31,73
26131,26160,EYZAHUT,DROME,RHONE-ALPES,"Commune simple",526.0,676.0,0.1,"44.5613261494, 5.00354083733","{""type"": ""Polygon"", ""coordinates"": [[[5.030217157918072, 44.561272976750224], [5.028043478607879, 44.55826911154402], [5.013955843674208, 44.55739229408993], [4.995284114078801, 44.54724919568473], [4.982557282795849, 44.550243074166666], [4.987495971993874, 44.55602567333396], [4.984073868274179, 44.57261183752251], [4.996184311738442, 44.56950291510503], [5.013375361341171, 44.57183841934372], [5.022292103873024, 44.56964929720761], [5.030217157918072, 44.561272976750224]]]}",34440,131,10,2,26,82
33167,33270,FLOIRAC,GIRONDE,AQUITAINE,"Chef-lieu canton",38.0,847.0,15.9,"44.8338094646, -0.520646895866","{""type"": ""Polygon"", ""coordinates"": [[[-0.532352062620134, 44.81624545433598], [-0.537663215637784, 44.82277223406444], [-0.53642317794196, 44.82902127056658], [-0.546659437812188, 44.83629177607904], [-0.542231031136802, 44.84239048877796], [-0.503644201626784, 44.84784281922493], [-0.496316359165558, 44.84145009525592], [-0.496615628074867, 44.83506907877015], [-0.501889823894623, 44.829873883317], [-0.51539600217514, 44.821065196087645], [-0.532352062620134, 44.81624545433598]]]}",33716,167,58,2,33,72
60574,60370,SAINT-FELIX,OISE,PICARDIE,"Commune simple",76.0,500.0,0.6,"49.3548770591, 2.28412904405","{""type"": ""Polygon"", ""coordinates"": [[[2.286278994561864, 49.34071194624164], [2.269693654314475, 49.34515245536603], [2.272525409843376, 49.363867078011495], [2.278621013672863, 49.3689015338006], [2.280410515013642, 49.365936814194555], [2.293241601455612, 49.36872719707305], [2.298248666823559, 49.35986615743696], [2.296588085035814, 49.34741547130036], [2.286278994561864, 49.34071194624164]]]}",29684,574,24,2,60,22
67266,67150,LIMERSHEIM,BAS-RHIN,ALSACE,"Commune simple",152.0,556.0,0.6,"48.4538179541, 7.63089115629","{""type"": ""Polygon"", ""coordinates"": [[[7.626539913747375, 48.44683729928682], [7.615445886276352, 48.4400603562169], [7.597722187463552, 48.44599385664314], [7.593020099081592, 48.44473427117249], [7.591715297966241, 48.446695259742704], [7.606934964011391, 48.456044601893495], [7.611794612347516, 48.45476529268234], [7.616435452018954, 48.444843090557754], [7.65936475260778, 48.47509269406111], [7.663144878323481, 48.46959112753939], [7.655945915379354, 48.4671163339962], [7.658433378229591, 48.461251074251216], [7.653873682813405, 48.46239437071055], [7.652048646546709, 48.453580296718094], [7.63449916308638, 48.44385892582851], [7.626539913747375, 48.44683729928682]]]}",31479,266,07,5,67,42
86163,86360,MONTAMISE,VIENNE,POITOU-CHARENTES,"Commune simple",112.0,3244.0,3.2,"46.6285498081, 0.434064496857","{""type"": ""Polygon"", ""coordinates"": [[[0.428575695394851, 46.60205910071222], [0.414893209267555, 46.60117447787149], [0.393198950877152, 46.60519633531458], [0.386748306777464, 46.61376127216331], [0.389461147292182, 46.6193457853134], [0.376166085818969, 46.62308720743018], [0.385903439658999, 46.644670628162096], [0.399443313760186, 46.6405551600874], [0.406815489229629, 46.64916374208812], [0.42671022708222, 46.64785534521906], [0.443880506695064, 46.64131164241563], [0.466674013464998, 46.6476014476775], [0.496234370152, 46.65109773571189], [0.499411896164461, 46.63463600464959], [0.492052081456894, 46.632862590282876], [0.490225824948158, 46.62822810466524], [0.475071784907994, 46.61973310861293], [0.42824740929283, 46.608727472283235], [0.428575695394851, 46.60205910071222]]]}",1526,163,37,3,86,54
04195,04400,SAINT-PONS,ALPES-DE-HAUTE-PROVENCE,"PROVENCE-ALPES-COTE D'AZUR","Commune simple",1791.0,3208.0,0.7,"44.4172713189, 6.61507424866","{""type"": ""Polygon"", ""coordinates"": [[[6.618755607077008, 44.38528205781491], [6.605795141956381, 44.383427722512714], [6.58534390221696, 44.38886282770771], [6.582872378986061, 44.39567454447911], [6.585860431142395, 44.42021352630344], [6.580298509197305, 44.42987423055468], [6.58815708508101, 44.43857558054479], [6.588864229507246, 44.44555427044864], [6.603091595073157, 44.44792836685206], [6.63229969332171, 44.446915027907075], [6.641022211615043, 44.43995853040472], [6.653172303267273, 44.436447201764686], [6.652199061081997, 44.41281528882998], [6.637955192130049, 44.40363575669985], [6.632842619105991, 44.38705265420278], [6.618755607077008, 44.38528205781491]]]}",4808,195,04,1,04,93
41208,41190,SAINT-ETIENNE-DES-GUERETS,LOIR-ET-CHER,CENTRE,"Commune simple",132.0,1149.0,0.1,"47.5981445724, 1.06361410844","{""type"": ""Polygon"", ""coordinates"": [[[1.06359272511214, 47.56614408340869], [1.059904409089669, 47.57649142260174], [1.033352535733517, 47.607011570459484], [1.061461794197592, 47.61167751923521], [1.065649136481747, 47.62436125960713], [1.079869718294873, 47.625559347398045], [1.082275088318121, 47.606060762403246], [1.074174325904542, 47.590728919800966], [1.077001874571647, 47.572452593522826], [1.06359272511214, 47.56614408340869]]]}",35249,208,06,1,41,24
21121,21540,BUSSY-LA-PESLE,COTE-D'OR,BOURGOGNE,"Commune simple",529.0,1153.0,0.1,"47.3566273735, 4.71361342126","{""type"": ""Polygon"", ""coordinates"": [[[4.715579555703056, 47.328052330102885], [4.704047948050516, 47.34193577038983], [4.703531922253207, 47.35489153709822], [4.699695527373782, 47.367634714862255], [4.685852302079487, 47.38049622192979], [4.692451704278306, 47.38546065053762], [4.71522894987686, 47.3904392728323], [4.71182005197878, 47.38375439068827], [4.71546355344879, 47.366691679656924], [4.724002613014998, 47.349907313586584], [4.72620408253828, 47.3466780716784], [4.741261532053026, 47.34485955394351], [4.743663876736843, 47.34173499724437], [4.745489235604367, 47.338799144357324], [4.736326639455021, 47.33155284256803], [4.727325233059157, 47.33211929409679], [4.715579555703056, 47.328052330102885]]]}",1761,121,35,2,21,26
64193,64350,CORBERE-ABERES,PYRENEES-ATLANTIQUES,AQUITAINE,"Commune simple",221.0,710.0,0.1,"43.4757367559, -0.0896960657333","{""type"": ""Polygon"", ""coordinates"": [[[-0.082118224174521, 43.46161129193241], [-0.085466142919713, 43.46641398631903], [-0.106310567408713, 43.46508912771649], [-0.111393132708829, 43.47745859246059], [-0.107117767957899, 43.48048048667401], [-0.102560777799072, 43.48631046744375], [-0.089207122328731, 43.488870793871776], [-0.082602857492397, 43.4934706729861], [-0.075977439153363, 43.47828947529072], [-0.06508201253442, 43.46827101056147], [-0.082118224174521, 43.46161129193241]]]}",22247,193,18,3,64,72
51212,51320,DOMMARTIN-LETTREE,MARNE,CHAMPAGNE-ARDENNE,"Commune simple",165.0,3256.0,0.2,"48.771366093, 4.28578540294","{""type"": ""Polygon"", ""coordinates"": [[[4.252962546448386, 48.73229427857781], [4.256057388159509, 48.75242011372224], [4.232449174900968, 48.77462302673312], [4.280950389798886, 48.799496540890715], [4.294116887937702, 48.79456042130247], [4.309851517911294, 48.80308707324864], [4.311266913389661, 48.80197417809301], [4.337278839171543, 48.78674527947458], [4.325468052931329, 48.780508379651515], [4.332709100242973, 48.77145068038619], [4.327995863041976, 48.76217515472627], [4.252962546448386, 48.73229427857781]]]}",14831,212,26,4,51,21
28336,28120,SAINT-EMAN,EURE-ET-LOIR,CENTRE,"Commune simple",174.0,465.0,0.1,"48.3240677989, 1.19980049404","{""type"": ""Polygon"", ""coordinates"": [[[1.20408843558306, 48.32832064256291], [1.223101081436516, 48.32319888987319], [1.223195989298755, 48.31638774899597], [1.192238740937047, 48.316152977554964], [1.180085899670052, 48.32111448353647], [1.184922019112607, 48.32683142084036], [1.185481642102481, 48.33996117400172], [1.20408843558306, 48.32832064256291]]]}",30152,336,15,1,28,24
44223,44140,GENESTON,LOIRE-ATLANTIQUE,"PAYS DE LA LOIRE","Commune simple",26.0,829.0,3.5,"47.0596610494, -1.52602858693","{""type"": ""Polygon"", ""coordinates"": [[[-1.499858077656533, 47.04068896174419], [-1.517576723736664, 47.047643855397695], [-1.531382707699273, 47.057599592811194], [-1.566208972579173, 47.06088946231124], [-1.56723537340432, 47.0639691799306], [-1.558261105573671, 47.07115070238352], [-1.541683590403571, 47.06991025273989], [-1.521703195323697, 47.06821462247158], [-1.516546535518827, 47.07408876256583], [-1.500204517209522, 47.05748479298404], [-1.49582350730123, 47.04150454218885], [-1.499858077656533, 47.04068896174419]]]}",16899,223,01,2,44,52
87191,87620,SEREILHAC,HAUTE-VIENNE,LIMOUSIN,"Commune simple",330.0,3860.0,1.8,"45.7658422041, 1.06004975072","{""type"": ""Polygon"", ""coordinates"": [[[1.019420579216903, 45.71915550297253], [1.013593112930332, 45.72601590870062], [1.027481671100923, 45.73578993335201], [1.032786252402552, 45.74541273530605], [1.025575356356544, 45.749547340327574], [1.015665745066382, 45.74889598753091], [1.013026697095334, 45.75501981399714], [1.031478275799234, 45.77961010451111], [1.031800624355065, 45.79007366123305], [1.045921636639501, 45.79928168180796], [1.064113223873792, 45.79979333204042], [1.069922478895915, 45.79607360114931], [1.097302384557904, 45.79710598023283], [1.088686304695113, 45.78523258556179], [1.111893511173818, 45.7812546624001], [1.115091033005977, 45.77205746295853], [1.113031330114535, 45.76905056797482], [1.108931835390301, 45.77074738469807], [1.105099880214676, 45.76876449011093], [1.095965948978266, 45.76117049092665], [1.09659494691442, 45.75187635945087], [1.088913830255582, 45.744423342141424], [1.069646476790276, 45.74318537374096], [1.050368775775804, 45.73241385902263], [1.031245145952019, 45.72944225634508], [1.019420579216903, 45.71915550297253]]]}",10579,191,01,2,87,74
45335,45510,VIENNE-EN-VAL,LOIRET,CENTRE,"Commune simple",124.0,3572.0,1.8,"47.7825716269, 2.12412852097","{""type"": ""Polygon"", ""coordinates"": [[[2.142741767143356, 47.73531088487828], [2.129656743081338, 47.73995786842728], [2.114953202004469, 47.73987462251591], [2.10130438764383, 47.743713094388795], [2.08684959785278, 47.743070169124316], [2.102778814015644, 47.760754313655255], [2.10380958409065, 47.76771993943226], [2.087480216678824, 47.78960104055772], [2.086933540543883, 47.80355703196342], [2.077398586002404, 47.80640761187765], [2.076931906133769, 47.80866312897588], [2.117417529592579, 47.810190066394945], [2.132411836417962, 47.819851701379825], [2.15726011739908, 47.818700864090175], [2.162465459275399, 47.818261135500364], [2.15703190460182, 47.77661189605417], [2.148747343986556, 47.76778515547669], [2.138902122463056, 47.76566098043096], [2.134827690533743, 47.75924930112196], [2.142741767143356, 47.73531088487828]]]}",34902,335,15,2,45,24
51502,51240,SAINT-MARTIN-AUX-CHAMPS,MARNE,CHAMPAGNE-ARDENNE,"Commune simple",115.0,729.0,0.1,"48.8146669912, 4.47971521555","{""type"": ""Polygon"", ""coordinates"": [[[4.501764427973723, 48.81235268248655], [4.459600518931717, 48.799795977653396], [4.449432079255379, 48.80088221313145], [4.462107338383575, 48.815875636726105], [4.495979304191154, 48.832880067319905], [4.504753386804683, 48.815400445176145], [4.501764427973723, 48.81235268248655]]]}",36553,502,10,1,51,21
81185,81630,MONTVALEN,TARN,MIDI-PYRENEES,"Commune simple",170.0,1199.0,0.2,"43.8568846629, 1.59279252787","{""type"": ""Polygon"", ""coordinates"": [[[1.624103657286486, 43.84599003020719], [1.611814651112082, 43.840956098248135], [1.593170425533653, 43.84313837237054], [1.591232204453718, 43.84357238479759], [1.572572306239559, 43.84880215148583], [1.555085582029542, 43.86849041485063], [1.55530002842263, 43.87083344132456], [1.564007709679578, 43.871884434554396], [1.579788864621263, 43.86518742092348], [1.591574549178888, 43.87055153374165], [1.60959620734486, 43.867227374652984], [1.6136853196661, 43.868926503993166], [1.622121646912561, 43.861139851006996], [1.618262958711597, 43.855069705293985], [1.624103657286486, 43.84599003020719]]]}",11093,185,30,1,81,73
11440,11220,VILLETRITOULS,AUDE,LANGUEDOC-ROUSSILLON,"Commune simple",334.0,482.0,0.0,"43.0752738, 2.48956786102","{""type"": ""Polygon"", ""coordinates"": [[[2.486376524054162, 43.04905200882104], [2.480704471981888, 43.062066208821165], [2.484153434723999, 43.07559203318706], [2.480894969884243, 43.095543728444575], [2.50213658127645, 43.08881727126056], [2.503285624657921, 43.08362387524832], [2.490879193853095, 43.069750822994315], [2.492147247967188, 43.04966399509832], [2.486376524054162, 43.04905200882104]]]}",30270,440,18,1,11,91
21035,21250,AUVILLARS-SUR-SAONE,COTE-D'OR,BOURGOGNE,"Commune simple",194.0,687.0,0.3,"47.0592766074, 5.10776303879","{""type"": ""Polygon"", ""coordinates"": [[[5.09307161703884, 47.04638651252681], [5.088614333339625, 47.060246972635426], [5.08997551949343, 47.074290266324006], [5.090272131512283, 47.0751405019493], [5.133919542559424, 47.06075194163644], [5.135639896334439, 47.052272037184004], [5.11853091309954, 47.0521638025747], [5.107217438021799, 47.04759733469956], [5.09307161703884, 47.04638651252681]]]}",30397,035,34,1,21,26
72374,72600,VILLAINES-LA-CARELLE,SARTHE,"PAYS DE LA LOIRE","Commune simple",213.0,1479.0,0.2,"48.3873561577, 0.294814588667","{""type"": ""Polygon"", ""coordinates"": [[[0.313501840668017, 48.35982602570422], [0.295983702009412, 48.36609796251074], [0.281142496081928, 48.36728861339485], [0.270186091939977, 48.37743414630237], [0.285626864026669, 48.37830201581581], [0.292109358045888, 48.382834339429245], [0.274729449451251, 48.389889596219554], [0.271677675806067, 48.396345850087705], [0.276563401346398, 48.40979909405247], [0.259365711765629, 48.41703643147407], [0.258466806443245, 48.42571147697245], [0.291245276205959, 48.415869608743414], [0.288869943695864, 48.39953094829662], [0.307066964879215, 48.39369846321869], [0.307425566614531, 48.38722523627352], [0.311284154726462, 48.38524240335844], [0.33117191137824, 48.382955411515155], [0.329309648321082, 48.37625204944719], [0.325603094002993, 48.36623926932912], [0.313501840668017, 48.35982602570422]]]}",11209,374,18,2,72,52
24373,24500,SAINT-AUBIN-DE-CADELECH,DORDOGNE,AQUITAINE,"Commune simple",100.0,1357.0,0.3,"44.6857557345, 0.492017178221","{""type"": ""Polygon"", ""coordinates"": [[[0.495626003013269, 44.66980790267855], [0.488043055940351, 44.66690674594223], [0.470530109430123, 44.66957916232141], [0.466611713723133, 44.674470590406706], [0.462836542058911, 44.67364546269552], [0.47063052151893, 44.69376641249661], [0.479968889662098, 44.701806936303726], [0.479883011007805, 44.708803790282566], [0.485931196346804, 44.70376203492305], [0.495065962517297, 44.704257383971566], [0.514924047845296, 44.69616606456449], [0.523624383721773, 44.68842567868354], [0.521645992631178, 44.67858149419993], [0.511835029658921, 44.677766801782376], [0.495626003013269, 44.66980790267855]]]}",7990,373,12,1,24,72
32104,32300,CLERMONT-POUYGUILLES,GERS,MIDI-PYRENEES,"Commune simple",227.0,1289.0,0.2,"43.4769070936, 0.524132562872","{""type"": ""Polygon"", ""coordinates"": [[[0.523152290137792, 43.45799840723991], [0.515639313934478, 43.45886155688526], [0.516079274719926, 43.46212107646628], [0.502910855066226, 43.46116134975245], [0.493511056251726, 43.46758730699995], [0.48504377120071, 43.4670580999031], [0.490844014261284, 43.47206227478313], [0.50002041462442, 43.47278739758553], [0.493611085759828, 43.48088464754255], [0.494366175495057, 43.48738313623273], [0.524440007513692, 43.485490632865634], [0.528730578080445, 43.490359230620534], [0.565989625470091, 43.48986990107585], [0.568594758540279, 43.48702996870036], [0.561667664780512, 43.48246380772334], [0.557361143056998, 43.483447001963555], [0.552011638394254, 43.47843868027602], [0.544445230512767, 43.47008546118506], [0.523567786932139, 43.46470478182257], [0.523152290137792, 43.45799840723991]]]}",12548,104,19,3,32,73
63144,63850,EGLISENEUVE-D'ENTRAIGUES,PUY-DE-DOME,AUVERGNE,"Commune simple",1091.0,5667.0,0.5,"45.4211832681, 2.82270295289","{""type"": ""Polygon"", ""coordinates"": [[[2.785147592999406, 45.38457809594983], [2.780556057487136, 45.3856317351332], [2.762087486461346, 45.38649450134701], [2.750028454031671, 45.39128569318002], [2.765718765900107, 45.40419613467472], [2.762693999753613, 45.418065852806244], [2.766457967821327, 45.43516451601074], [2.785554495997856, 45.43814716682394], [2.791534639536807, 45.44311098557473], [2.81919385310643, 45.4498584209583], [2.830637581356691, 45.456089477018025], [2.840249292661057, 45.45506804144148], [2.844127616856706, 45.468175247802215], [2.853346360794233, 45.46643176790158], [2.858772618391896, 45.461270064893654], [2.856217418317203, 45.45479248880159], [2.863161569906239, 45.44568849647137], [2.882734060818324, 45.44551256301471], [2.886333538922068, 45.44313004661958], [2.887408977323263, 45.43635066522907], [2.874743764291375, 45.42634213693144], [2.887291870182531, 45.41210120888105], [2.877988009995268, 45.41061472053538], [2.872383259480765, 45.40177500799804], [2.852365904127121, 45.3923406755484], [2.828076057864009, 45.39075726309653], [2.815353895636476, 45.40039891281028], [2.78972529335906, 45.390520779568774], [2.785147592999406, 45.38457809594983]]]}",12668,144,05,3,63,83
59481,59530,"LE QUESNOY",NORD,NORD-PAS-DE-CALAIS,"Chef-lieu canton",117.0,1422.0,5.0,"50.2506593981, 3.62486177207","{""type"": ""Polygon"", ""coordinates"": [[[3.656382606515759, 50.231443330283504], [3.648027037524248, 50.230490857646984], [3.640381090555468, 50.23360191123518], [3.61902872973576, 50.23793153811912], [3.591458387944551, 50.24367028324263], [3.586254021289669, 50.24889426093908], [3.59180702350694, 50.26151956624457], [3.601504009696259, 50.26303498333822], [3.608272724139211, 50.26794929100475], [3.61006711460336, 50.26688985260582], [3.625684469344317, 50.264432026], [3.6352218881459, 50.26761573620443], [3.651121331831107, 50.267559663803716], [3.652825090293891, 50.26606009344978], [3.646677698798791, 50.25637691618324], [3.652206782437947, 50.25069073997137], [3.657517400283698, 50.24121607072744], [3.656382606515759, 50.231443330283504]]]}",22075,481,94,1,59,31
76228,76970,ECTOT-LES-BAONS,SEINE-MARITIME,HAUTE-NORMANDIE,"Commune simple",143.0,502.0,0.4,"49.6439867808, 0.808763505864","{""type"": ""Polygon"", ""coordinates"": [[[0.817550591212033, 49.625961999623996], [0.791802675638168, 49.64157919538576], [0.795352656187505, 49.64433147779879], [0.797242674216082, 49.64673894698486], [0.797246503119673, 49.652770891940925], [0.809821959420069, 49.66273342735804], [0.822199421228355, 49.64162414814818], [0.817550591212033, 49.625961999623996]]]}",13910,228,54,3,76,23
54007,54460,AINGERAY,MEURTHE-ET-MOSELLE,LORRAINE,"Commune simple",246.0,1291.0,0.6,"48.7369624344, 6.0192315764","{""type"": ""Polygon"", ""coordinates"": [[[6.003619913424203, 48.717704330876366], [5.99026855382135, 48.7173377426526], [5.9854981127581, 48.72264166017904], [5.988501068332595, 48.73613046236425], [6.00820311207499, 48.74744422387229], [6.024357108293883, 48.75564056982115], [6.044389947397541, 48.756724431014504], [6.042071699776576, 48.74708075868232], [6.049067302732021, 48.74218581045472], [6.053039907650462, 48.73262431213664], [6.036014960296003, 48.725318007279085], [6.025917118081255, 48.72714072103692], [6.010580029479335, 48.72517955105437], [6.00219266300103, 48.72103455619305], [6.003619913424203, 48.717704330876366]]]}",17276,007,27,4,54,41
43013,43300,VISSAC-AUTEYRAC,HAUTE-LOIRE,AUVERGNE,"Commune simple",936.0,1757.0,0.3,"45.1163766085, 3.62418252046","{""type"": ""Polygon"", ""coordinates"": [[[3.589312421187363, 45.08809371805542], [3.581834095160387, 45.091338501846764], [3.576048296192289, 45.09977848664831], [3.579590379203719, 45.10543279529297], [3.589730727664922, 45.11209679721376], [3.597418554000051, 45.130622719567384], [3.60491875782294, 45.13369779327778], [3.622605301425783, 45.130638057710115], [3.64310784876072, 45.13812141757872], [3.646093569277487, 45.13557393941622], [3.65802705078896, 45.120493922087086], [3.672092923486008, 45.11939255320131], [3.6789887471643, 45.109139852073255], [3.673157168093871, 45.10426785167401], [3.639094199693615, 45.10977183183029], [3.626673793411983, 45.11570412310068], [3.611730232294206, 45.1144544612591], [3.589312421187363, 45.08809371805542]]]}",22436,013,10,1,43,83
60192,60310,CUY,OISE,PICARDIE,"Commune simple",82.0,433.0,0.2,"49.5855409296, 2.90969070334","{""type"": ""Polygon"", ""coordinates"": [[[2.898816191533673, 49.57383608773614], [2.895133364880584, 49.57722991848829], [2.892335486206896, 49.58678920122015], [2.904355802600008, 49.59709777515152], [2.911067567744569, 49.59338248294312], [2.923158766117536, 49.596832544383794], [2.927287117262724, 49.590904019352095], [2.922951282617376, 49.57848192322435], [2.898816191533673, 49.57383608773614]]]}",14875,192,19,3,60,22
01104,01410,CHEZERY-FORENS,AIN,RHONE-ALPES,"Commune simple",996.0,4645.0,0.4,"46.222573373, 5.87248105275","{""type"": ""Polygon"", ""coordinates"": [[[5.85989861926792, 46.16179226156673], [5.839487190548794, 46.17080141364159], [5.822647846379885, 46.1651659129864], [5.813685047672094, 46.16740663666616], [5.821737526977458, 46.18301150488476], [5.825850910013981, 46.18932484352138], [5.850841380234413, 46.20084713004799], [5.844926452549038, 46.217394752284456], [5.847396740410515, 46.238201632445865], [5.86212691966249, 46.251951736304456], [5.86918744284006, 46.26498364167058], [5.877559002927529, 46.26902534938407], [5.894626750237938, 46.286614179218795], [5.909198006924722, 46.283944986642055], [5.89980058656377, 46.27608400026578], [5.895239505672034, 46.26626115808207], [5.897084438936388, 46.26306942141154], [5.915203935029989, 46.25811023203547], [5.919492138074391, 46.259838520393], [5.92300987963846, 46.25783788785833], [5.919947918292567, 46.23915569229705], [5.904903869803737, 46.22337531721222], [5.879134367820267, 46.19374533315565], [5.863834838389375, 46.18502199180384], [5.866085657754473, 46.18191960069378], [5.861011986234712, 46.17692033719422], [5.8639112410385, 46.167611246150706], [5.85989861926792, 46.16179226156673]]]}",6231,104,12,3,01,82
88474,88300,TILLEUX,VOSGES,LORRAINE,"Commune simple",377.0,387.0,0.1,"48.300687852, 5.73148018927","{""type"": ""Polygon"", ""coordinates"": [[[5.717565895279001, 48.290257548262105], [5.716828951288469, 48.31049432433161], [5.73057124076063, 48.305883746048], [5.740486431771058, 48.307896155878645], [5.754399651133022, 48.305313395182075], [5.755335829244535, 48.30334700671251], [5.726952468219779, 48.290986790794115], [5.717565895279001, 48.290257548262105]]]}",26365,474,18,2,88,41
14374,14240,"LES LOGES",CALVADOS,BASSE-NORMANDIE,"Commune simple",184.0,450.0,0.1,"49.0444032135, -0.801249419422","{""type"": ""Polygon"", ""coordinates"": [[[-0.783257557195622, 49.04258807038462], [-0.785138905440936, 49.0362813500231], [-0.792587477898179, 49.0319772288293], [-0.809612758508308, 49.0382345728494], [-0.821930994257495, 49.04857351867918], [-0.810758101883844, 49.0556892838087], [-0.7959934880304, 49.05326741137298], [-0.783257557195622, 49.04258807038462]]]}",4734,374,01,4,14,25
36010,36290,AZAY-LE-FERRON,INDRE,CENTRE,"Commune simple",112.0,6089.0,0.9,"46.8459784921, 1.08124698726","{""type"": ""Polygon"", ""coordinates"": [[[1.149038274297471, 46.82261339756848], [1.135358635982199, 46.80529829473436], [1.101924994421, 46.8026527007125], [1.097745429892288, 46.804393934105676], [1.084073947013836, 46.806733792847446], [1.075248549966625, 46.81516064503912], [1.045986119368179, 46.82043138441144], [1.027569454100646, 46.844813234046846], [1.022643753396759, 46.845620345126235], [1.016925445461953, 46.85444750859992], [1.025550996827783, 46.87966110191029], [1.035743505003053, 46.87858353759366], [1.086186953931237, 46.88583660493024], [1.096500709864836, 46.89325764128161], [1.106399220654736, 46.893474859432274], [1.112942988220524, 46.88402661652723], [1.112503480402207, 46.855946717746185], [1.130951329900619, 46.83497484712271], [1.149038274297471, 46.82261339756848]]]}",6500,010,15,1,36,24
46194,46300,MILHAC,LOT,MIDI-PYRENEES,"Commune simple",137.0,544.0,0.2,"44.7967572097, 1.34841422414","{""type"": ""Polygon"", ""coordinates"": [[[1.363242864949984, 44.78419794889083], [1.350697835506767, 44.78770411566747], [1.342803405801898, 44.78568630950988], [1.325506786115713, 44.80601229454514], [1.339167604872394, 44.805605364110434], [1.356551138374827, 44.81024985035056], [1.357616186190298, 44.79761339169003], [1.365211094621796, 44.79434870866115], [1.369065839547156, 44.788768292449255], [1.363242864949984, 44.78419794889083]]]}",6616,194,10,3,46,73
77184,77940,FLAGY,SEINE-ET-MARNE,ILE-DE-FRANCE,"Commune simple",93.0,721.0,0.6,"48.3095715742, 2.91700896132","{""type"": ""Polygon"", ""coordinates"": [[[2.905119143900606, 48.28586637095603], [2.900791201118823, 48.286114747540374], [2.889884946512369, 48.286060112861286], [2.922065109369869, 48.33140470542823], [2.938653284730816, 48.32675396850487], [2.943897222736231, 48.318155310664665], [2.927448757313008, 48.31183035084913], [2.905119143900606, 48.28586637095603]]]}",12009,184,16,4,77,11
74266,74310,SERVOZ,HAUTE-SAVOIE,RHONE-ALPES,"Commune simple",1480.0,1345.0,0.9,"45.9454311308, 6.78543826857","{""type"": ""Polygon"", ""coordinates"": [[[6.818286302734357, 45.940811460488916], [6.795635662369882, 45.93521811071936], [6.771278601973268, 45.93312111840044], [6.765249844294353, 45.92771458269795], [6.755507788052364, 45.92883191001555], [6.745690433249148, 45.9358737799855], [6.751924061386578, 45.945250187478756], [6.773151842992687, 45.95366741691769], [6.782611707337234, 45.961735686159976], [6.791975177492482, 45.96254915501968], [6.824557076784416, 45.95443836206374], [6.818286302734357, 45.940811460488916]]]}",22823,266,09,2,74,82
33123,33620,CEZAC,GIRONDE,AQUITAINE,"Commune simple",34.0,1936.0,2.3,"45.0855145427, -0.431075960608","{""type"": ""Polygon"", ""coordinates"": [[[-0.478037914409339, 45.057582217340816], [-0.476547313560216, 45.0634689550225], [-0.470908151432395, 45.07321628079399], [-0.473783380065668, 45.09062922394573], [-0.451546011307098, 45.09438469778499], [-0.42914805648587, 45.104899953042654], [-0.415652718540074, 45.1089734844695], [-0.401173485295666, 45.107577814074055], [-0.398731085771762, 45.10110937242879], [-0.403018468169031, 45.09482307984157], [-0.400247044597773, 45.09193363033783], [-0.378826804758028, 45.08402373961179], [-0.355106752356383, 45.08155944092963], [-0.37567540791366, 45.07417886171892], [-0.388971030655015, 45.07739799272739], [-0.414780481779316, 45.08657735139333], [-0.433517450463915, 45.08860599928882], [-0.434366181685915, 45.0817123316135], [-0.450542148695605, 45.06905448894438], [-0.452144556821506, 45.062254450485504], [-0.452909827788638, 45.06187923352764], [-0.478037914409339, 45.057582217340816]]]}",10862,123,44,1,33,72
76128,76450,BOSVILLE,SEINE-MARITIME,HAUTE-NORMANDIE,"Commune simple",101.0,873.0,0.5,"49.7629078501, 0.684228513933","{""type"": ""Polygon"", ""coordinates"": [[[0.693439118722326, 49.73714278548117], [0.692615547012594, 49.737567637732134], [0.663728277277464, 49.76332707529803], [0.668528832613609, 49.7642549520175], [0.671327419313433, 49.77044764194494], [0.659275151192903, 49.77603235688586], [0.686688742736287, 49.78245205161843], [0.693914400366106, 49.77859812290553], [0.701441010546733, 49.7581477542048], [0.695919953116996, 49.748884079499106], [0.697801435593748, 49.74283430217822], [0.693439118722326, 49.73714278548117]]]}",8525,128,09,1,76,23
19253,19310,SEGONZAC,CORREZE,LIMOUSIN,"Commune simple",235.0,1992.0,0.2,"45.2767795103, 1.26250500836","{""type"": ""Polygon"", ""coordinates"": [[[1.276285048987988, 45.25569948587633], [1.257396639783226, 45.2549833138587], [1.239384615539919, 45.26044723297746], [1.241890773457935, 45.26630490558836], [1.227059989150467, 45.271843929307316], [1.232075898265802, 45.287838018527424], [1.2389452522426, 45.29172015893733], [1.241603014780173, 45.30130897680482], [1.267552048534758, 45.29791307375147], [1.288887066519876, 45.29049587784098], [1.285502333517178, 45.28065400394736], [1.289233442134937, 45.27464079354877], [1.313141274770446, 45.272004886924485], [1.310446401087803, 45.26959551780424], [1.301148765815345, 45.26999501793508], [1.281033337778577, 45.25596174133157], [1.276285048987988, 45.25569948587633]]]}",8556,253,02,1,19,74
21702,21120,VILLEY-SUR-TILLE,COTE-D'OR,BOURGOGNE,"Commune simple",344.0,1271.0,0.3,"47.5679614823, 5.1093341205","{""type"": ""Polygon"", ""coordinates"": [[[5.123070091878689, 47.549587000754315], [5.105179630231198, 47.54380625459825], [5.085965515970592, 47.548302693195126], [5.081756325738327, 47.558039740527406], [5.083064663910905, 47.56498583216955], [5.10157472826701, 47.57726905891571], [5.106276990610398, 47.58717918663001], [5.125102008856449, 47.59098892481618], [5.136142518693125, 47.598459160202054], [5.146632546620341, 47.5905048083202], [5.117881722986747, 47.57640688715098], [5.123070091878689, 47.549587000754315]]]}",7591,702,17,2,21,26
34247,34980,SAINT-CLEMENT-DE-RIVIERE,HERAULT,LANGUEDOC-ROUSSILLON,"Commune simple",90.0,1281.0,5.1,"43.6860686936, 3.84318936676","{""type"": ""Polygon"", ""coordinates"": [[[3.857034369424277, 43.65351793575016], [3.841510296726503, 43.64792514965432], [3.838859180727674, 43.650519190201315], [3.827970102579108, 43.66624202181274], [3.839502286460879, 43.67158876147066], [3.82873327824632, 43.68644706365349], [3.826137493091642, 43.696482341660634], [3.832412299251257, 43.71264131440628], [3.847161238093664, 43.716711995783704], [3.856867053198331, 43.710318837504744], [3.854726193773029, 43.694047868249754], [3.862349674017298, 43.68226240324867], [3.863227747111523, 43.678817949470556], [3.842820065657376, 43.67042928466879], [3.843685856202455, 43.663556670924955], [3.857034369424277, 43.65351793575016]]]}",10601,247,18,3,34,91
57276,57690,GUINGLANGE,MOSELLE,LORRAINE,"Commune simple",261.0,1045.0,0.3,"49.070677409, 6.51711375375","{""type"": ""Polygon"", ""coordinates"": [[[6.528416566747148, 49.04502110452419], [6.518009249151965, 49.04560557862315], [6.510565761417717, 49.04992771843088], [6.512619176916641, 49.0600291636256], [6.508511819090672, 49.06996861866568], [6.504219799782289, 49.07192997875429], [6.494476581504265, 49.069441782023574], [6.48886613726524, 49.06443876373565], [6.483329618382005, 49.06684053664051], [6.483046537344291, 49.07261785757365], [6.496431092880663, 49.085018200767834], [6.509264506512936, 49.081088943073354], [6.51530299910901, 49.08628551873088], [6.532950892549109, 49.09209502440882], [6.537501472874622, 49.079657713890285], [6.544475068655393, 49.07484393178761], [6.544141566854397, 49.07457475929142], [6.539833316729163, 49.07287471988757], [6.527846071756903, 49.05132928206853], [6.528416566747148, 49.04502110452419]]]}",17963,276,09,1,57,41
63328,63580,SAINTE-CATHERINE,PUY-DE-DOME,AUVERGNE,"Commune simple",855.0,564.0,0.1,"45.4508139616, 3.47808095492","{""type"": ""Polygon"", ""coordinates"": [[[3.503450401342203, 45.44105829006162], [3.470485453530177, 45.44239003499899], [3.453487547163355, 45.44736763214241], [3.459575006212922, 45.454870838613], [3.47960979776818, 45.463593662003284], [3.492649401411549, 45.459250887165105], [3.491512728801029, 45.45225915090386], [3.503450401342203, 45.44105829006162]]]}",25553,328,41,1,63,83
16280,16110,RIVIERES,CHARENTE,POITOU-CHARENTES,"Commune simple",99.0,2173.0,1.8,"45.7608747272, 0.359373568678","{""type"": ""Polygon"", ""coordinates"": [[[0.376967928244089, 45.742116234067176], [0.302342125776092, 45.742454482513544], [0.303253449516945, 45.74751295044459], [0.315663630634148, 45.75326021609358], [0.330332307058361, 45.75494196292056], [0.349517156854185, 45.778946596571195], [0.379568498675336, 45.79012712759478], [0.387837506912288, 45.78739067306495], [0.391595132560596, 45.76754791141359], [0.39640171143225, 45.76171251354928], [0.384798733408059, 45.74631654490107], [0.376967928244089, 45.742116234067176]]]}",33803,280,22,1,16,54
94052,94130,NOGENT-SUR-MARNE,VAL-DE-MARNE,ILE-DE-FRANCE,Sous-préfecture,63.0,279.0,31.0,"48.8366634713, 2.48166741533","{""type"": ""Polygon"", ""coordinates"": [[[2.465755861466258, 48.82628372037433], [2.467245943197848, 48.839088269853825], [2.491523260867017, 48.8476388283287], [2.497599519350123, 48.8308106206705], [2.475805615804708, 48.830618156735014], [2.465755861466258, 48.82628372037433]]]}",4022,052,19,2,94,11
78283,78113,GRANDCHAMP,YVELINES,ILE-DE-FRANCE,"Commune simple",147.0,607.0,0.3,"48.7197572172, 1.61429077254","{""type"": ""Polygon"", ""coordinates"": [[[1.602291785376446, 48.705040199225266], [1.594878195232106, 48.70931607269874], [1.587935014001836, 48.71072739635452], [1.590011160297112, 48.71287495705443], [1.61504030819465, 48.735306396423674], [1.620243968770584, 48.736005344711096], [1.617935496025934, 48.72970872759044], [1.621261595117607, 48.72733637855024], [1.63867084738456, 48.73184510198866], [1.639954021712649, 48.72852238379637], [1.631053617495383, 48.72051348635547], [1.633281416409076, 48.71382826262495], [1.613814594076348, 48.711291775389675], [1.602291785376446, 48.705040199225266]]]}",28216,283,08,1,78,11
18199,18160,SAINT-BAUDEL,CHER,CENTRE,"Commune simple",163.0,3026.0,0.3,"46.8510186735, 2.20484359931","{""type"": ""Polygon"", ""coordinates"": [[[2.153974371198649, 46.81788867118045], [2.158893718544126, 46.83137727704818], [2.156714930024356, 46.83817761846873], [2.181071571631692, 46.859693694832224], [2.19500140169071, 46.88780403018658], [2.214535572723856, 46.87753910481126], [2.243781109494112, 46.87359297434083], [2.237330738509164, 46.86824697717112], [2.247994492671555, 46.856674728504075], [2.243693750454739, 46.84318525778302], [2.237700781318554, 46.833565198595494], [2.230244491446991, 46.829220518698854], [2.210776934776753, 46.82550490486288], [2.203857148593395, 46.83040058820377], [2.183867602122154, 46.83094485086626], [2.153974371198649, 46.81788867118045]]]}",30532,199,18,2,18,24
46338,46210,BESSONIES,LOT,MIDI-PYRENEES,"Commune simple",577.0,742.0,0.1,"44.8085327316, 2.14444051482","{""type"": ""Polygon"", ""coordinates"": [[[2.166053357533307, 44.79902224003224], [2.151739260631269, 44.79895869504461], [2.141303484661276, 44.79170242631426], [2.117529191355476, 44.813656014633], [2.126539550519616, 44.812574845556576], [2.13116955845349, 44.821542963232595], [2.139800503016744, 44.82382515219366], [2.166289813136641, 44.812070391644404], [2.166053357533307, 44.79902224003224]]]}",1790,338,15,2,46,73
19154,19410,ORGNAC-SUR-VEZERE,CORREZE,LIMOUSIN,"Commune simple",325.0,1884.0,0.3,"45.3405611146, 1.46183907103","{""type"": ""Polygon"", ""coordinates"": [[[1.463408889136534, 45.31686865027078], [1.451763328324325, 45.322057786571094], [1.445328868230075, 45.313376714701036], [1.427373481401241, 45.317754990768876], [1.427610834817656, 45.32426980964264], [1.43543214854364, 45.332620089395434], [1.439403786720074, 45.33442273360119], [1.444486995161988, 45.34718321459635], [1.447482008180331, 45.36298565370859], [1.453369461833345, 45.36811959801143], [1.460462313668659, 45.367595885592195], [1.469662674270161, 45.3656955767702], [1.477092662690072, 45.357502179425445], [1.490973896378943, 45.35719475321617], [1.498331021505136, 45.34870183387704], [1.496344854624803, 45.34563112014001], [1.489594053799205, 45.336489127471786], [1.473659855900022, 45.328491717088085], [1.471881282945087, 45.31932625046432], [1.463408889136534, 45.31686865027078]]]}",19774,154,29,1,19,74
56050,56120,"LA CROIX-HELLEAN",MORBIHAN,BRETAGNE,"Commune simple",82.0,1450.0,0.8,"47.9636789814, -2.51127913999","{""type"": ""Polygon"", ""coordinates"": [[[-2.484335624921883, 47.94796505806307], [-2.48661400709694, 47.94118287281176], [-2.496460329079746, 47.9399371627047], [-2.528993338683999, 47.950758971103845], [-2.541571121983268, 47.96649467489616], [-2.539547991705355, 47.97322094703905], [-2.514031356344181, 47.98478754742407], [-2.511893020500764, 47.991608689893624], [-2.498916366812142, 47.989979784296295], [-2.501733410639582, 47.98708740191334], [-2.484335624921883, 47.94796505806307]]]}",20060,050,15,2,56,53
17238,17500,MOINGS,CHARENTE-MARITIME,POITOU-CHARENTES,"Commune simple",44.0,757.0,0.2,"45.4890366875, -0.369422464302","{""type"": ""Polygon"", ""coordinates"": [[[-0.357847794549346, 45.47117603434451], [-0.38365163341626, 45.48618215885113], [-0.400568837833789, 45.49314244007738], [-0.381383978751977, 45.503645476634944], [-0.361002495092504, 45.49641656250522], [-0.343861838324436, 45.49120556639483], [-0.344523149331884, 45.48793225638125], [-0.357847794549346, 45.47117603434451]]]}",21094,238,11,1,17,54
62870,62170,WAILLY-BEAUCAMP,PAS-DE-CALAIS,NORD-PAS-DE-CALAIS,"Commune simple",46.0,1437.0,1.0,"50.4082282743, 1.73011785449","{""type"": ""Polygon"", ""coordinates"": [[[1.753657840682866, 50.39093047290985], [1.746008270376165, 50.38622010418951], [1.73200542227848, 50.390763941804735], [1.721749536925263, 50.39034397038982], [1.712820209055826, 50.394085080778886], [1.713605751294237, 50.40073736025934], [1.6997863993017, 50.41097174046586], [1.693540770146491, 50.40637176455129], [1.68848837250863, 50.407251990520386], [1.687162169705462, 50.41340606221988], [1.687715879206871, 50.413726186404986], [1.694003588668777, 50.41725843374721], [1.692561273272875, 50.41977505738126], [1.708337681067818, 50.419958916300835], [1.726047231553888, 50.4276215468514], [1.733868179060161, 50.424002927551946], [1.747101881236151, 50.42759435504832], [1.757267704080471, 50.41658207549737], [1.759742790895462, 50.396495530570824], [1.753657840682866, 50.39093047290985]]]}",21393,870,37,4,62,31
01281,01210,ORNEX,AIN,RHONE-ALPES,"Commune simple",469.0,566.0,3.3,"46.2774557513, 6.09454723599","{""type"": ""Polygon"", ""coordinates"": [[[6.102719084465885, 46.26173039577651], [6.090911762235973, 46.271910523088465], [6.077745011224975, 46.27324961948623], [6.075791733497108, 46.28289077305044], [6.087783112147833, 46.29384871440755], [6.102366083823746, 46.28484609499506], [6.115497909045866, 46.26595921927397], [6.102719084465885, 46.26173039577651]]]}",25023,281,13,3,01,82
63391,63440,SAINT-REMY-DE-BLOT,PUY-DE-DOME,AUVERGNE,"Commune simple",542.0,1532.0,0.2,"46.0773790361, 2.9483504199","{""type"": ""Polygon"", ""coordinates"": [[[2.968906514457045, 46.05526021072637], [2.960872155714653, 46.05849949094228], [2.962562226478084, 46.06494757539584], [2.943703065129161, 46.06296770862527], [2.931743130544842, 46.06875129870701], [2.921950222550506, 46.06833976296144], [2.914351144328433, 46.07153102303404], [2.912666474217174, 46.08139911685176], [2.93054366178805, 46.0965397001129], [2.929693845617001, 46.10315777516882], [2.994540419667541, 46.069420054729115], [2.976029338286662, 46.0640777446687], [2.968906514457045, 46.05526021072637]]]}",8320,391,25,4,63,83
80627,80160,PLACHY-BUYON,SOMME,PICARDIE,"Commune simple",81.0,1016.0,0.9,"49.8120593535, 2.22769892861","{""type"": ""Polygon"", ""coordinates"": [[[2.251291140044942, 49.80060256761685], [2.246088461118974, 49.80041778581187], [2.237088147464688, 49.79241032568216], [2.232024834167976, 49.793169212080215], [2.2091111453139, 49.80478383285752], [2.214843357760437, 49.81389534064032], [2.204566754470792, 49.82115119994629], [2.180219544680509, 49.824844446814225], [2.200702348489154, 49.82761275317855], [2.227048745362054, 49.82486249504656], [2.231562294584534, 49.826705852356014], [2.241951878615009, 49.822880558403234], [2.246107675854826, 49.816994507492964], [2.255070770053514, 49.813662383865456], [2.251291140044942, 49.80060256761685]]]}",35457,627,17,2,80,22
36232,36500,VENDOEUVRES,INDRE,CENTRE,"Commune simple",116.0,9879.0,1.1,"46.7879906602, 1.3602788548","{""type"": ""Polygon"", ""coordinates"": [[[1.363102984611267, 46.73119801197924], [1.344723831031897, 46.73601393899723], [1.294213724986131, 46.73516666044508], [1.276383315412726, 46.75917206891527], [1.280572836893178, 46.76550312242038], [1.289637981959703, 46.76855640499315], [1.294242341076898, 46.77844147739823], [1.297970303341019, 46.78079329414401], [1.307941922225645, 46.779697704407404], [1.315195724374119, 46.784208211873235], [1.314926435646544, 46.79793839641754], [1.303487473687384, 46.8131343690454], [1.317655783762459, 46.82662623749864], [1.330165723014185, 46.83283344302202], [1.340289244184068, 46.83349327440494], [1.376771528029008, 46.845712250955685], [1.394212731806258, 46.839157677901994], [1.416650211129353, 46.825383804805625], [1.423196967169649, 46.82945423134465], [1.432529828596348, 46.82162080256163], [1.440159396554139, 46.80587459656062], [1.453481140571813, 46.80922452302789], [1.447850581482925, 46.80385334293791], [1.439091789020417, 46.80150136560682], [1.440018894181188, 46.79480471771242], [1.430776297653475, 46.787483359576214], [1.432405065987655, 46.78103046540174], [1.419152418787986, 46.77558957097896], [1.407432685463404, 46.764008376299515], [1.393232524052749, 46.76069463650291], [1.378031630038737, 46.746638931518184], [1.365157235356357, 46.74083667196154], [1.361805792684817, 46.73815916411711], [1.363102984611267, 46.73119801197924]]]}",13993,232,06,2,36,24
61457,61300,SAINT-SYMPHORIEN-DES-BRUYERES,ORNE,BASSE-NORMANDIE,"Commune simple",278.0,1617.0,0.5,"48.7864528297, 0.557396047758","{""type"": ""Polygon"", ""coordinates"": [[[0.575951288502781, 48.77766137153356], [0.543554590503805, 48.77000784101726], [0.528852994501091, 48.77000146540242], [0.507972555202543, 48.78307404643793], [0.529856765555823, 48.79710680036259], [0.544082923860925, 48.80100826502021], [0.552901106424649, 48.793054980617434], [0.581378126407139, 48.80185893850829], [0.586646160985895, 48.80192945709494], [0.593018091859912, 48.79638033231048], [0.608609112851594, 48.79763816456899], [0.617935480354123, 48.787270019114864], [0.599634958101673, 48.7872546225367], [0.590368267748121, 48.785934321810565], [0.575951288502781, 48.77766137153356]]]}",9362,457,37,3,61,25
23081,23260,FLAYAT,CREUSE,LIMOUSIN,"Commune simple",762.0,4397.0,0.3,"45.7785868628, 2.38619915341","{""type"": ""Polygon"", ""coordinates"": [[[2.377574276689797, 45.72566844716573], [2.368554938010531, 45.72734728085614], [2.361884523630356, 45.75050703792185], [2.348741033206127, 45.75464633937417], [2.355095552075479, 45.7634989256586], [2.351785527216021, 45.765983398562774], [2.342400795849018, 45.764227105124334], [2.333890852968952, 45.76679769606253], [2.335578754792085, 45.7762361030789], [2.349680241867805, 45.77759699102297], [2.363610234986113, 45.79167047265224], [2.370828466451695, 45.804399247906176], [2.364978682944923, 45.813722895568105], [2.372112718466152, 45.82620796792309], [2.376498141377548, 45.83138323278498], [2.385695975737628, 45.830217929942215], [2.388007550589553, 45.82737583533382], [2.430863033628966, 45.788616668326554], [2.434105863344874, 45.76985728791389], [2.398966180704543, 45.756681144453246], [2.397539877073233, 45.74000501885659], [2.382159149520847, 45.73188920627682], [2.377574276689797, 45.72566844716573]]]}",30497,081,13,1,23,74
40011,40330,ARSAGUE,LANDES,AQUITAINE,"Commune simple",72.0,719.0,0.3,"43.5819217189, -0.789693590118","{""type"": ""Polygon"", ""coordinates"": [[[-0.794166697807848, 43.56395994735798], [-0.806003474788515, 43.57806615938776], [-0.804995874570536, 43.58753285291344], [-0.798200629580833, 43.59551772277316], [-0.780897643704004, 43.598328653834564], [-0.770304544480724, 43.5791680527326], [-0.782302768627159, 43.57547173740132], [-0.781755934878911, 43.565861472654014], [-0.794166697807848, 43.56395994735798]]]}",26489,011,02,1,40,72
28031,28480,BEAUMONT-LES-AUTELS,EURE-ET-LOIR,CENTRE,"Commune simple",229.0,2143.0,0.5,"48.239618229, 0.952240810191","{""type"": ""Polygon"", ""coordinates"": [[[0.939920494729798, 48.21161057996325], [0.922326457339421, 48.212796561228394], [0.91985801765033, 48.219386806541934], [0.931844966400652, 48.23416962190342], [0.9157580487679, 48.24236573468434], [0.913115851155626, 48.24511835234216], [0.925131404009342, 48.24934422064667], [0.933990077358434, 48.26435944105383], [0.953115648244581, 48.2592287517986], [0.967186200034776, 48.263809768282464], [0.992978239071429, 48.26580746161545], [1.011775942892432, 48.27172324316382], [0.983326033140407, 48.256651767914974], [0.971162797896721, 48.23789343949906], [0.972166783838472, 48.227550891813685], [0.990916897151651, 48.221921764964165], [0.98189903655221, 48.21858180431582], [0.95090162815301, 48.21770615566004], [0.944598451611504, 48.21252015932299], [0.939920494729798, 48.21161057996325]]]}",12908,031,03,4,28,24
78322,78350,JOUY-EN-JOSAS,YVELINES,ILE-DE-FRANCE,"Commune simple",137.0,1024.0,8.2,"48.7661635434, 2.16266396041","{""type"": ""Polygon"", ""coordinates"": [[[2.138892810800436, 48.74312203624315], [2.131088571701024, 48.74707710062115], [2.128439647637345, 48.75339898835865], [2.15468772629526, 48.76295995751248], [2.145853094674799, 48.77074026416568], [2.146395117801802, 48.7908464891847], [2.161929188683613, 48.78223199211193], [2.190662977044721, 48.775036764245655], [2.18762675084453, 48.77251572791108], [2.192472389973535, 48.763635146610014], [2.189517467290175, 48.75416195345186], [2.175249479828438, 48.75751815092282], [2.161767485963957, 48.75247729265489], [2.151345550726766, 48.75262854215567], [2.138958105319269, 48.746585440129884], [2.138892810800436, 48.74312203624315]]]}",27247,322,29,4,78,11
44105,44590,MOUAIS,LOIRE-ATLANTIQUE,"PAYS DE LA LOIRE","Commune simple",29.0,1002.0,0.4,"47.7049782547, -1.66473754092","{""type"": ""Polygon"", ""coordinates"": [[[-1.63282547535884, 47.68704935043726], [-1.682531955789673, 47.702766745542164], [-1.696274873375258, 47.69835604427568], [-1.711269756297135, 47.70042126299107], [-1.710533620080993, 47.707348725033405], [-1.706050457831309, 47.70907121809277], [-1.686313830441625, 47.71265050787697], [-1.661031876477739, 47.710145234956755], [-1.644386799894528, 47.72208722090937], [-1.63813084527911, 47.722209405593546], [-1.636239676623492, 47.70249395981029], [-1.640354135197589, 47.69652415937612], [-1.635624724725358, 47.69604471280853], [-1.63282547535884, 47.68704935043726]]]}",13004,105,11,1,44,52
49071,49750,CHANZEAUX,MAINE-ET-LOIRE,"PAYS DE LA LOIRE","Commune simple",78.0,3151.0,1.1,"47.2677087526, -0.651076217738","{""type"": ""Polygon"", ""coordinates"": [[[-0.616267875963977, 47.25633159872992], [-0.621331195585387, 47.25623658706199], [-0.626437016442189, 47.25030020135367], [-0.651438131596261, 47.23918710585912], [-0.666439127803624, 47.23794731131982], [-0.674487863631327, 47.2418650462584], [-0.668830946702498, 47.250885394677866], [-0.698104783952658, 47.250054031708025], [-0.71043191416631, 47.26468382364465], [-0.709490490996969, 47.26792239272822], [-0.688528380038534, 47.27598139594413], [-0.678267711842195, 47.28664441907218], [-0.658954711728529, 47.28913893146277], [-0.655635942551435, 47.27930323423594], [-0.645774150658113, 47.278388095348454], [-0.631510784935762, 47.287964850903734], [-0.624901564723376, 47.29718354724155], [-0.605816998821241, 47.297246709140666], [-0.59792830440001, 47.30149289700958], [-0.593954295073948, 47.296551494918546], [-0.607781288847783, 47.281928580159104], [-0.604591984070382, 47.2724932074682], [-0.613191435016058, 47.26392551358951], [-0.609738626706673, 47.261401599211794], [-0.616267875963977, 47.25633159872992]]]}",11880,071,32,1,49,52
34106,34700,FOZIERES,HERAULT,LANGUEDOC-ROUSSILLON,"Commune simple",387.0,540.0,0.2,"43.7508754164, 3.35595982822","{""type"": ""Polygon"", ""coordinates"": [[[3.36819394670018, 43.742016795751624], [3.354080278215585, 43.74178463834881], [3.342034462361438, 43.74694333163497], [3.329883662268815, 43.74287745372226], [3.328909850288455, 43.746209875244], [3.342272196496055, 43.75556327258698], [3.340540597257608, 43.75873622892271], [3.363129720168613, 43.76155185697708], [3.380430216220949, 43.749218628898376], [3.36819394670018, 43.742016795751624]]]}",23807,106,15,2,34,91
31360,31110,MONTAUBAN-DE-LUCHON,HAUTE-GARONNE,MIDI-PYRENEES,"Commune simple",1151.0,574.0,0.5,"42.7905243609, 0.623354384016","{""type"": ""Polygon"", ""coordinates"": [[[0.644540504562064, 42.783076465816876], [0.630870918303134, 42.780769093467995], [0.599805857814907, 42.789280594089874], [0.605032131406501, 42.80147007520831], [0.618867928054784, 42.79981717552369], [0.652293819780092, 42.787654493727906], [0.644540504562064, 42.783076465816876]]]}",23946,360,04,2,31,73
46198,46160,MONTBRUN,LOT,MIDI-PYRENEES,"Commune simple",279.0,810.0,0.1,"44.5112155003, 1.90302940937","{""type"": ""Polygon"", ""coordinates"": [[[1.916453806453995, 44.48632423575861], [1.908117272063485, 44.488195667278376], [1.901604675338328, 44.50361618637306], [1.88790662460544, 44.504802414131284], [1.881756052633778, 44.51872206908378], [1.882169121927985, 44.52201239882847], [1.897030942715432, 44.52976057189552], [1.906091251948902, 44.52854528133454], [1.912872587907475, 44.52213004353767], [1.92138477865499, 44.51065363420857], [1.918913130975234, 44.50437234037667], [1.911268148382399, 44.50286568430893], [1.920811527956743, 44.491921783431536], [1.916453806453995, 44.48632423575861]]]}",26553,198,04,2,46,73
01058,01300,BREGNIER-CORDON,AIN,RHONE-ALPES,"Commune simple",230.0,1113.0,0.8,"45.6416854652, 5.61653371","{""type"": ""Polygon"", ""coordinates"": [[[5.636371729497649, 45.61739694767873], [5.632213832293535, 45.611493804131186], [5.623748035268077, 45.61326832676418], [5.614911038351872, 45.62541202211381], [5.606273868271233, 45.633423870917326], [5.600519409759299, 45.65363963462867], [5.589130885311066, 45.6603801331163], [5.58639853551969, 45.66707405460274], [5.595358907399018, 45.669345513028105], [5.606458333294379, 45.663809393452624], [5.619664848939361, 45.667548239024526], [5.622717131137494, 45.66606263579739], [5.619135540745552, 45.66369535696099], [5.623550680925366, 45.64678027487921], [5.631603680301085, 45.63837530315664], [5.631200821406302, 45.63260042859095], [5.648328348810831, 45.62740532563658], [5.638411604363716, 45.62302530458857], [5.636371729497649, 45.61739694767873]]]}",17597,058,04,1,01,82
18154,18350,MORNAY-BERRY,CHER,CENTRE,"Commune simple",205.0,939.0,0.2,"47.0542272715, 2.86500900166","{""type"": ""Polygon"", ""coordinates"": [[[2.876948994760352, 47.03010592000333], [2.858475769734492, 47.03478448727012], [2.859007199817631, 47.048119000594156], [2.845083978255805, 47.05744654486166], [2.850551870700442, 47.06675407570404], [2.843583095090449, 47.07074227607805], [2.848144879478445, 47.07926537152722], [2.857705090537781, 47.07237209740565], [2.876664523779921, 47.06817138741008], [2.879082585779453, 47.065184879261714], [2.877714295477748, 47.05847604181584], [2.882931047754852, 47.05256631855715], [2.879106907895976, 47.04256875997661], [2.880920811211141, 47.032279881576706], [2.876948994760352, 47.03010592000333]]]}",20341,154,21,2,18,24
59451,59530,ORSINVAL,NORD,NORD-PAS-DE-CALAIS,"Commune simple",102.0,335.0,0.5,"50.2718570583, 3.63293709102","{""type"": ""Polygon"", ""coordinates"": [[[3.651121331831107, 50.267559663803716], [3.6352218881459, 50.26761573620443], [3.625684469344317, 50.264432026], [3.61006711460336, 50.26688985260582], [3.633495671972244, 50.28079700766861], [3.64822897990341, 50.27689529251106], [3.651121331831107, 50.267559663803716]]]}",34450,451,50,1,59,31
49044,49490,BREIL,MAINE-ET-LOIRE,"PAYS DE LA LOIRE","Commune simple",78.0,1520.0,0.3,"47.473768222, 0.167566733068","{""type"": ""Polygon"", ""coordinates"": [[[0.180874107213525, 47.45322583467806], [0.176896242910949, 47.451598113973525], [0.167965890908902, 47.45849709831037], [0.156005908962466, 47.45487261929499], [0.157701345964541, 47.457958616308254], [0.153360318636468, 47.459419839824996], [0.138898231209421, 47.460380319257446], [0.138805796157197, 47.47304280373552], [0.138928498103366, 47.4796934354064], [0.149824087275548, 47.49066161965961], [0.153390098322238, 47.49432481554226], [0.200646161264225, 47.48449941056306], [0.198850490090774, 47.47641266460504], [0.194755591020246, 47.47444052949711], [0.190351982309418, 47.461147447279096], [0.180874107213525, 47.45322583467806]]]}",21262,044,22,3,49,52
77473,77710,TREUZY-LEVELAY,SEINE-ET-MARNE,ILE-DE-FRANCE,"Commune simple",99.0,1410.0,0.5,"48.2730119814, 2.79481734896","{""type"": ""Polygon"", ""coordinates"": [[[2.774537866236184, 48.24849381470087], [2.774200178341582, 48.25184928829743], [2.760789163559838, 48.256096783268504], [2.752073958419902, 48.264212642671886], [2.744866136997284, 48.272214111931504], [2.751898481669059, 48.275729095494505], [2.791675661567156, 48.27532897073221], [2.806117078863335, 48.288390787408886], [2.805457694641348, 48.29170973436763], [2.824450298439081, 48.29308903835079], [2.839145171065279, 48.284814353516516], [2.837000721912555, 48.27205305361366], [2.792405125879626, 48.26465021732644], [2.784242433409858, 48.260460742545945], [2.774537866236184, 48.24849381470087]]]}",18291,473,24,4,77,11
91521,91130,RIS-ORANGIS,ESSONNE,ILE-DE-FRANCE,"Chef-lieu canton",67.0,839.0,27.3,"48.6451939168, 2.40793631766","{""type"": ""Polygon"", ""coordinates"": [[[2.399270549079666, 48.624104543166744], [2.383529495995757, 48.62997897821703], [2.391422956309321, 48.643197518726176], [2.407056815698759, 48.66741901766303], [2.429370468774642, 48.653558716681005], [2.437760992970383, 48.648471422000476], [2.426371063903442, 48.64232745971426], [2.422037169221743, 48.64391664152124], [2.413329247562272, 48.63607529432419], [2.399270549079666, 48.624104543166744]]]}",16425,521,23,2,91,11
02169,02270,CHATILLON-LES-SONS,AISNE,PICARDIE,"Commune simple",113.0,1075.0,0.1,"49.7618503091, 3.70312508858","{""type"": ""Polygon"", ""coordinates"": [[[3.716828618523183, 49.75143989419499], [3.709541717261785, 49.7469809525069], [3.695050479125973, 49.74998465844918], [3.68887737631884, 49.74467351620451], [3.683982102646022, 49.74566251161867], [3.667166448014912, 49.747022652431255], [3.688957372305319, 49.76709091198102], [3.690728687766339, 49.773963363685624], [3.692667579984428, 49.77678260889832], [3.701603059772678, 49.776803399889445], [3.712971565556431, 49.78215533778266], [3.729413618673456, 49.771384003682805], [3.730241559882224, 49.76427189349178], [3.724719333498647, 49.75535568618478], [3.716828618523183, 49.75143989419499]]]}",29946,169,19,2,02,22
62067,62560,AVROULT,PAS-DE-CALAIS,NORD-PAS-DE-CALAIS,"Commune simple",137.0,479.0,0.5,"50.6320023279, 2.14547609845","{""type"": ""Polygon"", ""coordinates"": [[[2.125268512588579, 50.617420311209756], [2.134433536495628, 50.64142053053933], [2.138859077192041, 50.64013201894357], [2.151888380863746, 50.64414362956098], [2.165640822945318, 50.637891701130876], [2.167695153856527, 50.63485408044829], [2.162339512865477, 50.62937036153899], [2.134972066629789, 50.61999235046962], [2.125268512588579, 50.617420311209756]]]}",32005,067,23,5,62,31
17183,17120,GREZAC,CHARENTE-MARITIME,POITOU-CHARENTES,"Commune simple",29.0,2017.0,0.8,"45.6032269459, -0.83530051461","{""type"": ""Polygon"", ""coordinates"": [[[-0.792943802014521, 45.58333427603932], [-0.80771705589915, 45.58364600006136], [-0.816365025453851, 45.591953202627955], [-0.830141453550162, 45.596010243460306], [-0.850069944462134, 45.58636794151301], [-0.874019505017976, 45.58696025999428], [-0.88245572827673, 45.59007701789455], [-0.875032194351894, 45.60565981032312], [-0.867636525464174, 45.614344098811245], [-0.83968626942674, 45.61624876943163], [-0.834863037373898, 45.622102117078754], [-0.825844459940129, 45.62415831524042], [-0.825749092321924, 45.63095915457323], [-0.811535072253145, 45.62682595744951], [-0.802957909617607, 45.6020359471092], [-0.791328748862761, 45.59650583034942], [-0.792943802014521, 45.58333427603932]]]}",498,183,08,4,17,54
26043,26170,BEAUVOISIN,DROME,RHONE-ALPES,"Commune simple",641.0,950.0,0.2,"44.3007007366, 5.2126241299","{""type"": ""Polygon"", ""coordinates"": [[[5.239872338274158, 44.29180964199159], [5.218264246680032, 44.286187628252996], [5.200363274264107, 44.28877168326663], [5.187980362509549, 44.30216587694745], [5.198514967381197, 44.31708386858908], [5.209409436249103, 44.32306990460903], [5.209115340593763, 44.3161690199848], [5.215225269208982, 44.310760193314636], [5.242973791827501, 44.29763562529825], [5.239872338274158, 44.29180964199159]]]}",33774,043,03,2,26,82
35273,35133,SAINT-GERMAIN-EN-COGLES,ILLE-ET-VILAINE,BRETAGNE,"Commune simple",140.0,3259.0,2.0,"48.3974434735, -1.26442564597","{""type"": ""Polygon"", ""coordinates"": [[[-1.28761282994171, 48.36446015539776], [-1.295441766478038, 48.36644690357464], [-1.294719177297469, 48.375807614052384], [-1.303999787866471, 48.37716454107993], [-1.30746119238014, 48.3830934935385], [-1.29771460243045, 48.41690155828861], [-1.303537119301121, 48.42651097765358], [-1.276708399968298, 48.43916749594475], [-1.268728249365978, 48.42612096442316], [-1.249958443823656, 48.40947013432387], [-1.231192613478431, 48.40313234980149], [-1.210339533813396, 48.40259591991181], [-1.203885970538555, 48.39837446083704], [-1.202286749641593, 48.38633155213621], [-1.21169245518656, 48.38453790645515], [-1.214482055331867, 48.37833919228376], [-1.236691734032534, 48.373005741909886], [-1.245047068724264, 48.3808513218301], [-1.254691297576372, 48.38286578091193], [-1.270983283103239, 48.3749632645597], [-1.277903541055488, 48.36610886403481], [-1.28761282994171, 48.36446015539776]]]}",14119,273,36,1,35,53
07208,07170,SAINT-ANDEOL-DE-BERG,ARDECHE,RHONE-ALPES,"Commune simple",392.0,1574.0,0.1,"44.530020748, 4.53661194159","{""type"": ""Polygon"", ""coordinates"": [[[4.559104919012022, 44.53693736818332], [4.555910936541563, 44.534326242392886], [4.558126390982654, 44.52063590165899], [4.549837905471262, 44.50477062389343], [4.530640161421537, 44.51459176538321], [4.516769824272545, 44.512136158905044], [4.514346819664218, 44.514690521892035], [4.501532937673246, 44.51502770247503], [4.531507535566074, 44.55354895394427], [4.535793677098129, 44.55511015314851], [4.543634605150971, 44.55126412640619], [4.553136517001016, 44.551995268720546], [4.56416224181507, 44.542268265892254], [4.559104919012022, 44.53693736818332]]]}",4874,208,29,1,07,82
08040,08000,"LES AYVELLES",ARDENNES,CHAMPAGNE-ARDENNE,"Commune simple",163.0,542.0,0.9,"49.7217923857, 4.75240985606","{""type"": ""Polygon"", ""coordinates"": [[[4.731699358295522, 49.710524423893254], [4.725999941820443, 49.7157730937109], [4.733502191651117, 49.72447408305521], [4.759203804899061, 49.732922052145916], [4.761348420748353, 49.72997019791493], [4.781541163441814, 49.72933498672602], [4.782367523209821, 49.72280705002725], [4.767680899686805, 49.72063047788129], [4.751241854502108, 49.71297707159986], [4.731699358295522, 49.710524423893254]]]}",17102,040,09,1,08,21
10249,10270,MONTIERAMEY,AUBE,CHAMPAGNE-ARDENNE,"Commune simple",132.0,669.0,0.4,"48.2350578158, 4.31390448767","{""type"": ""Polygon"", ""coordinates"": [[[4.335365464804071, 48.218839898035135], [4.330547272280762, 48.22428469350162], [4.305137479900103, 48.227132800635005], [4.293473444419213, 48.23369528907239], [4.286895181742, 48.242873959366634], [4.289002136328815, 48.24584761383039], [4.3078327588538, 48.24947428752167], [4.332598965347387, 48.232999617853096], [4.346519463746315, 48.230610070906295], [4.335365464804071, 48.218839898035135]]]}",18486,249,12,3,10,21
57598,57520,ROUHLING,MOSELLE,LORRAINE,"Commune simple",304.0,601.0,2.0,"49.130927834, 7.00317727676","{""type"": ""Polygon"", ""coordinates"": [[[7.000947004287148, 49.12022725254086], [6.986571806459741, 49.122172275160274], [6.98856285403132, 49.12505001998191], [6.981964669709813, 49.138601189845936], [7.003001958462685, 49.1434391379599], [7.023128634826612, 49.133683966130654], [7.023967055972309, 49.12487839113536], [7.011698018185077, 49.12002195823689], [7.000947004287148, 49.12022725254086]]]}",18633,598,50,6,57,41
77468,77200,TORCY,SEINE-ET-MARNE,ILE-DE-FRANCE,Sous-préfecture,70.0,614.0,22.2,"48.8532553496, 2.65123227423","{""type"": ""Polygon"", ""coordinates"": [[[2.665620826932078, 48.832342706098636], [2.658536008864461, 48.83250255911048], [2.637712198290552, 48.845463806215065], [2.629330299368151, 48.857219419765805], [2.639171207596889, 48.85909312238613], [2.660854075349293, 48.874040300221786], [2.662008878593698, 48.87466409355319], [2.665387845234348, 48.86227197261834], [2.662331351245629, 48.8501584135312], [2.658319187474673, 48.838563534114286], [2.665620826932078, 48.832342706098636]]]}",21957,468,35,5,77,11
24305,24800,NANTHIAT,DORDOGNE,AQUITAINE,"Commune simple",231.0,1119.0,0.3,"45.4081424618, 0.985034812196","{""type"": ""Polygon"", ""coordinates"": [[[0.988761076762395, 45.38933829880253], [0.979563865208074, 45.39196513723099], [0.954871513245884, 45.39004892076551], [0.951654609723779, 45.392701429198716], [0.972522923175024, 45.40731284736687], [0.972656361296629, 45.41768292245997], [0.977513222986036, 45.42375165218275], [0.987245990225469, 45.43015099755547], [1.001579247417206, 45.43000204931793], [1.007198684121788, 45.42455348148233], [0.99880757966746, 45.41637836561166], [0.999632003389564, 45.413015287269126], [1.010824185953714, 45.406882259774136], [0.988761076762395, 45.38933829880253]]]}",1743,305,18,2,24,72
90050,90150,FRAIS,"TERRITOIRE DE BELFORT",FRANCHE-COMTE,"Commune simple",361.0,281.0,0.2,"47.6463987999, 6.9814493981","{""type"": ""Polygon"", ""coordinates"": [[[6.970711834793668, 47.63674925479721], [6.97364246496404, 47.64261572415674], [6.969938850115749, 47.65466502392643], [6.971255628406541, 47.655151973839885], [6.994968249411905, 47.65100850557576], [6.991319607893028, 47.64111144059174], [6.972313906804603, 47.63677585826987], [6.970711834793668, 47.63674925479721]]]}",23973,050,03,1,90,43
02715,02160,SERVAL,AISNE,PICARDIE,"Commune simple",138.0,218.0,0.0,"49.352069984, 3.68270184221","{""type"": ""Polygon"", ""coordinates"": [[[3.690155980581991, 49.34285344078701], [3.674776968515286, 49.345124679673724], [3.668870011042732, 49.3500746148012], [3.686769845926168, 49.36236127434846], [3.694972717425642, 49.360327805414705], [3.688572988568697, 49.352067443511935], [3.690155980581991, 49.34285344078701]]]}",24685,715,04,4,02,22
31066,31660,BESSIERES,HAUTE-GARONNE,MIDI-PYRENEES,"Commune simple",111.0,1675.0,3.2,"43.796995756, 1.58618244226","{""type"": ""Polygon"", ""coordinates"": [[[1.625502229404855, 43.801807070372874], [1.59536826965362, 43.7719383861289], [1.587339786238758, 43.77365261216077], [1.574598625869587, 43.78751795983159], [1.567302007700896, 43.791148385781774], [1.559806931386405, 43.78831352479924], [1.546097626041794, 43.795385746496414], [1.545104378082138, 43.80072769690545], [1.549327838903447, 43.80127900305661], [1.562403084193362, 43.81353970276704], [1.574275132931471, 43.81046445953922], [1.588588714523304, 43.81717594283459], [1.625502229404855, 43.801807070372874]]]}",503,066,19,3,31,73
09096,09310,CHATEAU-VERDUN,ARIEGE,MIDI-PYRENEES,"Commune simple",593.0,81.0,0.1,"42.7815593895, 1.67722786249","{""type"": ""Polygon"", ""coordinates"": [[[1.680280768116774, 42.77363697397716], [1.670241180545641, 42.781354721054164], [1.674156442015135, 42.78687095978102], [1.678720089276464, 42.78752983909965], [1.682731592424949, 42.78400000007119], [1.680280768116774, 42.77363697397716]]]}",17030,096,03,1,09,73
22291,22800,SAINT-GILDAS,COTES-D'ARMOR,BRETAGNE,"Commune simple",241.0,1603.0,0.3,"48.4221536178, -3.00656525522","{""type"": ""Polygon"", ""coordinates"": [[[-2.968647999277612, 48.40851469959155], [-2.972130559379039, 48.40589399256076], [-3.024254181336492, 48.40346910786146], [-3.034816286274405, 48.41070877946715], [-3.034557984669453, 48.419068079626534], [-3.027882238019644, 48.424081932472546], [-3.033091532783556, 48.429771635006105], [-3.028006095900017, 48.44249990146971], [-3.021917775728248, 48.44769979253976], [-3.002845960692075, 48.44375958137389], [-2.992923548700309, 48.432523955670526], [-2.983103644963417, 48.431775393104566], [-2.981960710768622, 48.42520174417117], [-2.968647999277612, 48.40851469959155]]]}",31693,291,41,4,22,53
80299,80250,"LA FALOISE",SOMME,PICARDIE,"Commune simple",99.0,971.0,0.2,"49.6967150248, 2.34026519713","{""type"": ""Polygon"", ""coordinates"": [[[2.332294686973483, 49.68099400452121], [2.315517154819394, 49.68980576892724], [2.316122489115182, 49.69945088505926], [2.310675597204504, 49.70786668824187], [2.356000042079045, 49.709902981271526], [2.361816535349762, 49.70126250699374], [2.376020265713476, 49.69757115052863], [2.372762848711798, 49.695469732107576], [2.349474209570066, 49.68259667863036], [2.334289065363632, 49.68417694050756], [2.332294686973483, 49.68099400452121]]]}",20222,299,05,3,80,22
59399,59270,MERRIS,NORD,NORD-PAS-DE-CALAIS,"Commune simple",28.0,1024.0,1.1,"50.7178435961, 2.6572770613","{""type"": ""Polygon"", ""coordinates"": [[[2.676800496413798, 50.69881089184916], [2.633117498349073, 50.70792332611405], [2.63260885381794, 50.72719635258046], [2.658139917862764, 50.73347848747087], [2.674634269682848, 50.7321677887683], [2.684229169205433, 50.72400009188591], [2.677052707101659, 50.71449699614894], [2.672470663085543, 50.70843700521091], [2.676800496413798, 50.69881089184916]]]}",30186,399,06,4,59,31
49284,49170,SAINT-GERMAIN-DES-PRES,MAINE-ET-LOIRE,"PAYS DE LA LOIRE","Commune simple",32.0,2000.0,1.4,"47.4104988844, -0.812032158291","{""type"": ""Polygon"", ""coordinates"": [[[-0.809442269729651, 47.38099980682396], [-0.822989639684312, 47.38285297708384], [-0.834010850527194, 47.38851924764957], [-0.844053956638383, 47.393468843997766], [-0.838927482563042, 47.407130283760786], [-0.841368225653241, 47.41024912504306], [-0.820311439464957, 47.4342583857718], [-0.824008008577697, 47.4367324627772], [-0.819411528171481, 47.43802809580041], [-0.796357148009179, 47.43173537918503], [-0.771920003842307, 47.431935839612386], [-0.809442269729651, 47.38099980682396]]]}",21511,284,26,1,49,52
52170,52190,DOMMARIEN,HAUTE-MARNE,CHAMPAGNE-ARDENNE,"Commune simple",302.0,1791.0,0.2,"47.6892296711, 5.35283846982","{""type"": ""Polygon"", ""coordinates"": [[[5.333306307198012, 47.673359857117674], [5.313732720021472, 47.67945793882936], [5.318375490032548, 47.70404757110479], [5.333337034539444, 47.70300262670485], [5.351156364790723, 47.70899399750136], [5.364912210359713, 47.70631240237851], [5.372852929424615, 47.697993262740376], [5.395589514481423, 47.69371160081342], [5.397721343037742, 47.691587776602745], [5.396075072327218, 47.68552521973828], [5.40052216291461, 47.68004003255492], [5.390933201399082, 47.68029959962674], [5.378192209990449, 47.67536370364868], [5.333306307198012, 47.673359857117674]]]}",12030,170,23,2,52,21
55447,55170,RUPT-AUX-NONAINS,MEUSE,LORRAINE,"Commune simple",226.0,2053.0,0.4,"48.6626472968, 5.09507160902","{""type"": ""Polygon"", ""coordinates"": [[[5.060375709167451, 48.640565354947604], [5.053432571854915, 48.65288638035978], [5.04246476872169, 48.65962527987897], [5.070681148615681, 48.66870299225336], [5.090214378639137, 48.67002663195734], [5.102567631172858, 48.68466473176587], [5.11195323252361, 48.687585078028775], [5.120624808044115, 48.69967708151264], [5.134114764586399, 48.6855078731506], [5.12116129559598, 48.666681543670975], [5.124786512942653, 48.65727705515618], [5.121213305916124, 48.65155498088912], [5.11413510904995, 48.64342056377191], [5.095526771065069, 48.64021311676781], [5.075302037397962, 48.64377047146014], [5.060375709167451, 48.640565354947604]]]}",3912,447,01,1,55,41
08184,08370,FROMY,ARDENNES,CHAMPAGNE-ARDENNE,"Commune simple",208.0,376.0,0.1,"49.6013937108, 5.25624601587","{""type"": ""Polygon"", ""coordinates"": [[[5.261467707521845, 49.59048999966164], [5.245050567492097, 49.591396967878055], [5.246009670093954, 49.59719582228336], [5.241284545575223, 49.602695105078986], [5.255116022096387, 49.61274161676506], [5.26467057084908, 49.613867428792375], [5.268348054683926, 49.611614257900015], [5.263446519259728, 49.606194810285956], [5.268422016943726, 49.601085537806995], [5.267480332439899, 49.59480104404246], [5.261467707521845, 49.59048999966164]]]}",19042,184,04,3,08,21
14080,14690,"LE BO",CALVADOS,BASSE-NORMANDIE,"Commune simple",151.0,394.0,0.1,"48.9063561928, -0.441664417518","{""type"": ""Polygon"", ""coordinates"": [[[-0.443020921116272, 48.896890232906216], [-0.45686004729961, 48.893124747785045], [-0.45629809866357, 48.905833066370995], [-0.443750713036506, 48.915754094088506], [-0.444047864697691, 48.91900400742408], [-0.423618788275122, 48.91594438774258], [-0.429887020498549, 48.910967331478], [-0.426789838087737, 48.90561926141356], [-0.430796135291267, 48.900526775614175], [-0.443020921116272, 48.896890232906216]]]}",34316,080,31,2,14,25
60649,60390,TROUSSURES,OISE,PICARDIE,"Commune simple",169.0,521.0,0.2,"49.3821112605, 1.9561782833","{""type"": ""Polygon"", ""coordinates"": [[[1.946548498418422, 49.36906217309536], [1.939319465911183, 49.36515145935185], [1.935818841408075, 49.36736807794733], [1.933992573043851, 49.37048033677913], [1.945683698810585, 49.38510072812474], [1.941581004118222, 49.38707850396054], [1.94730935545576, 49.39247711920009], [1.959861316430972, 49.38672469921061], [1.96438793847262, 49.38828273015833], [1.968534807146631, 49.39025085450621], [1.970352745858849, 49.39989377377514], [1.975455824522956, 49.39955056326713], [1.974475030712352, 49.39692640752942], [1.981684027706257, 49.39454224836267], [1.972140640569029, 49.38207433554313], [1.946548498418422, 49.36906217309536]]]}",19302,649,02,1,60,22
33007,33640,ARBANATS,GIRONDE,AQUITAINE,"Commune simple",19.0,762.0,1.1,"44.670996265, -0.40276700503","{""type"": ""Polygon"", ""coordinates"": [[[-0.429072056651176, 44.64781933691143], [-0.43146319023419, 44.64915088530899], [-0.418855533493807, 44.6714567216734], [-0.399378796226943, 44.686033421715386], [-0.382018806981319, 44.688061386036516], [-0.374588617414851, 44.68485508508284], [-0.373717027549172, 44.68380034620058], [-0.377702964004749, 44.67760525565423], [-0.402053931416762, 44.661323717590406], [-0.429072056651176, 44.64781933691143]]]}",31179,007,36,3,33,72
26165,26250,LIVRON-SUR-DROME,DROME,RHONE-ALPES,"Commune simple",115.0,4142.0,9.0,"44.7874186099, 4.83899378303","{""type"": ""Polygon"", ""coordinates"": [[[4.877287495562179, 44.75842078261925], [4.869031499142347, 44.75910969142119], [4.849432998123342, 44.76081638356068], [4.841770762656317, 44.7653747210005], [4.81789922954908, 44.77028963473381], [4.804470836926475, 44.7662675196759], [4.781003243060552, 44.77206839152277], [4.761039805015763, 44.77121669542718], [4.761771864694586, 44.77360048316375], [4.766536002528158, 44.77876577877313], [4.783647015527821, 44.784075128135306], [4.795535437307743, 44.794041394474824], [4.797231822776685, 44.80398301978593], [4.800989601199325, 44.805984325128925], [4.833540081731291, 44.81225018409813], [4.851850056898411, 44.80889304173232], [4.864278940944319, 44.82279681337016], [4.890713291493046, 44.8028698382854], [4.890813144247057, 44.8024538698447], [4.889193482116552, 44.78851355171651], [4.877287495562179, 44.75842078261925]]]}",9979,165,13,3,26,82
68235,68127,NIEDERHERGHEIM,HAUT-RHIN,ALSACE,"Commune simple",199.0,1233.0,1.0,"47.9897040567, 7.38918456659","{""type"": ""Polygon"", ""coordinates"": [[[7.449112128324415, 47.97497714514759], [7.433837066219141, 47.97723117888056], [7.402767254544941, 47.9745600501547], [7.383813535784538, 47.9860665804831], [7.369822398750159, 47.98311773898205], [7.358692910463549, 47.99045305034591], [7.343784756644239, 47.99317715054813], [7.342339173171411, 48.00485700523111], [7.346416588917704, 48.017387167647], [7.365273264972137, 47.99763542682866], [7.374946628907813, 47.99525682952923], [7.405281064989315, 47.99590824373667], [7.417094287636296, 47.989263712584865], [7.445415017737338, 47.9811471506366], [7.449112128324415, 47.97497714514759]]]}",3817,235,06,3,68,42
58182,58290,MOULINS-ENGILBERT,NIEVRE,BOURGOGNE,"Chef-lieu canton",267.0,4134.0,1.7,"46.9731661302, 3.81182294166","{""type"": ""Polygon"", ""coordinates"": [[[3.799487945937621, 46.92908122644026], [3.787668409407484, 46.93245808064961], [3.783625367040636, 46.95460845203644], [3.779313506197778, 46.95287289577205], [3.775665353883881, 46.955220513973366], [3.778357869843794, 46.965043681470156], [3.769449072375096, 46.991511842537875], [3.782529219732751, 47.001526198220944], [3.787306424734552, 47.01053354769453], [3.792162503891026, 47.01134668480358], [3.803734337751775, 47.02202625020236], [3.808738487073628, 47.02209034985558], [3.812171291024704, 47.00171759052706], [3.825839467286448, 46.99182436520236], [3.856228877126964, 46.992989488722124], [3.864544948955725, 46.98883968934574], [3.87426591667756, 46.990279114559755], [3.874493314544508, 46.98888177546532], [3.8676120606105, 46.98481890444656], [3.86131387154952, 46.96692112621047], [3.84718647695315, 46.96936679642738], [3.831327419448486, 46.95594917655395], [3.835637472411158, 46.9361721465185], [3.811567185118595, 46.9352276163519], [3.799487945937621, 46.92908122644026]]]}",3963,182,15,1,58,26
64260,64700,HENDAYE,PYRENEES-ATLANTIQUES,AQUITAINE,"Chef-lieu canton",32.0,1051.0,14.4,"43.3656373687, -1.76396662","{""type"": ""Polygon"", ""coordinates"": [[[-1.761946746783489, 43.34401807851799], [-1.770998527712591, 43.342681518650274], [-1.78580897643465, 43.35075972497248], [-1.782369796103504, 43.363619710709585], [-1.789270654690021, 43.3683162203605], [-1.788749296664141, 43.378379504822576], [-1.787697207338423, 43.37509137928518], [-1.779023874646224, 43.37315885647813], [-1.76117495724071, 43.37648791652719], [-1.750070321000988, 43.38654765466866], [-1.742887388001471, 43.382311623034354], [-1.733808732666301, 43.382051547247194], [-1.735213404916402, 43.375248765990705], [-1.766747632149664, 43.34920483674372], [-1.761946746783489, 43.34401807851799]]]}",33480,260,45,1,64,72
35128,35440,GUIPEL,ILLE-ET-VILAINE,BRETAGNE,"Commune simple",86.0,2545.0,1.5,"48.2923904516, -1.72349623823","{""type"": ""Polygon"", ""coordinates"": [[[-1.687913258263289, 48.282728812484244], [-1.69258674872232, 48.27319648769393], [-1.708270577089486, 48.26498312973373], [-1.737694479096088, 48.264464653020944], [-1.759803815882877, 48.28099952713678], [-1.760646241740753, 48.28762675455909], [-1.751798335511786, 48.29943017447362], [-1.746673001536082, 48.2999696057253], [-1.743265463777709, 48.31716890557126], [-1.737566828162688, 48.32261610138014], [-1.701629304370316, 48.32304986748215], [-1.701310852189759, 48.31631170175945], [-1.696730700321021, 48.31465504030151], [-1.700713604435734, 48.29858846557565], [-1.692686697566835, 48.290678332846404], [-1.692448077983874, 48.284063053937864], [-1.687913258263289, 48.282728812484244]]]}",13361,128,17,3,35,53
44032,44330,"LA CHAPELLE-HEULIN",LOIRE-ATLANTIQUE,"PAYS DE LA LOIRE","Commune simple",16.0,1356.0,3.0,"47.1722913827, -1.34993806222","{""type"": ""Polygon"", ""coordinates"": [[[-1.327306308687181, 47.155208593377616], [-1.357074030106784, 47.154235105994424], [-1.368484919948822, 47.16063023534886], [-1.377552226611383, 47.16012507955087], [-1.371122020480353, 47.16510205907586], [-1.374373682388594, 47.17143508058612], [-1.375059587420324, 47.1844201939713], [-1.370966023272701, 47.18612576805406], [-1.369254697383855, 47.1958291346913], [-1.366464110460393, 47.19551067929186], [-1.347392203031712, 47.19031390235103], [-1.340656308658427, 47.18535527561719], [-1.319063242045073, 47.171079000144964], [-1.317810675080616, 47.16766348689845], [-1.327306308687181, 47.155208593377616]]]}",28499,032,44,2,44,52
79356,79150,VOULTEGON,DEUX-SEVRES,POITOU-CHARENTES,"Commune simple",136.0,1760.0,0.6,"46.9119628011, -0.52429679005","{""type"": ""Polygon"", ""coordinates"": [[[-0.489933687614081, 46.90086245980698], [-0.519699986961372, 46.89596369488126], [-0.538020012235666, 46.88980519252918], [-0.548232121468946, 46.89056336267054], [-0.555689416337922, 46.89520917774961], [-0.555957891329499, 46.9086930472114], [-0.540628785159667, 46.930065823616694], [-0.522919399560698, 46.93348379899572], [-0.50046906839287, 46.933212847109836], [-0.489933687614081, 46.90086245980698]]]}",10505,356,02,1,79,54
37152,37390,METTRAY,INDRE-ET-LOIRE,CENTRE,"Commune simple",84.0,1047.0,2.1,"47.4542179515, 0.65946644246","{""type"": ""Polygon"", ""coordinates"": [[[0.675304077882064, 47.435504533249365], [0.6753903172044, 47.4420804584128], [0.670930241441414, 47.44329710361189], [0.652339879291926, 47.4403928763817], [0.630127071537907, 47.45100178967343], [0.622024629975379, 47.46333664654291], [0.62680815669739, 47.46507332760267], [0.632334456561362, 47.45933208707204], [0.647011702272469, 47.461962211120486], [0.659481475865496, 47.47258816736936], [0.663150427739325, 47.482252869510084], [0.669728728665014, 47.465418090949534], [0.686455992587728, 47.45203614734003], [0.690983882406683, 47.43909485667243], [0.68225726427289, 47.43922754308284], [0.675304077882064, 47.435504533249365]]]}",17829,152,36,2,37,24
27489,27930,REUILLY,EURE,HAUTE-NORMANDIE,"Commune simple",131.0,973.0,0.6,"49.0728383808, 1.22648323234","{""type"": ""Polygon"", ""coordinates"": [[[1.239549267234329, 49.053913806803884], [1.230917791355727, 49.05783420546908], [1.199762904101403, 49.05568051879454], [1.194708647126939, 49.0589593834388], [1.211822220417609, 49.069090499302334], [1.210148704542976, 49.0719705546178], [1.217295931613126, 49.08028800549531], [1.217587323339779, 49.09650769108891], [1.218527288897673, 49.097052237773546], [1.225228750411495, 49.0929244208731], [1.241411042095119, 49.09386372095695], [1.247750783263205, 49.08294828700532], [1.235265123773872, 49.072854673109475], [1.240263041951452, 49.06756775307297], [1.245149240543434, 49.06838568812355], [1.249088990252041, 49.06237243720234], [1.239549267234329, 49.053913806803884]]]}",6184,489,16,3,27,23
36204,36290,SAINT-MICHEL-EN-BRENNE,INDRE,CENTRE,"Commune simple",93.0,5484.0,0.3,"46.7879524316, 1.1742571119","{""type"": ""Polygon"", ""coordinates"": [[[1.2318990436354, 46.75452426170435], [1.223145673080258, 46.74651767921574], [1.193494359918426, 46.75875411988829], [1.174016056607883, 46.761598408652596], [1.12345806039982, 46.775473352040436], [1.093361948454417, 46.786938678901095], [1.097745429892288, 46.804393934105676], [1.101924994421, 46.8026527007125], [1.135358635982199, 46.80529829473436], [1.149038274297471, 46.82261339756848], [1.156617960727254, 46.82697710263048], [1.19578635602862, 46.82342826943568], [1.198845443873396, 46.82613304421559], [1.204779909482881, 46.8204798707586], [1.20366576085215, 46.799865241931414], [1.220145062815903, 46.78687339652698], [1.239560832010987, 46.78292149067441], [1.247276181498564, 46.76771987673662], [1.2318990436354, 46.75452426170435]]]}",4511,204,15,1,36,24
41095,41160,FRETEVAL,LOIR-ET-CHER,CENTRE,"Commune simple",127.0,2055.0,1.1,"47.8900107594, 1.20628228428","{""type"": ""Polygon"", ""coordinates"": [[[1.238506927802972, 47.859006274867305], [1.229509913768484, 47.86246268542614], [1.21442736106333, 47.86305329633751], [1.203210092705831, 47.870380843403886], [1.195119088598367, 47.883273755411345], [1.180761026823563, 47.88713904037764], [1.177426610694457, 47.89343379950697], [1.169261184944603, 47.89771776951573], [1.159857565784378, 47.89790382746548], [1.155211072852927, 47.90295310805778], [1.169210164371537, 47.910454886601265], [1.182921967932639, 47.91472775619712], [1.217320995270061, 47.909574773197825], [1.244215513539607, 47.88014764642868], [1.245826138747497, 47.87716506465261], [1.235961297908687, 47.87081478027051], [1.243102205052301, 47.859192213053234], [1.238506927802972, 47.859006274867305]]]}",10002,095,14,2,41,24
53031,53240,"LA BIGOTTIERE",MAYENNE,"PAYS DE LA LOIRE","Commune simple",130.0,1858.0,0.4,"48.2226908203, -0.795648692425","{""type"": ""Polygon"", ""coordinates"": [[[-0.763436928767122, 48.20291222443902], [-0.767037069061519, 48.19671686647996], [-0.775129292974802, 48.19306218101235], [-0.799156791603756, 48.19593946618941], [-0.800412716312664, 48.20607845311074], [-0.827888541976731, 48.231477070309325], [-0.833155671626175, 48.243278245698484], [-0.827511725789293, 48.248199578687874], [-0.818106092262799, 48.24906244933726], [-0.812742587687703, 48.244092037101446], [-0.791818211075104, 48.249801032641486], [-0.778410491791741, 48.23624125537839], [-0.778571094375916, 48.22305735362482], [-0.772903243090722, 48.21769863136219], [-0.76376947513838, 48.21550393719458], [-0.763436928767122, 48.20291222443902]]]}",10122,031,05,2,53,52
25170,25420,COURCELLES-LES-MONTBELIARD,DOUBS,FRANCHE-COMTE,"Commune simple",321.0,238.0,1.1,"47.4947051288, 6.78554896767","{""type"": ""Polygon"", ""coordinates"": [[[6.785664576984042, 47.482813272844886], [6.784728894795892, 47.48969282607589], [6.773074620444758, 47.499957208722385], [6.779399960317814, 47.50967415751316], [6.784142361492778, 47.500382060569365], [6.797259607282408, 47.49277240961619], [6.796367082676452, 47.48600642869436], [6.785664576984042, 47.482813272844886]]]}",25287,170,03,2,25,43
62791,62270,SERICOURT,PAS-DE-CALAIS,NORD-PAS-DE-CALAIS,"Commune simple",123.0,242.0,0.1,"50.2955629239, 2.31306293309","{""type"": ""Polygon"", ""coordinates"": [[[2.321469340472503, 50.28485822780952], [2.299593829937774, 50.293966260793965], [2.311615322398069, 50.30974696034243], [2.326735780586141, 50.286117239082394], [2.321469340472503, 50.28485822780952]]]}",18761,791,43,1,62,31
39477,39120,SAINT-BARAING,JURA,FRANCHE-COMTE,"Commune simple",197.0,634.0,0.2,"46.9866522885, 5.43420518172","{""type"": ""Polygon"", ""coordinates"": [[[5.43497109259878, 46.97097310816953], [5.425968129528298, 46.97356791533864], [5.42095787448668, 46.97923094774099], [5.415701484199274, 46.99854544608787], [5.420356683056385, 46.99842086367384], [5.429638314278902, 47.00045968502379], [5.438848830902304, 46.99828367896374], [5.446936239809954, 46.994581416270236], [5.450965752941094, 46.98502872600701], [5.455221826571461, 46.98338887351979], [5.455970237311618, 46.97668914849041], [5.451387227621419, 46.975462505280866], [5.440210503780515, 46.98179778057732], [5.436490862281944, 46.97228316463913], [5.43497109259878, 46.97097310816953]]]}",18867,477,08,1,39,43
64152,64160,BUROS,PYRENEES-ATLANTIQUES,AQUITAINE,"Commune simple",244.0,1391.0,1.8,"43.3463641258, -0.315857247807","{""type"": ""Polygon"", ""coordinates"": [[[-0.310222690512064, 43.32553660772426], [-0.33482212145049, 43.3348288372776], [-0.341846128629921, 43.34725357153259], [-0.33689164554093, 43.35288103675472], [-0.343046853813991, 43.35794933652414], [-0.327350215077033, 43.36840992094217], [-0.308886929645713, 43.36133186104055], [-0.304411346206842, 43.35516592478711], [-0.280914782426251, 43.343636150258526], [-0.276457961651556, 43.34487874730557], [-0.276323714402949, 43.341434393968605], [-0.289916045680932, 43.33923892942325], [-0.310222690512064, 43.32553660772426]]]}",6550,152,23,3,64,72
41103,41310,HUISSEAU-EN-BEAUCE,LOIR-ET-CHER,CENTRE,"Commune simple",117.0,902.0,0.4,"47.7228645102, 1.01092284734","{""type"": ""Polygon"", ""coordinates"": [[[1.026192458820655, 47.71136956474005], [1.014222452695894, 47.7061070047032], [0.999940999579975, 47.70598970502253], [0.985782530850865, 47.725203375559], [0.993484482354813, 47.73186321608588], [1.011018318266712, 47.74263346370845], [1.013912737920949, 47.73374229296825], [1.032226869284487, 47.736887727511835], [1.034792074497047, 47.73030439656319], [1.026192458820655, 47.71136956474005]]]}",35288,103,19,2,41,24
37106,37110,"LA FERRIERE",INDRE-ET-LOIRE,CENTRE,"Commune simple",153.0,1562.0,0.3,"47.6237299052, 0.756396261973","{""type"": ""Polygon"", ""coordinates"": [[[0.784261699894519, 47.60966277791018], [0.765936351497273, 47.597958528140076], [0.746847139653394, 47.6089646252076], [0.737162194072969, 47.61001094544139], [0.738471058400966, 47.616519756219716], [0.72631107696419, 47.62623386748647], [0.730652521287531, 47.6394111858615], [0.738210822288205, 47.643717943592414], [0.767581329374352, 47.64394977323263], [0.774092704421281, 47.638941443249145], [0.784261699894519, 47.60966277791018]]]}",6143,106,06,2,37,24
76480,76450,OCQUEVILLE,SEINE-MARITIME,HAUTE-NORMANDIE,"Commune simple",102.0,904.0,0.5,"49.797976245, 0.685755731382","{""type"": ""Polygon"", ""coordinates"": [[[0.719263817817136, 49.790642844031396], [0.715747783677409, 49.78792551761252], [0.694025775667589, 49.78659084057256], [0.678237305555263, 49.789428127321585], [0.667610519676347, 49.787733248483974], [0.659426782080604, 49.79181892553695], [0.649057317591536, 49.798414620135425], [0.65800615458157, 49.801004640925576], [0.66051935785504, 49.80374035143599], [0.657475167383107, 49.806225581029445], [0.673118242102843, 49.806722744476495], [0.683679172549742, 49.81424901194464], [0.699068049968672, 49.80934517835874], [0.703567209486609, 49.800711564086185], [0.721386208975566, 49.79597651900439], [0.719263817817136, 49.790642844031396]]]}",34064,480,09,1,76,23
32126,32170,ESTAMPES,GERS,MIDI-PYRENEES,"Commune simple",253.0,1100.0,0.2,"43.4000716768, 0.278946241773","{""type"": ""Polygon"", ""coordinates"": [[[0.271196512506826, 43.382622802584876], [0.262567951006373, 43.389408173999755], [0.25051270309076, 43.391650083160165], [0.250398942116291, 43.3948068103841], [0.257429053156819, 43.39908096644737], [0.263776963212189, 43.411493043784425], [0.27931169964443, 43.41877989829004], [0.292483834358424, 43.41703964924046], [0.296657633742325, 43.404163491315295], [0.305641503338138, 43.402668149934065], [0.307573828081014, 43.39962868182044], [0.297548763522318, 43.39359984603953], [0.298759493839522, 43.38858019658174], [0.271196512506826, 43.382622802584876]]]}",18475,126,17,3,32,73
25368,25640,MARCHAUX,DOUBS,FRANCHE-COMTE,"Chef-lieu canton",353.0,1002.0,1.1,"47.3224782465, 6.12169829591","{""type"": ""Polygon"", ""coordinates"": [[[6.106012609421777, 47.3070373452937], [6.095174615740597, 47.30928197024478], [6.09599785277567, 47.3157466866176], [6.089785199252177, 47.32012857729686], [6.104452036041248, 47.32769237538729], [6.111712296647977, 47.335669386477825], [6.117317677531161, 47.339537146446766], [6.134093544603237, 47.33267084586736], [6.143812889698787, 47.33389459199097], [6.15321768149188, 47.32840502255038], [6.150565956786865, 47.318224236517054], [6.106012609421777, 47.3070373452937]]]}",34480,368,13,1,25,43
13101,13119,SAINT-SAVOURNIN,BOUCHES-DU-RHONE,"PROVENCE-ALPES-COTE D'AZUR","Commune simple",444.0,591.0,3.2,"43.4057248147, 5.53101491431","{""type"": ""Polygon"", ""coordinates"": [[[5.504459492426604, 43.38809186182851], [5.51561488311044, 43.40669903744319], [5.528551948151621, 43.416505835006376], [5.533233700599722, 43.416549429130136], [5.546355854377436, 43.41562957437794], [5.559443326560306, 43.40755302663], [5.555925171823761, 43.40506182219444], [5.537132592107612, 43.40275853856677], [5.504459492426604, 43.38809186182851]]]}",15546,101,29,3,13,93
42178,42630,PRADINES,LOIRE,RHONE-ALPES,"Commune simple",401.0,1144.0,0.6,"46.0000456451, 4.17170231294","{""type"": ""Polygon"", ""coordinates"": [[[4.182629145654652, 45.98601154613558], [4.177987164718972, 45.985825764934276], [4.1657574285009, 45.97628895946322], [4.157193080261127, 45.97381011813616], [4.154562578836186, 45.97648469963385], [4.15787203071862, 45.98275503628243], [4.151911339607505, 45.98805724078339], [4.150749995825038, 45.99492252001815], [4.152727384747497, 46.001728875051136], [4.159431620345976, 46.00650563591847], [4.157374665651798, 46.00948059660359], [4.162775533150675, 46.01857529458682], [4.176660666932714, 46.02046732184787], [4.185273855487405, 46.018234159940675], [4.197810221193053, 46.01870575417409], [4.182629145654652, 45.98601154613558]]]}",15678,178,32,2,42,82
38057,38320,BRESSON,ISERE,RHONE-ALPES,"Commune simple",356.0,277.0,0.7,"45.1342682884, 5.7510667411","{""type"": ""Polygon"", ""coordinates"": [[[5.760359414656842, 45.12450521116706], [5.748359064454924, 45.12607200796196], [5.740786705120708, 45.136970678366], [5.735558541406064, 45.141982184182666], [5.73932886509514, 45.14358342824897], [5.755150800329728, 45.141211598531804], [5.75730504124871, 45.13868973882031], [5.76406417777535, 45.13044983485302], [5.760359414656842, 45.12450521116706]]]}",25930,057,47,1,38,82
67128,67120,ERNOLSHEIM-BRUCHE,BAS-RHIN,ALSACE,"Commune simple",170.0,657.0,1.6,"48.5637542939, 7.56903301628","{""type"": ""Polygon"", ""coordinates"": [[[7.576160499956814, 48.54464328669448], [7.567275294885963, 48.5449942556101], [7.553107613559157, 48.5630996033122], [7.55794053972185, 48.58212450627879], [7.5838380756654, 48.58088543368915], [7.587594394603709, 48.578965449913994], [7.579913280528429, 48.575297019682274], [7.575228653103285, 48.57405377610519], [7.571089761559322, 48.56102161608721], [7.573887301524816, 48.558237816971555], [7.583887339164209, 48.55772629993077], [7.58710314048548, 48.551979501960716], [7.584718748997144, 48.546448833738864], [7.576160499956814, 48.54464328669448]]]}",14861,128,14,3,67,42
60644,60590,TRIE-CHATEAU,OISE,PICARDIE,"Commune simple",91.0,948.0,1.5,"49.2868018979, 1.81392681407","{""type"": ""Polygon"", ""coordinates"": [[[1.837025792464806, 49.26545366815247], [1.823485423670248, 49.27124721484549], [1.802660237500302, 49.273433872058405], [1.794243518288227, 49.27670356410965], [1.796250125888345, 49.28671210053874], [1.784414418917956, 49.29322846993436], [1.800508149802903, 49.299251201807266], [1.804794960258245, 49.30469691492852], [1.828785910406064, 49.30471623822649], [1.828772425297341, 49.29925000045943], [1.828851532096063, 49.27697246478572], [1.842645675419524, 49.273383463431685], [1.837569335235877, 49.26571963459315], [1.837025792464806, 49.26545366815247]]]}",4738,644,07,1,60,22
24079,24530,CANTILLAC,DORDOGNE,AQUITAINE,"Commune simple",169.0,846.0,0.2,"45.4000368216, 0.643672265068","{""type"": ""Polygon"", ""coordinates"": [[[0.665280114297298, 45.38396473169814], [0.643170025474694, 45.3871501848282], [0.620102866685801, 45.39740078802818], [0.621799086962854, 45.41066147200241], [0.624993258223086, 45.41313451153972], [0.638958364560139, 45.41197918906657], [0.641569771948162, 45.41825909911052], [0.64898570736078, 45.42196426329658], [0.65128967673464, 45.40497740741676], [0.657037856104711, 45.39936832549093], [0.6662325426506, 45.39904672363305], [0.66983137812515, 45.39311298211773], [0.665280114297298, 45.38396473169814]]]}",35477,079,09,2,24,72
59601,59132,TRELON,NORD,NORD-PAS-DE-CALAIS,"Chef-lieu canton",203.0,3937.0,3.1,"50.0755155252, 4.12172301875","{""type"": ""Polygon"", ""coordinates"": [[[4.099957496841298, 50.01891073982349], [4.098102511441562, 50.01952023595224], [4.081384456137599, 50.02269606380964], [4.080760590096554, 50.04648727695285], [4.08756877527586, 50.055669906294426], [4.078909977555209, 50.06379446220694], [4.077671447305672, 50.07053297158968], [4.067371586460196, 50.07182661820265], [4.079655974594012, 50.08117720426359], [4.110764692821689, 50.093097038591466], [4.102632635148531, 50.111457246084576], [4.112187958433189, 50.110912997146706], [4.112590581945505, 50.113990060654054], [4.124846095797834, 50.11867459636466], [4.13268914303801, 50.113958988611245], [4.153460888054673, 50.110972296431825], [4.156609963994767, 50.10819424971371], [4.154265901529565, 50.101533834465215], [4.17160164194329, 50.093932558777944], [4.180759543595775, 50.07886268315695], [4.179524702964446, 50.07196724236992], [4.143197246751962, 50.066391860660104], [4.140867400553308, 50.05647013983919], [4.112522353929134, 50.04967939848248], [4.101994604702309, 50.04215736897484], [4.099957496841298, 50.01891073982349]]]}",1754,601,64,1,59,31
21074,21130,BILLEY,COTE-D'OR,BOURGOGNE,"Commune simple",199.0,383.0,0.2,"47.1423914967, 5.41973357014","{""type"": ""Polygon"", ""coordinates"": [[[5.414566355790339, 47.1327615191379], [5.405400474130604, 47.13440263760455], [5.400528825648478, 47.14681656825151], [5.405099173952881, 47.145983072578375], [5.416575718415822, 47.15166163574956], [5.421944682488228, 47.14685665231749], [5.438298382941531, 47.15201658625305], [5.439076767389427, 47.142965928887925], [5.428918252962264, 47.1369646629915], [5.414566355790339, 47.1327615191379]]]}",28166,074,03,2,21,26
89358,89120,SAINT-MARTIN-SUR-OUANNE,YONNE,BOURGOGNE,"Commune simple",173.0,1529.0,0.4,"47.8500493608, 3.09720552124","{""type"": ""Polygon"", ""coordinates"": [[[3.113694891694605, 47.833212686871626], [3.10730282185633, 47.83839371561101], [3.084302228391973, 47.83330049977214], [3.069990140491259, 47.83587491818215], [3.06387282269528, 47.83988340669494], [3.062077629430953, 47.8480203362362], [3.066796398453625, 47.84730674867174], [3.066446671322526, 47.85631586833376], [3.076846683845706, 47.86307742755499], [3.088050539055256, 47.869027454747645], [3.116120207497116, 47.86655507957895], [3.114554216546842, 47.85982471798151], [3.118079197785943, 47.85733725322556], [3.133173974684277, 47.85622310221396], [3.132186820750719, 47.8464322913836], [3.135763680029196, 47.843989215327895], [3.113694891694605, 47.833212686871626]]]}",20401,358,10,1,89,26
59627,59600,VILLERS-SIRE-NICOLE,NORD,NORD-PAS-DE-CALAIS,"Commune simple",119.0,860.0,1.0,"50.339831062, 4.01339230045","{""type"": ""Polygon"", ""coordinates"": [[[4.009088382839283, 50.324590548628855], [3.989240060958174, 50.33450239061884], [3.98687036225305, 50.34245858712354], [3.993216990731928, 50.347705081334325], [4.0136921294457, 50.3513365480152], [4.025219905778113, 50.35789446470362], [4.037613408463374, 50.342904244849045], [4.025580274947502, 50.3251818116078], [4.020632482096049, 50.32464820074101], [4.018037256301838, 50.32740822958055], [4.009088382839283, 50.324590548628855]]]}",16846,627,44,1,59,31
28211,28200,LOGRON,EURE-ET-LOIR,CENTRE,"Commune simple",162.0,2279.0,0.6,"48.1408053653, 1.25353586529","{""type"": ""Polygon"", ""coordinates"": [[[1.258422026495261, 48.11328617825395], [1.245043656821984, 48.112628753821774], [1.230164112441015, 48.127113406844124], [1.21205480294159, 48.1461915470347], [1.21101095182138, 48.15279111640616], [1.218891726894807, 48.1612087823013], [1.237225539099484, 48.15603883067885], [1.256051079466761, 48.15990072296515], [1.268617396418844, 48.16517994644101], [1.295027078122342, 48.151002005467994], [1.292456200128326, 48.13732927412931], [1.280071812453645, 48.13113703310133], [1.27496943126229, 48.13175554888619], [1.267875567907728, 48.11600862330356], [1.258422026495261, 48.11328617825395]]]}",23556,211,09,2,28,24
73026,73500,AVRIEUX,SAVOIE,RHONE-ALPES,"Commune simple",2392.0,3856.0,0.4,"45.1781016318, 6.74676532189","{""type"": ""Polygon"", ""coordinates"": [[[6.79684308418106, 45.15296697090897], [6.769525949139531, 45.159338434231266], [6.74722110762627, 45.1408086451565], [6.738744744299395, 45.137478538976445], [6.711286195179387, 45.144759927331286], [6.708638356331845, 45.1574406399302], [6.714586126159271, 45.16238973184371], [6.720160335462641, 45.16802706728209], [6.726853521766551, 45.194602839203085], [6.721041595066973, 45.20762399870497], [6.710483230103635, 45.21471807538039], [6.703580806014024, 45.231190787165545], [6.705301604653941, 45.23443289214753], [6.715092383237522, 45.23432394862221], [6.734100585637562, 45.21906873537379], [6.735784176987467, 45.21240492015209], [6.745003639137429, 45.210680745377786], [6.755664806973697, 45.19950527493372], [6.769883698066758, 45.19953969480391], [6.78667272175637, 45.1784542144271], [6.800528251217517, 45.16892339810349], [6.800674983672658, 45.15517119637448], [6.79684308418106, 45.15296697090897]]]}",7053,026,17,3,73,82
14660,14640,SAINT-VAAST-EN-AUGE,CALVADOS,BASSE-NORMANDIE,"Commune simple",125.0,300.0,0.1,"49.2905834736, 0.0023023759062","{""type"": ""Polygon"", ""coordinates"": [[[0.004437514983266, 49.279510224492505], [0.000915837804591, 49.28119493806226], [-0.000570804004402, 49.28193162743792], [-0.011171952234753, 49.29347023380012], [-0.008779868205569, 49.300096906627005], [0.000820663485785, 49.301298424613876], [0.012680916756065, 49.29079760199274], [0.017238033259056, 49.292142767478346], [0.015005354519005, 49.28413520354275], [0.004437514983266, 49.279510224492505]]]}",24094,660,15,3,14,25
31145,31550,CINTEGABELLE,HAUTE-GARONNE,MIDI-PYRENEES,"Chef-lieu canton",222.0,5360.0,2.6,"43.3068275347, 1.53572104777","{""type"": ""Polygon"", ""coordinates"": [[[1.578834437400745, 43.27511897995823], [1.570249347455729, 43.273242323952296], [1.572606578897644, 43.26356582216737], [1.569140941131521, 43.257366124497196], [1.565411018426802, 43.25539133096929], [1.557051757881064, 43.26332320057914], [1.548436191631036, 43.274498974882356], [1.545386132791425, 43.276797183410004], [1.541673564643465, 43.275091690523205], [1.541722410951947, 43.27608202256239], [1.517627950576089, 43.27164251361947], [1.51585886744738, 43.284412101190355], [1.515375112223944, 43.290766453017596], [1.511636360084684, 43.2924604903836], [1.506599382166939, 43.287199628722696], [1.496219533944989, 43.2927689389377], [1.494757765353649, 43.295447768668126], [1.4869652664312, 43.29479913550805], [1.483613413328374, 43.30000658972483], [1.480108969348376, 43.32032748654442], [1.485128670890655, 43.333768217771365], [1.49341962173364, 43.33724010621647], [1.512429497846774, 43.33716130523185], [1.518776835232508, 43.346308928405534], [1.522842982851526, 43.34447503915654], [1.531950179403011, 43.34654247795758], [1.544539447104184, 43.34159300544947], [1.553427038285611, 43.34308883192185], [1.567239958421131, 43.32947065342814], [1.570837892887442, 43.319567235998214], [1.595161467398008, 43.3034481422315], [1.587942847459296, 43.29940436494645], [1.577414326766061, 43.284772048937114], [1.578834437400745, 43.27511897995823]]]}",23816,145,12,1,31,73
12242,12200,SAINT-REMY,AVEYRON,MIDI-PYRENEES,"Commune simple",351.0,899.0,0.3,"44.3952055876, 2.04173574254","{""type"": ""Polygon"", ""coordinates"": [[[2.065190024602324, 44.38912522982453], [2.044481237908555, 44.384302255341794], [2.026678557220405, 44.38587477625602], [2.013582257989111, 44.385308108985626], [2.012422915670638, 44.388439557614326], [2.018627728508657, 44.404204290800145], [2.05477074878871, 44.40486248820118], [2.057804305111295, 44.40745417118733], [2.065700482902797, 44.40383944389672], [2.073648350141147, 44.39623654896964], [2.065190024602324, 44.38912522982453]]]}",13263,242,43,3,12,73
33022,33480,AVENSAN,GIRONDE,AQUITAINE,"Commune simple",31.0,5274.0,2.2,"45.005403307, -0.760815427452","{""type"": ""Polygon"", ""coordinates"": [[[-0.794664213020039, 44.94509999880234], [-0.802056097184126, 44.96462416786137], [-0.800452771490561, 44.98197709500043], [-0.792096978082922, 44.99831655846662], [-0.795184491873213, 45.01537421655451], [-0.784919815655245, 45.02708177707976], [-0.780803190277907, 45.040652839155], [-0.732863091589854, 45.06129956663651], [-0.723363675951372, 45.05043141521819], [-0.72338154747129, 45.03389036812945], [-0.720657531481567, 45.03116015117892], [-0.711379178643551, 45.031560141972626], [-0.720546903435234, 45.0239527956629], [-0.714866638225572, 45.01458800661253], [-0.72227180943123, 44.99848523512065], [-0.74516868118508, 44.98619677524171], [-0.754540995137691, 44.966663101223034], [-0.78539970048342, 44.94605602984767], [-0.794664213020039, 44.94509999880234]]]}",13573,022,20,4,33,72
09078,09460,CARCANIERES,ARIEGE,MIDI-PYRENEES,"Commune simple",1179.0,648.0,0.1,"42.7083661653, 2.12368180993","{""type"": ""Polygon"", ""coordinates"": [[[2.140606993093487, 42.70582379280366], [2.139063546132407, 42.69559698683258], [2.121566558527647, 42.69350366930396], [2.116755695696493, 42.70289622705195], [2.102565242556713, 42.71159902408757], [2.11380591461173, 42.724496878849], [2.139464573302512, 42.71218068615446], [2.140606993093487, 42.70582379280366]]]}",19656,078,13,1,09,73
66146,66760,PORTA,PYRENEES-ORIENTALES,LANGUEDOC-ROUSSILLON,"Commune simple",2173.0,6557.0,0.1,"42.515624655, 1.79216910759","{""type"": ""Polygon"", ""coordinates"": [[[1.843362219378774, 42.47715258930848], [1.831511829363928, 42.483091718077816], [1.81319902101247, 42.4847325233094], [1.805248119010632, 42.488653384333475], [1.767644435815011, 42.4867512224017], [1.746615352858857, 42.494822251782715], [1.732460182386345, 42.4932435338697], [1.729640535507213, 42.4960959069876], [1.724010594130756, 42.52024914707666], [1.733407026588096, 42.53250743772126], [1.738051488866345, 42.55328621578596], [1.750785788512219, 42.563415842939364], [1.769602822065854, 42.56450638322242], [1.760314105369883, 42.54085197413827], [1.763526352094905, 42.52695369055029], [1.772498855270915, 42.5256996660413], [1.781742555453169, 42.53764620103895], [1.799396493489319, 42.542889943255496], [1.827789534059498, 42.542719931391474], [1.841083801196997, 42.53326312503134], [1.854728163675984, 42.5305244209926], [1.860837717395641, 42.52141955347425], [1.851594689068119, 42.514317009256615], [1.865481040541286, 42.501366720952824], [1.843362219378774, 42.47715258930848]]]}",2064,146,13,3,66,91
64045,64120,ARHANSUS,PYRENEES-ATLANTIQUES,AQUITAINE,"Commune simple",194.0,535.0,0.1,"43.2548502906, -1.02446609378","{""type"": ""Polygon"", ""coordinates"": [[[-1.018201691615268, 43.243712670413004], [-1.046116291713111, 43.25261354235087], [-1.037024589688799, 43.26725733551677], [-1.028447079166623, 43.267802916738134], [-1.007229282907222, 43.25566750432051], [-1.002350371631982, 43.24733700947234], [-1.005054552467983, 43.24475980529173], [-1.018201691615268, 43.243712670413004]]]}",16152,045,13,1,64,72
50163,50440,DIGULLEVILLE,MANCHE,BASSE-NORMANDIE,"Commune simple",98.0,804.0,0.3,"49.691054091, -1.85876194612","{""type"": ""Polygon"", ""coordinates"": [[[-1.842431852217495, 49.680741220201575], [-1.838811440486906, 49.67443962786521], [-1.842175594881453, 49.671874935523256], [-1.852320573034981, 49.67046195771335], [-1.866312164425762, 49.6742057383595], [-1.876302682883546, 49.675830882378484], [-1.86747928924012, 49.69493704454622], [-1.875852689793924, 49.70678190176656], [-1.852578387118754, 49.71838950775306], [-1.849802113844303, 49.71312594168589], [-1.85303657171561, 49.699664527503515], [-1.842431852217495, 49.680741220201575]]]}",21336,163,04,2,50,25
51281,51190,GRAUVES,MARNE,CHAMPAGNE-ARDENNE,"Commune simple",200.0,787.0,0.7,"48.9686001163, 3.95992650372","{""type"": ""Polygon"", ""coordinates"": [[[3.963941825079832, 48.953297994883464], [3.939206804376818, 48.95904301056928], [3.937192911634875, 48.97081255160232], [3.949809245686486, 48.977251131600894], [3.954541910113854, 48.983517545277415], [3.975908103016856, 48.986996724001244], [3.977987922794669, 48.98134127567808], [3.97021831923827, 48.97718670966782], [3.980750013000769, 48.96191193449874], [3.973188860859816, 48.954158572627215], [3.963941825079832, 48.953297994883464]]]}",16412,281,02,2,51,21
46057,46100,CARDAILLAC,LOT,MIDI-PYRENEES,"Commune simple",418.0,1822.0,0.6,"44.6824882751, 2.0138257443","{""type"": ""Polygon"", ""coordinates"": [[[2.036735073520831, 44.65517685334654], [2.018252024011972, 44.652502410288626], [2.018256121839008, 44.655887730139916], [2.017845724832507, 44.65917033752244], [2.00966669959448, 44.66159137685177], [1.992851690745494, 44.656586710370576], [1.985740720933495, 44.675321050099825], [1.994973319923227, 44.68332839590768], [1.994025063542521, 44.70391997529806], [2.0170254589785, 44.70402753302182], [2.029064851753841, 44.71381262034005], [2.038138688806973, 44.71336059818632], [2.047080336444138, 44.70280470922652], [2.037795858935395, 44.70460614953738], [2.033994157457125, 44.702493222881095], [2.027547500062405, 44.672266014589674], [2.036036325248645, 44.656206156853536], [2.036735073520831, 44.65517685334654]]]}",6473,057,13,2,46,73
11115,11390,CUXAC-CABARDES,AUDE,LANGUEDOC-ROUSSILLON,"Commune simple",667.0,2560.0,0.9,"43.3915075028, 2.2785219316","{""type"": ""Polygon"", ""coordinates"": [[[2.300802582757383, 43.367143738975976], [2.303862647473087, 43.36086594729122], [2.301518506269145, 43.34369475494986], [2.287602914965726, 43.342623418994705], [2.278178007021577, 43.3501268839674], [2.271138667575305, 43.34819045321755], [2.265418153440694, 43.351138568920554], [2.267927730250801, 43.35738110261006], [2.259802199920368, 43.369893932315016], [2.266775148112939, 43.37916287137037], [2.267012225397826, 43.396393065973115], [2.267731884893644, 43.40674419107755], [2.256171121135254, 43.42188806330291], [2.255735848173948, 43.42882169590638], [2.265415103078198, 43.45291876671977], [2.282011032773141, 43.44122586946257], [2.290532579342001, 43.42204657790817], [2.289277531196185, 43.418727511143146], [2.273484805874227, 43.411434275799685], [2.279843143211409, 43.402336023535845], [2.297580699333753, 43.38663638700165], [2.297052698363394, 43.373300045785975], [2.300802582757383, 43.367143738975976]]]}",13156,115,28,1,11,91
55367,55230,MUZERAY,MEUSE,LORRAINE,"Commune simple",239.0,823.0,0.1,"49.3387535839, 5.62224266222","{""type"": ""Polygon"", ""coordinates"": [[[5.62655620339901, 49.32477718337249], [5.615028391705502, 49.32782450418306], [5.601391430642188, 49.332463087148504], [5.591911368220306, 49.34783944308966], [5.625625260193726, 49.35028629660022], [5.633764093094983, 49.35357178834514], [5.646200748980717, 49.33729081608912], [5.654118947941242, 49.332557085967245], [5.62655620339901, 49.32477718337249]]]}",14334,367,19,3,55,41
57612,57640,SAINT-HUBERT,MOSELLE,LORRAINE,"Commune simple",277.0,1599.0,0.2,"49.2309333716, 6.36179933256","{""type"": ""Polygon"", ""coordinates"": [[[6.35464807653957, 49.206783533233725], [6.335465617232405, 49.21130248888672], [6.323483863693792, 49.22468086659358], [6.337430540389656, 49.233869260464445], [6.339802326202534, 49.24016511600113], [6.345001069430396, 49.239804992380115], [6.3585034854832, 49.24985815785833], [6.373024442103175, 49.25332185996924], [6.379857218057501, 49.25816936648055], [6.396899919681985, 49.25957099206859], [6.388415129471851, 49.2534571357312], [6.379093908423689, 49.250704427072996], [6.378062230753268, 49.24459666717973], [6.385462096837851, 49.24006994353058], [6.400467070972296, 49.238369767558694], [6.39941138114555, 49.231722828426456], [6.391003621016586, 49.22944020470044], [6.382996360432327, 49.221719794985965], [6.378809056082329, 49.22028959272071], [6.368116587274852, 49.21367831152103], [6.354146148536227, 49.21005489677837], [6.35464807653957, 49.206783533233725]]]}",35747,612,35,4,57,41
70098,70300,BROTTE-LES-LUXEUIL,HAUTE-SAONE,FRANCHE-COMTE,"Commune simple",310.0,697.0,0.2,"47.7503614149, 6.34512671998","{""type"": ""Polygon"", ""coordinates"": [[[6.352527282788595, 47.72477329097346], [6.349709182495066, 47.72730439390134], [6.357336870100172, 47.732022449373865], [6.355475874115577, 47.738724228635476], [6.339395409156681, 47.74764335475605], [6.334269320743238, 47.747050844958174], [6.328863167768184, 47.741124056897306], [6.321871482667483, 47.74593510674709], [6.312200298481079, 47.74763260383978], [6.305742035355537, 47.74622977177441], [6.30640315930521, 47.74956219606777], [6.320754441017925, 47.750723257120555], [6.325008910412842, 47.76002522750258], [6.33734815068154, 47.758448868805615], [6.354290647636365, 47.7656937972204], [6.355739740798522, 47.7689673839922], [6.368464028898311, 47.746647959860624], [6.358374821380487, 47.73069540362886], [6.352527282788595, 47.72477329097346]]]}",4546,098,32,1,70,43
55278,55190,LANEUVILLE-AU-RUPT,MEUSE,LORRAINE,"Commune simple",310.0,1328.0,0.2,"48.7074064434, 5.57588667991","{""type"": ""Polygon"", ""coordinates"": [[[5.578682144954254, 48.687177401018424], [5.578566006286948, 48.690608655981436], [5.573612555261974, 48.69159761533013], [5.558730141100962, 48.6894161448137], [5.554590431124764, 48.69148474769037], [5.551181431111178, 48.69766818394572], [5.557572251565269, 48.70658442307884], [5.542344573645187, 48.71498212543028], [5.568164434849272, 48.72622676660327], [5.588535032717207, 48.72447267843115], [5.599194438382827, 48.7213791997704], [5.594458346423249, 48.71556984682616], [5.611239491121983, 48.7079412551629], [5.594782457807048, 48.70074105124426], [5.59350918205426, 48.687962690494906], [5.578682144954254, 48.687177401018424]]]}",4712,278,28,2,55,41
77350,77330,OZOIR-LA-FERRIERE,SEINE-ET-MARNE,ILE-DE-FRANCE,"Commune simple",108.0,1566.0,20.4,"48.7635612396, 2.67962508199","{""type"": ""Polygon"", ""coordinates"": [[[2.673395640670203, 48.743783924751455], [2.665263184232957, 48.752260875322875], [2.650712780357524, 48.74970983741689], [2.644772580400759, 48.75519671999482], [2.648481044467624, 48.75998355326593], [2.640676077628485, 48.763414044502355], [2.640856497812167, 48.768828989103966], [2.64911607211257, 48.774798553411394], [2.668821087485197, 48.7746119667986], [2.670031110334599, 48.78123483714439], [2.699950616147494, 48.77777012537729], [2.704983402435263, 48.77817839031716], [2.705018822557863, 48.78154219073424], [2.710176443770087, 48.78159978187216], [2.713816662152812, 48.77544774039521], [2.709814081191255, 48.77334250059162], [2.714117544689658, 48.76026663017338], [2.703953986206554, 48.74854056477865], [2.68589587588802, 48.74792779604215], [2.673395640670203, 48.743783924751455]]]}",24852,350,33,5,77,11
52495,52110,TREMILLY,HAUTE-MARNE,CHAMPAGNE-ARDENNE,"Commune simple",179.0,1089.0,0.1,"48.3787256289, 4.77481889669","{""type"": ""Polygon"", ""coordinates"": [[[4.792889683006199, 48.35609334508127], [4.774639275553998, 48.35744806510606], [4.75458031018985, 48.366547973365066], [4.760187516213949, 48.38761245982978], [4.767338367393962, 48.40983226043213], [4.772160220373478, 48.41012924987571], [4.782421459817537, 48.40022968334964], [4.780327883664371, 48.38629477847511], [4.795995605465061, 48.37706834360217], [4.792889683006199, 48.35609334508127]]]}",24023,495,11,3,52,21
85073,85320,CORPE,VENDEE,"PAYS DE LA LOIRE","Commune simple",30.0,1707.0,0.9,"46.5050234767, -1.17034425311","{""type"": ""Polygon"", ""coordinates"": [[[-1.1868932333974, 46.48358181875513], [-1.199355293068228, 46.49080697235868], [-1.204785050065639, 46.50499879867738], [-1.193122955798286, 46.510594261814084], [-1.184660521726485, 46.52284318008011], [-1.175750014893904, 46.52589224353103], [-1.167507675744091, 46.528636687788875], [-1.151052276184741, 46.522373601995824], [-1.150133089014998, 46.51579758147032], [-1.131267424733133, 46.512802303359955], [-1.151199541221501, 46.48917687061368], [-1.156231711984759, 46.489255361271354], [-1.1868932333974, 46.48358181875513]]]}",36264,073,13,2,85,52
70501,70230,THIENANS,HAUTE-SAONE,FRANCHE-COMTE,"Commune simple",274.0,422.0,0.1,"47.4697221913, 6.27863279834","{""type"": ""Polygon"", ""coordinates"": [[[6.282863205336378, 47.45148901824479], [6.277333600331247, 47.46400599343581], [6.268738227071431, 47.46705869116639], [6.259886485215183, 47.478568704239464], [6.264195843602218, 47.48472747629709], [6.274762584517187, 47.47822323228009], [6.296257380070016, 47.47163419834026], [6.294220619719095, 47.4659617777008], [6.282863205336378, 47.45148901824479]]]}",24294,501,17,2,70,43
52294,52130,LOUVEMONT,HAUTE-MARNE,CHAMPAGNE-ARDENNE,"Commune simple",160.0,2102.0,0.8,"48.5434019662, 4.89152733992","{""type"": ""Polygon"", ""coordinates"": [[[4.886994311316571, 48.51844808799557], [4.864882287230105, 48.523206299592076], [4.859462582052368, 48.53615864325637], [4.851305265304295, 48.539210346104774], [4.865034727119665, 48.56710565261834], [4.868109938865289, 48.569702792189574], [4.872995566014308, 48.56414620598606], [4.877728893197851, 48.55815087848424], [4.886613581071177, 48.55455500740987], [4.906529074468186, 48.56510711030383], [4.920409362500363, 48.56357009426399], [4.925358590877276, 48.5580641945833], [4.934170183774843, 48.55587862247088], [4.935345806579464, 48.545502503406475], [4.915523205517431, 48.534485676937884], [4.901359360269772, 48.52126956962538], [4.886994311316571, 48.51844808799557]]]}",20901,294,28,3,52,21
58080,58800,"LA COLLANCELLE",NIEVRE,BOURGOGNE,"Commune simple",282.0,2346.0,0.2,"47.1806919215, 3.64662117712","{""type"": ""Polygon"", ""coordinates"": [[[3.67758987325017, 47.171067840917196], [3.666782351329731, 47.16403606843141], [3.664531160105803, 47.151696595732986], [3.652738180437332, 47.145641499019234], [3.647959740594355, 47.146622694252976], [3.639140728340899, 47.149642797052564], [3.632401715967195, 47.165786519373796], [3.618140502994364, 47.179242183965236], [3.613162010169976, 47.179205628528905], [3.615941515615029, 47.194784205573534], [3.61404539768982, 47.20108739420965], [3.60986186755526, 47.20260399279211], [3.614228098271931, 47.20436352500798], [3.623673125659101, 47.20203530322833], [3.640576956673569, 47.20937958133481], [3.659828740668643, 47.20523818942053], [3.679542278349802, 47.189773963441404], [3.673613616059605, 47.18038231010919], [3.673777170211362, 47.173403906777565], [3.67758987325017, 47.171067840917196]]]}",4946,080,06,2,58,26
66034,66500,CAMPOME,PYRENEES-ORIENTALES,LANGUEDOC-ROUSSILLON,"Commune simple",628.0,535.0,0.1,"42.6431601092, 2.38417455008","{""type"": ""Polygon"", ""coordinates"": [[[2.394616975438165, 42.628359656505104], [2.382454342338374, 42.63292930176943], [2.364878550919295, 42.634570561314774], [2.371723277439953, 42.63894453740623], [2.369945975826197, 42.64903077077337], [2.377528011975015, 42.65755357429427], [2.375932608908049, 42.67799884626234], [2.382007052732315, 42.66479028943381], [2.379730102811769, 42.65437459055768], [2.386539402691095, 42.6450813505787], [2.4073443315279, 42.63751155273771], [2.4116889385303, 42.63897405822459], [2.408010820311165, 42.63423363329639], [2.39209488872069, 42.63087172717583], [2.394616975438165, 42.628359656505104]]]}",349,034,10,3,66,91
12087,12340,CRUEJOULS,AVEYRON,MIDI-PYRENEES,"Commune simple",629.0,1824.0,0.4,"44.4439001452, 2.86354993071","{""type"": ""Polygon"", ""coordinates"": [[[2.851028467962972, 44.42190607195457], [2.847730377331116, 44.41989414818818], [2.830556140955452, 44.42128236682634], [2.833027027484053, 44.43100817636911], [2.826655430478028, 44.43583236743911], [2.840098790222322, 44.44474661074765], [2.841811756261143, 44.44780975052669], [2.835577259692686, 44.45263469167446], [2.844933164884679, 44.45977783601266], [2.848521251497291, 44.45759533504913], [2.862142449611304, 44.45897251199639], [2.881189384940908, 44.46866285943777], [2.894308101820557, 44.46495837290723], [2.894629014544559, 44.45464237824358], [2.898875116204641, 44.44868704696665], [2.884709901698742, 44.43138943322437], [2.877319762174253, 44.43283075995686], [2.851028467962972, 44.42190607195457]]]}",658,087,15,2,12,73
50188,50320,FOLLIGNY,MANCHE,BASSE-NORMANDIE,"Commune simple",110.0,1189.0,1.0,"48.8202336889, -1.41781019903","{""type"": ""Polygon"", ""coordinates"": [[[-1.427986803534064, 48.79654112472361], [-1.433205742361661, 48.80612096886342], [-1.446611504769159, 48.81091917418094], [-1.450551186421486, 48.82063601185959], [-1.43061129165649, 48.831258632824884], [-1.42757223892521, 48.82873207051959], [-1.418695992977505, 48.83040280898035], [-1.415620741192427, 48.832912495787774], [-1.417845119143882, 48.83918954400314], [-1.401617196859387, 48.84350840728236], [-1.388429058359295, 48.829518713053965], [-1.386148188696271, 48.823171224485144], [-1.390075911707581, 48.81700999176759], [-1.399142356213975, 48.819063407878545], [-1.408267807514968, 48.816808375017], [-1.413106424627917, 48.797929779463196], [-1.427986803534064, 48.79654112472361]]]}",691,188,17,1,50,25
21060,21310,BELLENEUVE,COTE-D'OR,BOURGOGNE,"Commune simple",209.0,1455.0,1.5,"47.3575073832, 5.27408508272","{""type"": ""Polygon"", ""coordinates"": [[[5.244522888330598, 47.340033475699116], [5.235219823915168, 47.35110996100097], [5.234865399087272, 47.35787112878223], [5.257345199986176, 47.36642433039077], [5.257872478053216, 47.36950308155662], [5.28570229748473, 47.37210203903202], [5.293493026966029, 47.379747650023795], [5.296311959944831, 47.38241176720005], [5.300793886075068, 47.381179379961594], [5.30023720242895, 47.36727622995311], [5.308842337841714, 47.3590091567127], [5.297883421678813, 47.344825820938254], [5.290197645337796, 47.34170844319467], [5.257011586149575, 47.3455822371978], [5.244522888330598, 47.340033475699116]]]}",109,060,20,2,21,26
35232,35210,PRINCE,ILLE-ET-VILAINE,BRETAGNE,"Commune simple",159.0,1229.0,0.4,"48.2370987257, -1.10577928863","{""type"": ""Polygon"", ""coordinates"": [[[-1.087119872395925, 48.210039675492176], [-1.102694330910841, 48.21824803934373], [-1.115639737552582, 48.212580600443054], [-1.124702885179208, 48.2360688014916], [-1.123833854836852, 48.250127610209134], [-1.12231702051423, 48.260397715280604], [-1.099932365516376, 48.26837532716093], [-1.098658389551401, 48.251310156656224], [-1.080599817058435, 48.21950036316756], [-1.087119872395925, 48.210039675492176]]]}",773,232,42,1,35,53
39189,39500,DAMPARIS,JURA,FRANCHE-COMTE,"Commune simple",203.0,885.0,2.8,"47.0709486148, 5.40719104716","{""type"": ""Polygon"", ""coordinates"": [[[5.430778190121936, 47.049184736159944], [5.42173074745886, 47.05666185134778], [5.412522455190089, 47.05912441735265], [5.405066594985943, 47.06395472882955], [5.366697140206614, 47.07303381304373], [5.362376875226425, 47.074932672060044], [5.363331843179505, 47.078371906953166], [5.37762702223222, 47.079321656215], [5.384665783062156, 47.07569080444554], [5.41053421490072, 47.08542241483461], [5.438508771138716, 47.074729178226114], [5.429317378835663, 47.07322939329331], [5.42815606739344, 47.06998410526397], [5.432408307671031, 47.06400377710712], [5.429707219620919, 47.057593252372456], [5.435029913230485, 47.05199559228505], [5.430778190121936, 47.049184736159944]]]}",30765,189,33,1,39,43
22313,22320,SAINT-MARTIN-DES-PRES,COTES-D'ARMOR,BRETAGNE,"Commune simple",216.0,2069.0,0.3,"48.3055992864, -2.96456859759","{""type"": ""Polygon"", ""coordinates"": [[[-2.940414124180915, 48.28264560500182], [-2.950284388975866, 48.28038915689315], [-2.96922773305891, 48.285668007908], [-2.974202294840329, 48.29113712990436], [-2.998957674356032, 48.302496849881], [-3.004005497152326, 48.302050897054364], [-3.007886481094721, 48.30772777030045], [-2.99907772739255, 48.315403020027055], [-3.009160445259242, 48.322542388101986], [-2.984489108595622, 48.326997534757126], [-2.97097737943546, 48.323232669389505], [-2.946620890564698, 48.3249931242005], [-2.942369390648596, 48.31670761162187], [-2.925914283723507, 48.31041516614433], [-2.92496761129609, 48.30729570893901], [-2.930858264040308, 48.30196547609933], [-2.929639094482112, 48.2891151473091], [-2.940414124180915, 48.28264560500182]]]}",13169,313,10,4,22,53
14690,14480,TIERCEVILLE,CALVADOS,BASSE-NORMANDIE,"Commune simple",39.0,268.0,0.2,"49.2984533619, -0.527408226219","{""type"": ""Polygon"", ""coordinates"": [[[-0.525791410339604, 49.284962933659386], [-0.537032747602326, 49.29444215768078], [-0.53712241975442, 49.30699223664674], [-0.523423484661834, 49.3093185886517], [-0.51980126369303, 49.30847047593223], [-0.517904365823233, 49.292355908478825], [-0.525791410339604, 49.284962933659386]]]}",35053,690,28,1,14,25
16346,16210,SAINT-QUENTIN-DE-CHALAIS,CHARENTE,POITOU-CHARENTES,"Commune simple",76.0,1245.0,0.3,"45.2429849506, 0.0733899615391","{""type"": ""Polygon"", ""coordinates"": [[[0.09200550920171, 45.227514577690634], [0.076064241975563, 45.2202684953269], [0.066432792305678, 45.22061960784399], [0.055581783610499, 45.227164005575744], [0.056958387465105, 45.24577998794999], [0.056691293885171, 45.252530863525074], [0.061937094191074, 45.26990609754913], [0.072185523665253, 45.26866124523983], [0.071310362196226, 45.265403541057836], [0.07947932445592, 45.26218430665888], [0.099001338674255, 45.244023245974475], [0.090332209150525, 45.24101359808456], [0.09200550920171, 45.227514577690634]]]}",33024,346,10,1,16,54
86121,86190,LATILLE,VIENNE,POITOU-CHARENTES,"Commune simple",150.0,2524.0,1.4,"46.6099211196, 0.0623433314507","{""type"": ""Polygon"", ""coordinates"": [[[0.109648175710175, 46.58583920122749], [0.07791603312631, 46.58925955060473], [0.06480544776206, 46.59195171647607], [0.04271943974108, 46.5911670989018], [0.023995998761452, 46.59510619796737], [0.02285463974649, 46.61453068517633], [0.041136055997693, 46.63422405072767], [0.060290250735724, 46.638023939882466], [0.073578224727896, 46.63346238202645], [0.083502958207121, 46.634012781785096], [0.081303504739022, 46.62722598439718], [0.087249156463667, 46.61438427302088], [0.092750680028924, 46.608577171658716], [0.109160189503674, 46.60166712907095], [0.105414952905907, 46.59171515094138], [0.109648175710175, 46.58583920122749]]]}",20562,121,30,3,86,54
78475,78910,OSMOY,YVELINES,ILE-DE-FRANCE,"Commune simple",115.0,259.0,0.4,"48.8640021137, 1.71710528225","{""type"": ""Polygon"", ""coordinates"": [[[1.716446665799904, 48.85492053285942], [1.705221892354182, 48.860142271733636], [1.701853375257341, 48.86567329322538], [1.719877707684332, 48.87227138342212], [1.729202260876186, 48.871219483603575], [1.727488283890878, 48.85933778282258], [1.716446665799904, 48.85492053285942]]]}",13082,475,08,1,78,11
49167,49610,JUIGNE-SUR-LOIRE,MAINE-ET-LOIRE,"PAYS DE LA LOIRE","Commune simple",33.0,1253.0,2.5,"47.40011602, -0.484584915233","{""type"": ""Polygon"", ""coordinates"": [[[-0.456840067512292, 47.41661570192463], [-0.464997820652684, 47.408101092059], [-0.464305496518824, 47.3877485566704], [-0.47238787282582, 47.37979407042253], [-0.491527599900731, 47.3825905069018], [-0.50878906098569, 47.387468051826694], [-0.50291321412414, 47.39643097566291], [-0.50387868793081, 47.39962776875326], [-0.512342100250146, 47.40260722139823], [-0.498225779557895, 47.41813506898931], [-0.468860775227022, 47.416717203060756], [-0.456840067512292, 47.41661570192463]]]}",16785,167,23,1,49,52
06140,06530,"LE TIGNET",ALPES-MARITIMES,"PROVENCE-ALPES-COTE D'AZUR","Commune simple",225.0,1134.0,3.1,"43.623581463, 6.85261791799","{""type"": ""Polygon"", ""coordinates"": [[[6.882988155510731, 43.60643624940116], [6.853288298955064, 43.606494367101924], [6.838665114829457, 43.613795611081756], [6.835681378570475, 43.61923399463665], [6.824612115686131, 43.623191674660085], [6.845185161239427, 43.64833777769541], [6.860404051509451, 43.63687062688672], [6.882988155510731, 43.60643624940116]]]}",7878,140,25,1,06,93
38207,38350,LAVALDENS,ISERE,RHONE-ALPES,"Commune simple",1775.0,5678.0,0.2,"44.9921098746, 5.90329398345","{""type"": ""Polygon"", ""coordinates"": [[[5.918738320986333, 44.93747887342071], [5.893749781664788, 44.95715180015016], [5.870548951809152, 44.9568073307529], [5.845493263642118, 44.96890259577181], [5.855026153586381, 44.97964088244047], [5.855595893804077, 44.986086132350415], [5.851504048573434, 44.987506516421185], [5.859068083688018, 44.99541198904589], [5.853778214125852, 45.00423310808366], [5.874357833322362, 45.012019299849825], [5.88423944588547, 45.0236024703456], [5.910513934197388, 45.03829839982564], [5.920248844037894, 45.039530098151374], [5.938846748670128, 45.039157800729434], [5.943471551207216, 45.022952613471396], [5.948998274360691, 45.017652533726725], [5.949621192563762, 44.99355217249465], [5.945640301989888, 44.987152453925944], [5.934077809836979, 44.98068262382238], [5.926729974627742, 44.96396473314384], [5.929986286591493, 44.95731078202286], [5.925926221290115, 44.94152443613854], [5.918738320986333, 44.93747887342071]]]}",3244,207,36,1,38,82
71291,71340,MELAY,SAONE-ET-LOIRE,BOURGOGNE,"Commune simple",305.0,3643.0,0.9,"46.1993430373, 4.01334555514","{""type"": ""Polygon"", ""coordinates"": [[[3.988528483757171, 46.16985705015012], [3.971497251351303, 46.189671990758434], [3.972570358526315, 46.19973098852344], [3.965168285194802, 46.20286493534578], [3.969612672958478, 46.21215683318158], [3.992183612482405, 46.2286133994256], [4.021079206074042, 46.22571910162535], [4.035488829892539, 46.228146443738225], [4.037515208597272, 46.224831935578344], [4.062225102320978, 46.20835772650241], [4.053318898309329, 46.19714749792126], [4.059972447963673, 46.1884582533304], [4.049831120279006, 46.18093358324203], [4.031148884573596, 46.171972895009205], [4.027487710237713, 46.16959254812908], [4.018044479815693, 46.172018988885625], [3.988528483757171, 46.16985705015012]]]}",1200,291,28,3,71,26
21575,21170,SAINT-SYMPHORIEN-SUR-SAONE,COTE-D'OR,BOURGOGNE,"Commune simple",186.0,797.0,0.3,"47.0909529728, 5.31775457592","{""type"": ""Polygon"", ""coordinates"": [[[5.332533413450932, 47.07659279161299], [5.320414664914365, 47.08297958491004], [5.292005253398463, 47.090580915444185], [5.280898344689302, 47.102050192752365], [5.295691954120208, 47.10190148705254], [5.312675269850079, 47.10821011136244], [5.326937711147557, 47.090828664990276], [5.335361562027034, 47.08801069212312], [5.35765989949949, 47.08374795261429], [5.359457405217668, 47.08082897536783], [5.345786475303326, 47.0766487619937], [5.332533413450932, 47.07659279161299]]]}",15727,575,29,1,21,26
02741,02390,THENELLES,AISNE,PICARDIE,"Commune simple",93.0,702.0,0.6,"49.8314948078, 3.45894075748","{""type"": ""Polygon"", ""coordinates"": [[[3.465313801458115, 49.81701652980368], [3.452192378905171, 49.81702093451433], [3.438185184038006, 49.82545429307872], [3.450288631941046, 49.84993664345876], [3.47648412452259, 49.840062685495425], [3.47523131747279, 49.83381466616587], [3.479484010008399, 49.828156007802164], [3.473451498218934, 49.820120734345096], [3.465313801458115, 49.81701652980368]]]}",20367,741,25,3,02,22
54350,54300,MARAINVILLER,MEURTHE-ET-MOSELLE,LORRAINE,"Commune simple",248.0,1711.0,0.7,"48.597994773, 6.60823842119","{""type"": ""Polygon"", ""coordinates"": [[[6.607949532151238, 48.57179228108534], [6.584488652726412, 48.577139248424935], [6.581886732521722, 48.58353887919251], [6.57721513491066, 48.58468799242771], [6.585068491095316, 48.596904805440445], [6.579439572898624, 48.60590765363492], [6.593301936739752, 48.609856980262386], [6.605938435855946, 48.628104905787325], [6.61543052099703, 48.63081545273777], [6.620993393426434, 48.61757186506819], [6.6435381256309, 48.595929768641746], [6.607949532151238, 48.57179228108534]]]}",2289,350,18,2,54,41
60048,60113/60190,BAUGY,OISE,PICARDIE,"Commune simple",81.0,724.0,0.3,"49.4559271908, 2.75517506422","{""type"": ""Polygon"", ""coordinates"": [[[2.774274086884154, 49.43948692181106], [2.759216175660159, 49.44092296558632], [2.740810346294982, 49.45282999184361], [2.731167378709943, 49.453986390177946], [2.725120518103915, 49.46583678955889], [2.766110307649337, 49.46771142202008], [2.773157496597907, 49.46767988244529], [2.775555950393809, 49.45529014101521], [2.769415954258359, 49.45016448670887], [2.779012569171777, 49.443378486373014], [2.774274086884154, 49.43948692181106]]]}",5576,048,31,3,60,22
02591,02270,PARGNY-LES-BOIS,AISNE,PICARDIE,"Commune simple",109.0,688.0,0.1,"49.7323072713, 3.61788330529","{""type"": ""Polygon"", ""coordinates"": [[[3.639568241100349, 49.72229036693737], [3.632638216687293, 49.71778891538108], [3.608541127609111, 49.72151486389913], [3.596230669189804, 49.73313088227671], [3.597177135046417, 49.73939793928639], [3.606770550444022, 49.74635897407694], [3.61031003934758, 49.74433760988783], [3.633795733030478, 49.7452420234225], [3.630813362679747, 49.736146490248416], [3.639568241100349, 49.72229036693737]]]}",2599,591,13,2,02,22
74154,74500,LUGRIN,HAUTE-SAVOIE,RHONE-ALPES,"Commune simple",703.0,1337.0,2.3,"46.3933090904, 6.67397267401","{""type"": ""Polygon"", ""coordinates"": [[[6.698531940671579, 46.373801894288334], [6.679920711380997, 46.37708148681771], [6.670770772595695, 46.37504173478763], [6.663950274357252, 46.37937169826933], [6.654654882136057, 46.37943567168102], [6.648870289332792, 46.38447964960057], [6.645577415912338, 46.39700662156124], [6.63867212930901, 46.40541203890165], [6.711861177806072, 46.40761515141829], [6.70647976766246, 46.3997581649239], [6.68882871110818, 46.3890262673151], [6.698531940671579, 46.373801894288334]]]}",33248,154,13,4,74,82
71486,71230,SAINT-VALLIER,SAONE-ET-LOIRE,BOURGOGNE,"Commune simple",311.0,2431.0,9.1,"46.6430898449, 4.35996411381","{""type"": ""Polygon"", ""coordinates"": [[[4.377670458510045, 46.621725126248585], [4.325874019062322, 46.626118457141345], [4.324979140688589, 46.62909163230166], [4.303830003225842, 46.63244107834604], [4.301350162572557, 46.63534201292802], [4.326039408702828, 46.65113390633912], [4.327183020098388, 46.65780275684382], [4.356511888483821, 46.65328998512124], [4.367723115183193, 46.66433271644416], [4.385159516032152, 46.67098570391196], [4.388256197297352, 46.667760285276856], [4.400094991673451, 46.6575931085359], [4.412637675485838, 46.65304451173628], [4.404311641801258, 46.64968861473618], [4.390813401343245, 46.63170676034277], [4.377670458510045, 46.621725126248585]]]}",10998,486,56,2,71,26
27528,27100,"LE VAUDREUIL",EURE,HAUTE-NORMANDIE,"Commune simple",50.0,553.0,3.6,"49.2609960336, 1.19894900143","{""type"": ""MultiPolygon"", ""coordinates"": [[[[1.168991689846884, 49.258701402589914], [1.16224663604458, 49.264093017370215], [1.159358225905992, 49.27227673048856], [1.187518190810224, 49.273386426693385], [1.168991689846884, 49.258701402589914]]], [[[1.206973314183633, 49.252518933587716], [1.192545224087059, 49.24911135683903], [1.193266429519219, 49.25244925865903], [1.201807831679092, 49.260822640025154], [1.210575658846687, 49.26432502177659], [1.229712636758633, 49.259589859858266], [1.239519583216655, 49.26167564681595], [1.242970780684435, 49.259172256085684], [1.236940334414663, 49.25633272083571], [1.214274219800845, 49.251530219416125], [1.206973314183633, 49.252518933587716]]]]}",27834,528,43,1,27,23
24102,24650,CHANCELADE,DORDOGNE,AQUITAINE,"Commune simple",132.0,1693.0,4.2,"45.2100121087, 0.655273444534","{""type"": ""Polygon"", ""coordinates"": [[[0.673608828500981, 45.200099003602716], [0.65952459874872, 45.19748056108759], [0.654717389231476, 45.18817335235911], [0.645424310908564, 45.18621212351511], [0.636069056411016, 45.188140335934065], [0.628171205640684, 45.196827912923126], [0.623459918615806, 45.195862934016134], [0.619612154011867, 45.20094271006468], [0.629082338812248, 45.21317024287688], [0.63823767912939, 45.21576943391068], [0.644452890010736, 45.22523323110525], [0.655367204344737, 45.23214695133009], [0.663350732024791, 45.23512477538116], [0.675786257415854, 45.230726943528545], [0.688273873130578, 45.21025841545241], [0.682987520172907, 45.2013029221853], [0.673608828500981, 45.200099003602716]]]}",13857,102,50,3,24,72
71229,71160,"LES GUERREAUX",SAONE-ET-LOIRE,BOURGOGNE,"Commune simple",300.0,2037.0,0.3,"46.5400960877, 3.92347814201","{""type"": ""Polygon"", ""coordinates"": [[[3.935790872796308, 46.5120736623637], [3.922913022015231, 46.516455726726385], [3.916937571365969, 46.52181678180318], [3.902457031958862, 46.521823881029185], [3.889121270781188, 46.55042017384288], [3.883241989994973, 46.55811992595188], [3.890105702602789, 46.559543574070354], [3.912656954110021, 46.55755598714433], [3.944999247508606, 46.5624714429562], [3.951284617909481, 46.55756565874495], [3.953363113893783, 46.53311757645294], [3.948361645290849, 46.52314546766402], [3.935790872796308, 46.5120736623637]]]}",2521,229,17,3,71,26
12088,12210,CURIERES,AVEYRON,MIDI-PYRENEES,"Commune simple",1094.0,3622.0,0.2,"44.6493232738, 2.89170192914","{""type"": ""Polygon"", ""coordinates"": [[[2.829798933752156, 44.6020547586622], [2.8306095635209, 44.6090600021543], [2.851062197259757, 44.62386272239864], [2.839110679491597, 44.64195033171977], [2.848201177244942, 44.661138986521955], [2.852841569433803, 44.666591929628545], [2.86716716081211, 44.66892376842288], [2.896419627599683, 44.671007651489596], [2.914643769155941, 44.6669809642555], [2.939346065630711, 44.67757553134843], [2.953132017669546, 44.668831522233006], [2.955269374599783, 44.66218837166558], [2.962664268608828, 44.657869799674316], [2.961871925327652, 44.65446649921337], [2.923600185902118, 44.639484205894405], [2.877014341692864, 44.631141757395056], [2.868714160212204, 44.627648191268186], [2.843295489596211, 44.606260909068276], [2.829798933752156, 44.6020547586622]]]}",2677,088,14,2,12,73
02519,02340,MONTLOUE,AISNE,PICARDIE,"Commune simple",148.0,1564.0,0.2,"49.6682396007, 4.06275825607","{""type"": ""Polygon"", ""coordinates"": [[[4.056441070732897, 49.637890151617974], [4.032256523067401, 49.66075325671015], [4.042577348174992, 49.6719972019057], [4.043745526316309, 49.68516120366859], [4.062177910184784, 49.690384513965604], [4.083808639940364, 49.69141595264883], [4.097711527852889, 49.68602535690818], [4.074282370511315, 49.6585830311032], [4.070381335336549, 49.641479773245635], [4.056441070732897, 49.637890151617974]]]}",20660,519,26,2,02,22
28288,28700,ORLU,EURE-ET-LOIR,CENTRE,"Commune simple",145.0,516.0,0.0,"48.3703339458, 1.92692216752","{""type"": ""Polygon"", ""coordinates"": [[[1.928072456000878, 48.356919153311935], [1.925535140325167, 48.36349149200879], [1.90575691058147, 48.36595581623911], [1.905378644247142, 48.37894494625373], [1.93047678795077, 48.379444008960114], [1.944327161810881, 48.377111845545336], [1.947349217796184, 48.37457441635577], [1.944923405677805, 48.36219910206344], [1.928072456000878, 48.356919153311935]]]}",26699,288,02,1,28,24
25233,25580,FALLERANS,DOUBS,FRANCHE-COMTE,"Commune simple",624.0,1054.0,0.3,"47.1385232143, 6.29267245041","{""type"": ""Polygon"", ""coordinates"": [[[6.317264385022555, 47.138088084774246], [6.299523885529678, 47.12183537827641], [6.275818358440476, 47.117346279793274], [6.267898414911803, 47.12104856881041], [6.262191957144546, 47.12949054875195], [6.279467635691751, 47.13630961299066], [6.292082027366912, 47.14716964524822], [6.297459310959225, 47.16056867843129], [6.290053154575958, 47.17707983831745], [6.29025928559442, 47.177209138398304], [6.29516284512421, 47.176790303691845], [6.304741602483282, 47.16513661736773], [6.306254614599009, 47.152343121142664], [6.309836428577545, 47.15001502037266], [6.308859113188574, 47.14442922275041], [6.317264385022555, 47.138088084774246]]]}",5652,233,27,3,25,43
69183,69870,SAINT-BONNET-LE-TRONCY,RHONE,RHONE-ALPES,"Commune simple",687.0,1543.0,0.3,"46.0764312104, 4.41977426167","{""type"": ""Polygon"", ""coordinates"": [[[4.396490985370321, 46.052916281225265], [4.398461162348664, 46.059682767931356], [4.392322092157769, 46.082904500079984], [4.401475907460835, 46.0855747536904], [4.424837869957853, 46.1030173195209], [4.432673266327913, 46.101612764697016], [4.442580460926102, 46.085446882441396], [4.44446271024638, 46.06793249137815], [4.441288500584558, 46.061362166483065], [4.396490985370321, 46.052916281225265]]]}",28954,183,09,2,69,82
54390,54700,MOUSSON,MEURTHE-ET-MOSELLE,LORRAINE,"Commune simple",246.0,589.0,0.1,"48.9108966733, 6.09255325215","{""type"": ""Polygon"", ""coordinates"": [[[6.075470935299331, 48.89904090795707], [6.069728279604123, 48.90420110918367], [6.079996379304872, 48.9104621213773], [6.077027729396764, 48.916595163467925], [6.08479572419225, 48.92048111066085], [6.098140719804051, 48.92442942321049], [6.107807492892517, 48.923701989866565], [6.106837366322901, 48.91386352724418], [6.112179946541588, 48.905481002230594], [6.10924797311434, 48.90279424664577], [6.075470935299331, 48.89904090795707]]]}",679,390,24,3,54,41
21475,21250,PAGNY-LE-CHATEAU,COTE-D'OR,BOURGOGNE,"Commune simple",184.0,2440.0,0.5,"47.0499538846, 5.21153347867","{""type"": ""Polygon"", ""coordinates"": [[[5.222521870994441, 47.01066942622365], [5.214347311506534, 47.01266396368593], [5.212280767883376, 47.01782850922972], [5.204247581349675, 47.01590161009299], [5.195753497527452, 47.02399851304556], [5.195060623159987, 47.03060466128912], [5.176115539097907, 47.033151922959135], [5.174720698325483, 47.03613240252832], [5.18577625767977, 47.05831431679121], [5.195897269928138, 47.064445063230345], [5.192059974241006, 47.07705519274554], [5.196093514738426, 47.07897808243307], [5.203168386164507, 47.07433107654403], [5.231998078609601, 47.086369225816995], [5.242226726482218, 47.08182997543602], [5.241999836273659, 47.07542154584089], [5.234297010046466, 47.06738357654952], [5.237277089627102, 47.05850823127156], [5.229922858666844, 47.0470316257617], [5.235606410209074, 47.04236427050509], [5.235807303221375, 47.03608258131773], [5.234988295073233, 47.027758042322645], [5.221461217680344, 47.02585747081547], [5.21943515482997, 47.023032252542535], [5.218288432905569, 47.02012705688828], [5.224977658026969, 47.0162604453263], [5.222521870994441, 47.01066942622365]]]}",857,475,34,1,21,26
03065,03500,CHATEL-DE-NEUVRE,ALLIER,AUVERGNE,"Commune simple",249.0,1923.0,0.5,"46.4160449941, 3.29822520917","{""type"": ""Polygon"", ""coordinates"": [[[3.315621893014084, 46.39389487506908], [3.300196576951769, 46.4003928680101], [3.28327008391424, 46.39424089945948], [3.264143464713114, 46.39517823648342], [3.264446094509306, 46.42005746237215], [3.273827724895656, 46.42142206662267], [3.300853786041737, 46.43464494232411], [3.305725353736333, 46.44405087322549], [3.315160292728689, 46.44472759420653], [3.328347120058244, 46.44107057738525], [3.324998683686433, 46.43436267402904], [3.324687908269131, 46.406196894728396], [3.315621893014084, 46.39389487506908]]]}",26600,065,19,2,03,83
54530,54115,TRAMONT-LASSUS,MEURTHE-ET-MOSELLE,LORRAINE,"Commune simple",448.0,572.0,0.1,"48.4007845601, 5.9666240782","{""type"": ""Polygon"", ""coordinates"": [[[5.954938930085671, 48.38737405569704], [5.94958480891344, 48.3965013937712], [5.960138254584622, 48.40673568642887], [5.954926448726167, 48.4188934940575], [5.958641020733394, 48.42097053630724], [5.966809633555505, 48.416886209818486], [5.984727703827986, 48.399952024336734], [5.982934800457962, 48.39313683071355], [5.970260325399862, 48.387017999824], [5.954938930085671, 48.38737405569704]]]}",32129,530,10,4,54,41
54366,54850,MESSEIN,MEURTHE-ET-MOSELLE,LORRAINE,"Commune simple",258.0,519.0,1.8,"48.6104817604, 6.14212766773","{""type"": ""Polygon"", ""coordinates"": [[[6.155455157747984, 48.601961657601635], [6.142792877828541, 48.60628477496823], [6.137280440034933, 48.60105587032834], [6.118402533604272, 48.60268637176627], [6.121483987967622, 48.61270601445719], [6.127902595611386, 48.61810982902787], [6.141814122346362, 48.61847262775826], [6.150849882525508, 48.624445308515035], [6.151926457486486, 48.617521117186534], [6.173858355784787, 48.608413087619304], [6.165234472467306, 48.607679514633986], [6.155455157747984, 48.601961657601635]]]}",20538,366,33,3,54,41
09165,09300,LESPARROU,ARIEGE,MIDI-PYRENEES,"Commune simple",590.0,1642.0,0.2,"42.9276359247, 1.93926031529","{""type"": ""Polygon"", ""coordinates"": [[[1.989327280113847, 42.91048810263248], [1.957798183874665, 42.91319066253832], [1.923254268092228, 42.921915549950086], [1.900187763975361, 42.921852775533935], [1.892357233859706, 42.92562164981152], [1.894626315824895, 42.93242632747414], [1.898720305133799, 42.931470052911976], [1.89937332340696, 42.940920262997835], [1.902482663309946, 42.946744122803864], [1.906720762185756, 42.94728198097822], [1.933731142371162, 42.93914410197319], [1.98057431075619, 42.929579691985936], [1.989327280113847, 42.91048810263248]]]}",15861,165,07,1,09,73
64455,64330,PORTET,PYRENEES-ATLANTIQUES,AQUITAINE,"Commune simple",155.0,793.0,0.2,"43.5781162021, -0.186908454571","{""type"": ""Polygon"", ""coordinates"": [[[-0.206948702692749, 43.55683937862569], [-0.208621828998113, 43.557753434308864], [-0.207235972782001, 43.56751962042588], [-0.19976491229372, 43.5712340112101], [-0.201446883139481, 43.57740678554075], [-0.205010919909708, 43.5840012881564], [-0.176560881867224, 43.59683191922085], [-0.162107895159662, 43.581666450478586], [-0.166828728412998, 43.57630609024249], [-0.194016836341119, 43.56453264265621], [-0.197596338156591, 43.55832199973657], [-0.206948702692749, 43.55683937862569]]]}",28448,455,11,3,64,72
62609,62580,NEUVILLE-SAINT-VAAST,PAS-DE-CALAIS,NORD-PAS-DE-CALAIS,"Commune simple",112.0,1271.0,1.5,"50.3583439881, 2.75467888748","{""type"": ""Polygon"", ""coordinates"": [[[2.746226975115799, 50.33361968447288], [2.743307925013662, 50.33943146846126], [2.738816587388237, 50.348005043914355], [2.72949520647188, 50.34891867292248], [2.734376128304174, 50.3572877189852], [2.725643913307882, 50.36050064430658], [2.723997363136353, 50.366467207315694], [2.739168633832634, 50.37221899899496], [2.764316822012887, 50.37976588122897], [2.771363073466458, 50.37703198549666], [2.787338504501399, 50.36722998968677], [2.782308988178793, 50.36828957215245], [2.77549622947551, 50.36311516551574], [2.774672225124907, 50.34961993259829], [2.775327461864153, 50.34426127190095], [2.754171346100351, 50.335440377682005], [2.746226975115799, 50.33361968447288]]]}",20052,609,45,1,62,31
68079,68210,ELBACH,HAUT-RHIN,ALSACE,"Commune simple",340.0,314.0,0.3,"47.6424317944, 7.06940948194","{""type"": ""Polygon"", ""coordinates"": [[[7.069534202847216, 47.63395852484753], [7.054372533863791, 47.63991191257902], [7.053187321471984, 47.649056020069736], [7.055127280797024, 47.64983586002731], [7.083614869284863, 47.64701329576645], [7.088002808375286, 47.63953213470656], [7.069534202847216, 47.63395852484753]]]}",27048,079,05,1,68,42
50355,50530,MONTVIRON,MANCHE,BASSE-NORMANDIE,"Commune simple",92.0,592.0,0.3,"48.7453193916, -1.41897722157","{""type"": ""Polygon"", ""coordinates"": [[[-1.424596762179519, 48.72818725042844], [-1.441033064604441, 48.72947696040277], [-1.443078662691652, 48.73494995803363], [-1.439585148859299, 48.74190842533173], [-1.413007385954861, 48.76053267691077], [-1.409393413001772, 48.758720562167255], [-1.392218395187589, 48.7620204271956], [-1.396440526442222, 48.75650520032993], [-1.393262660134344, 48.75419912814761], [-1.394951910611048, 48.747570075503084], [-1.414319207757502, 48.74383715724009], [-1.424596762179519, 48.72818725042844]]]}",14523,355,42,1,50,25
85121,85370,"LE LANGON",VENDEE,"PAYS DE LA LOIRE","Commune simple",12.0,2376.0,1.1,"46.4393119039, -0.947017086151","{""type"": ""Polygon"", ""coordinates"": [[[-0.951424110786972, 46.40896159283105], [-0.959953761440277, 46.41119024353741], [-0.973124281848711, 46.41377064086821], [-0.97801592543723, 46.408451982440816], [-0.97826298680248, 46.41488083447794], [-0.985173351165913, 46.419183734346134], [-0.976495712865662, 46.43141475683115], [-0.979699559314098, 46.43994042590107], [-0.954136635572748, 46.4647480822432], [-0.949209225625844, 46.464990746820746], [-0.919616543311576, 46.46497365772006], [-0.904041310568177, 46.45663594559483], [-0.910528736913646, 46.44759662875446], [-0.925512479456164, 46.433243161822396], [-0.932863203972313, 46.420169609849765], [-0.945749671182613, 46.41484705219306], [-0.951424110786972, 46.40896159283105]]]}",7541,121,07,1,85,52
59005,59251,ALLENNES-LES-MARAIS,NORD,NORD-PAS-DE-CALAIS,"Commune simple",22.0,564.0,3.4,"50.5417063572, 2.94865877262","{""type"": ""Polygon"", ""coordinates"": [[[2.963220650620988, 50.52788377801458], [2.950143635727251, 50.52368756148162], [2.946251465836696, 50.52945729107424], [2.930526007802536, 50.547382559848785], [2.929648373492249, 50.550442670777464], [2.940445688357084, 50.556856709173246], [2.950419795639017, 50.55779452845592], [2.96483320791, 50.53754198302948], [2.963220650620988, 50.52788377801458]]]}",23044,005,57,5,59,31
73063,73730,CEVINS,SAVOIE,RHONE-ALPES,"Commune simple",1633.0,3251.0,0.7,"45.6094285678, 6.4969871671","{""type"": ""Polygon"", ""coordinates"": [[[6.461819308873984, 45.57460691226226], [6.45100100678774, 45.585133804742654], [6.449242884818158, 45.59174049115569], [6.44383138989349, 45.598242804802084], [6.456939089039658, 45.601508930611686], [6.463984541101493, 45.61828241752448], [6.477736711735776, 45.6218960107076], [6.500646140886746, 45.64434129112624], [6.509744575334419, 45.64576140575236], [6.520075548390208, 45.638263684483434], [6.525894585605124, 45.633394270651884], [6.543253598654753, 45.62979306936119], [6.550184574636396, 45.62127269744154], [6.52907228170249, 45.59355282848611], [6.50479439669432, 45.60533616502143], [6.50068995356785, 45.60338189588545], [6.501370816499725, 45.57961880082092], [6.497828134680137, 45.57717828281108], [6.474257157161167, 45.580361199504715], [6.461819308873984, 45.57460691226226]]]}",805,063,30,1,73,82
87158,87310,SAINT-LAURENT-SUR-GORRE,HAUTE-VIENNE,LIMOUSIN,"Chef-lieu canton",303.0,3965.0,1.4,"45.7680643586, 0.973319205658","{""type"": ""Polygon"", ""coordinates"": [[[0.949592715961684, 45.73198609907386], [0.935554165482643, 45.739359613076125], [0.926221237706118, 45.73403576641055], [0.91550111879087, 45.74064811010133], [0.923407085056972, 45.752792649745466], [0.914320198947674, 45.76478579004227], [0.920348885708416, 45.77422039921873], [0.918108641477354, 45.77730486349687], [0.928634827361423, 45.7829124178784], [0.937008584279127, 45.782083963610255], [0.940102337709468, 45.776456465383106], [0.952402400182754, 45.78219322278275], [0.966882184188349, 45.78404945953975], [0.977232525285047, 45.7914597800379], [0.990630996413599, 45.78843831359575], [1.0018350320939, 45.79514088116635], [1.021480131516926, 45.79457720669981], [1.02981463812873, 45.79810090087743], [1.036120862301998, 45.80726353406678], [1.045555733362318, 45.8092558367676], [1.049270615011802, 45.804365882353224], [1.045921636639501, 45.79928168180796], [1.031800624355065, 45.79007366123305], [1.031478275799234, 45.77961010451111], [1.013026697095334, 45.75501981399714], [0.998886107591628, 45.75818373616088], [0.989510960180351, 45.75695408172089], [0.973079167960469, 45.74955276742144], [0.968639937661133, 45.740456019781675], [0.952000168391508, 45.73331799200209], [0.949592715961684, 45.73198609907386]]]}",6638,158,25,3,87,74
25074,25210,BONNETAGE,DOUBS,FRANCHE-COMTE,"Commune simple",893.0,1789.0,0.8,"47.1802952744, 6.73897461794","{""type"": ""Polygon"", ""coordinates"": [[[6.817468429731678, 47.1375005442955], [6.798892511550712, 47.15298438664876], [6.790333224661967, 47.15508587762074], [6.778160011677877, 47.16613774557631], [6.763613602721584, 47.16733291232116], [6.742736714415634, 47.17670766545626], [6.702908701734565, 47.17303195048006], [6.694536126472401, 47.181411005402914], [6.684548269144612, 47.19268875495322], [6.681358879846563, 47.19979299118853], [6.692387672605804, 47.20365065198686], [6.696268078064172, 47.20161615939566], [6.714727331359467, 47.207144980715555], [6.738453642411087, 47.203524269904754], [6.731426145785029, 47.19868577207386], [6.729120360127333, 47.18908029339834], [6.739041927848556, 47.188210425827805], [6.771890679923534, 47.17398545273011], [6.781399802095571, 47.175567854147076], [6.788231676995483, 47.16859349002241], [6.826475664993598, 47.14417028506095], [6.817468429731678, 47.1375005442955]]]}",10879,074,25,3,25,43
02181,02360,CHERY-LES-ROZOY,AISNE,PICARDIE,"Commune simple",171.0,516.0,0.1,"49.7222192886, 4.1011989282","{""type"": ""Polygon"", ""coordinates"": [[[4.103510642876242, 49.70639871934702], [4.085903447212246, 49.708551955512576], [4.087479800276891, 49.71361503000961], [4.08891367590578, 49.723693513693256], [4.099121054818734, 49.73558005284603], [4.095657869944744, 49.7421888650867], [4.119593718472373, 49.73092762225576], [4.112824797551831, 49.725651993070564], [4.110870758080033, 49.71545271226417], [4.103510642876242, 49.70639871934702]]]}",24892,181,26,2,02,22
45098,45370,CLERY-SAINT-ANDRE,LOIRET,CENTRE,"Chef-lieu canton",97.0,1834.0,3.2,"47.8147484728, 1.76833503654","{""type"": ""Polygon"", ""coordinates"": [[[1.769596693691895, 47.782976392603956], [1.755708157145048, 47.800634361680004], [1.726975242219246, 47.81999360414943], [1.785486498915046, 47.846897519616334], [1.794537256662541, 47.84343549062938], [1.79446308474178, 47.836683956822675], [1.782969262690245, 47.83011146003217], [1.782672747462342, 47.826714963574105], [1.79183668262894, 47.80048132711347], [1.792385369987107, 47.78690406353813], [1.784040090712508, 47.783874311587866], [1.777053211618261, 47.7868620389693], [1.769596693691895, 47.782976392603956]]]}",21998,098,10,2,45,24
64084,64330,AYDIE,PYRENEES-ATLANTIQUES,AQUITAINE,"Commune simple",185.0,790.0,0.1,"43.5707613227, -0.113447741678","{""type"": ""Polygon"", ""coordinates"": [[[-0.093557415870796, 43.563705715249384], [-0.119438644345465, 43.55689594291649], [-0.136151164945692, 43.56274439834914], [-0.140190436983151, 43.56097977410817], [-0.138195764970929, 43.565035477192616], [-0.134391533045257, 43.57065618091069], [-0.12276535091316, 43.57457507729804], [-0.124332603105027, 43.581067281477836], [-0.128924145872118, 43.58122319126141], [-0.122215721076779, 43.58541435883948], [-0.096782973208774, 43.58240589763171], [-0.091968233315143, 43.57006303890006], [-0.093557415870796, 43.563705715249384]]]}",8665,084,11,3,64,72
34332,34450,VIAS,HERAULT,LANGUEDOC-ROUSSILLON,"Commune simple",8.0,3278.0,5.4,"43.3131142636, 3.39889710362","{""type"": ""Polygon"", ""coordinates"": [[[3.364785882927148, 43.27737093679877], [3.376014886150349, 43.29257109751904], [3.373849834888087, 43.306243164930464], [3.372405457062959, 43.30956760607402], [3.363527843783068, 43.31218861689054], [3.358327873979821, 43.32190352501912], [3.345884152339428, 43.332316353082454], [3.362128520902323, 43.33849741989107], [3.379216217740171, 43.33368897401843], [3.38881332519157, 43.34051887367393], [3.407531794936483, 43.33998218529957], [3.416671117557917, 43.33232772685496], [3.439030400032686, 43.32802015879593], [3.442803413241713, 43.32189650985484], [3.44151158176695, 43.30444975561211], [3.428964806729406, 43.290214969477475], [3.400448350680715, 43.287283826887055], [3.364785882927148, 43.27737093679877]]]}",30744,332,01,1,34,91
37135,37370,LOUESTAULT,INDRE-ET-LOIRE,CENTRE,"Commune simple",123.0,1649.0,0.4,"47.6062030941, 0.655292241515","{""type"": ""Polygon"", ""coordinates"": [[[0.691607151402034, 47.59678215371764], [0.664709247258121, 47.58716984130511], [0.645033866672926, 47.58359554858533], [0.637863492968454, 47.58862861628005], [0.625364502057333, 47.61137426863548], [0.638661165975965, 47.6259801030476], [0.64792812705868, 47.63332612031589], [0.65275720925602, 47.633180144457846], [0.661574790991299, 47.625315597791584], [0.670979650301402, 47.61400420282082], [0.687815736624015, 47.60717091572788], [0.690585866900074, 47.60438918616598], [0.687339614818484, 47.59848966483961], [0.691607151402034, 47.59678215371764]]]}",17527,135,17,2,37,24
70475,70300,SAINT-VALBERT,HAUTE-SAONE,FRANCHE-COMTE,"Commune simple",371.0,381.0,0.2,"47.855243792, 6.39385591913","{""type"": ""Polygon"", ""coordinates"": [[[6.393287779060054, 47.844168657818535], [6.384241845434556, 47.842907768628514], [6.382475033420763, 47.85214713185481], [6.377940104882654, 47.851548216354274], [6.380814794184417, 47.85676215499223], [6.377798436012721, 47.86194768302631], [6.385931151809989, 47.864793922641375], [6.403522381401482, 47.861050741431065], [6.41618494851841, 47.86520468696675], [6.407614790780195, 47.853274852702604], [6.393287779060054, 47.844168657818535]]]}",17659,475,14,1,70,43
23228,23200,SAINT-PARDOUX-LE-NEUF,CREUSE,LIMOUSIN,"Commune simple",588.0,755.0,0.2,"45.9364998667, 2.22787618622","{""type"": ""Polygon"", ""coordinates"": [[[2.230056030652391, 45.91992107034652], [2.209377357102158, 45.92858571034797], [2.206472291166614, 45.94571162268581], [2.216203864355037, 45.947652547329795], [2.25405896806244, 45.945395858732155], [2.253568660815928, 45.938710671475185], [2.245238981547411, 45.93526941906131], [2.230056030652391, 45.91992107034652]]]}",16492,228,02,1,23,74
86218,86330,SAINT-CLAIR,VIENNE,POITOU-CHARENTES,"Commune simple",71.0,1078.0,0.2,"46.881517057, 0.0572109516962","{""type"": ""Polygon"", ""coordinates"": [[[0.05358003989897, 46.858612986571536], [0.052864282149288, 46.868866096964794], [0.025274644801757, 46.88274362893773], [0.037483630877638, 46.89280735190379], [0.049953400296437, 46.89696578484778], [0.0678841763643, 46.89741477787095], [0.077922321105248, 46.894327305309375], [0.074516090800838, 46.892177548077484], [0.084689438639568, 46.882164379652274], [0.083161620564629, 46.87589084658451], [0.073344579673972, 46.87665976201523], [0.06745621831265, 46.86723864386884], [0.067957311629781, 46.860412843293254], [0.05358003989897, 46.858612986571536]]]}",11843,218,16,1,86,54
40240,40270,RENUNG,LANDES,AQUITAINE,"Commune simple",98.0,2239.0,0.5,"43.7467796821, -0.368876062066","{""type"": ""Polygon"", ""coordinates"": [[[-0.362407135001891, 43.71152159354926], [-0.367373569315785, 43.72080682515937], [-0.381008280385558, 43.72289685501393], [-0.388502919575876, 43.731598365507644], [-0.397702001859825, 43.73256348988665], [-0.401613315948053, 43.74194350094306], [-0.396707239060113, 43.75095945354818], [-0.396775977846877, 43.76676445714311], [-0.374686301835545, 43.77069375157423], [-0.349435997487041, 43.76421386053283], [-0.342095828732863, 43.76684418463852], [-0.335274218933074, 43.76282020508354], [-0.335149358083987, 43.75364628509641], [-0.331438460049724, 43.7520126276259], [-0.332264333036193, 43.74869995793115], [-0.343647182405255, 43.74448710164132], [-0.344091283619, 43.73784462911804], [-0.353025175821284, 43.730256441262], [-0.362407135001891, 43.71152159354926]]]}",1416,240,01,2,40,72
62750,62120,SAINT-HILAIRE-COTTES,PAS-DE-CALAIS,NORD-PAS-DE-CALAIS,"Commune simple",63.0,735.0,0.8,"50.5673889188, 2.39680232031","{""type"": ""Polygon"", ""coordinates"": [[[2.406007155297116, 50.558732782973635], [2.396820763470551, 50.55283636032033], [2.392378870606943, 50.55317368690414], [2.390553214638425, 50.55618051566929], [2.375634436412862, 50.55717435439166], [2.367987082960311, 50.56139897542591], [2.376294177646177, 50.56532742999109], [2.374691025250543, 50.568460753930744], [2.381968383103422, 50.57718537734718], [2.421324275948349, 50.57820997867436], [2.426337438316759, 50.572453195429766], [2.424088906281049, 50.56942706016591], [2.407138683825458, 50.56195142371567], [2.406007155297116, 50.558732782973635]]]}",15221,750,38,2,62,31
31431,31160,PORTET-D'ASPET,HAUTE-GARONNE,MIDI-PYRENEES,"Commune simple",1103.0,1399.0,0.1,"42.9423055988, 0.855583620604","{""type"": ""Polygon"", ""coordinates"": [[[0.840734877141216, 42.922674544327165], [0.833750976248262, 42.94219086365267], [0.818662067373734, 42.950729131998955], [0.838267879594536, 42.958331474009185], [0.854372958291757, 42.956063211635225], [0.866627593911678, 42.9592130008525], [0.874911371938742, 42.95777574631527], [0.885379460290905, 42.93572545422788], [0.87797947499586, 42.92782485883326], [0.864821607795342, 42.92742919988027], [0.857162620584811, 42.923993090978364], [0.84373868096297, 42.92518185337693], [0.840734877141216, 42.922674544327165]]]}",22250,431,01,2,31,73
14528,14130,QUETTEVILLE,CALVADOS,BASSE-NORMANDIE,"Commune simple",115.0,1032.0,0.4,"49.3419911166, 0.300133346216","{""type"": ""Polygon"", ""coordinates"": [[[0.307046073888105, 49.318799559299336], [0.282654746083115, 49.33049451129778], [0.275601306832103, 49.3387093568622], [0.301713624229889, 49.37130535987279], [0.308037376823883, 49.35808135111323], [0.323853290159181, 49.34013877471759], [0.307046073888105, 49.318799559299336]]]}",22283,528,19,3,14,25
11135,11140,"LA FAJOLLE",AUDE,LANGUEDOC-ROUSSILLON,"Commune simple",1588.0,1579.0,0.0,"42.7525421686, 1.96514650646","{""type"": ""Polygon"", ""coordinates"": [[[1.991438424963736, 42.73479822426315], [1.950255043809532, 42.737657659478984], [1.943622368979051, 42.746206953745265], [1.931554683550779, 42.75093409760465], [1.929816711837216, 42.755206072501934], [1.935140651821988, 42.76100521090221], [1.959106949217715, 42.772687971685194], [1.972994060014259, 42.77287589890943], [1.993683691657937, 42.749566388088134], [1.998505754612018, 42.73594358272246], [1.991438424963736, 42.73479822426315]]]}",25547,135,04,2,11,91
22137,22340,MAEL-CARHAIX,COTES-D'ARMOR,BRETAGNE,"Chef-lieu canton",190.0,3704.0,1.6,"48.2882583933, -3.41055453588","{""type"": ""Polygon"", ""coordinates"": [[[-3.368485075252772, 48.264623362951404], [-3.383874249523451, 48.263873087185914], [-3.390071096248207, 48.25868111776821], [-3.409929271931051, 48.26222593106046], [-3.42465468842882, 48.25936683995791], [-3.439818025029124, 48.26131165890814], [-3.440898323818969, 48.26825805032574], [-3.445077044852068, 48.27035900732129], [-3.460602673468073, 48.269934381254906], [-3.465461906525877, 48.27074255892803], [-3.46625455400507, 48.27719004632754], [-3.447029510452791, 48.286619201330566], [-3.449338737857019, 48.29243312327649], [-3.442542282157575, 48.31358499608777], [-3.446960025812325, 48.32212744614836], [-3.431956177991058, 48.3209683583291], [-3.414826073639402, 48.31413661669391], [-3.395069623801522, 48.31559603405972], [-3.375430666251578, 48.31211723561155], [-3.36573314660178, 48.304895492046015], [-3.368485075252772, 48.264623362951404]]]}",9368,137,23,2,22,53
43129,43190,"LE MAS-DE-TENCE",HAUTE-LOIRE,AUVERGNE,"Commune simple",1036.0,1265.0,0.2,"45.1189181156, 4.36893159168","{""type"": ""Polygon"", ""coordinates"": [[[4.359232139137195, 45.099572210925984], [4.348288945737533, 45.10608085564623], [4.353274667001127, 45.115575106903364], [4.343381037315028, 45.12304308493792], [4.344185891232356, 45.12953524772295], [4.352588437645024, 45.13715127847582], [4.35723755218195, 45.136311341322646], [4.367249460908119, 45.14353750151907], [4.376558944791764, 45.14435959050189], [4.372570364297975, 45.12807289233074], [4.399670131028776, 45.11498439123475], [4.397137169055888, 45.10523627436822], [4.384584737903871, 45.10107028857101], [4.371467508604401, 45.10438430268881], [4.359232139137195, 45.099572210925984]]]}",5053,129,27,3,43,83
22282,22380,SAINT-CAST-LE-GUILDO,COTES-D'ARMOR,BRETAGNE,"Commune simple",49.0,2287.0,3.5,"48.6037155601, -2.24912296088","{""type"": ""Polygon"", ""coordinates"": [[[-2.21869654057746, 48.57054692753271], [-2.241205539856795, 48.57420793787015], [-2.253630192915651, 48.56954820864236], [-2.264333977639883, 48.58047888087836], [-2.263823162518893, 48.5903913208429], [-2.260562123650902, 48.59647674614929], [-2.271738397462633, 48.607304776170764], [-2.278353316559242, 48.62340995930474], [-2.286485321693554, 48.62677204413942], [-2.287136332114385, 48.630250012998225], [-2.267097877973713, 48.6416685092631], [-2.261059881957967, 48.64492860079421], [-2.244141235480318, 48.64456667238107], [-2.255963026889253, 48.635913632347524], [-2.244167591312242, 48.62449854125131], [-2.245408727862181, 48.61532070050157], [-2.22919331998582, 48.61047270333139], [-2.22380366528408, 48.59326578156242], [-2.212475278740256, 48.5920953493193], [-2.213362486659527, 48.57386424908015], [-2.21869654057746, 48.57054692753271]]]}",5185,282,24,1,22,53
10324,10320,RONCENAY,AUBE,CHAMPAGNE-ARDENNE,"Commune simple",135.0,379.0,0.1,"48.1967315175, 4.04486518985","{""type"": ""Polygon"", ""coordinates"": [[[4.046761732478643, 48.185844507383614], [4.038790276344246, 48.18901048508988], [4.029859788753699, 48.18721696984962], [4.031635245603937, 48.20301221139647], [4.048710005312818, 48.20602037925439], [4.052481565242641, 48.207480613737296], [4.061458193201648, 48.201317169213034], [4.056615534577594, 48.19206489109963], [4.046761732478643, 48.185844507383614]]]}",33207,324,05,3,10,21
85035,85470,BRETIGNOLLES-SUR-MER,VENDEE,"PAYS DE LA LOIRE","Commune simple",15.0,2733.0,4.1,"46.6374826705, -1.86324200464","{""type"": ""Polygon"", ""coordinates"": [[[-1.847696079302654, 46.5846994516064], [-1.856093638888469, 46.60840329577977], [-1.870705643860873, 46.61778708253021], [-1.875722283444925, 46.627587325568705], [-1.898378972415313, 46.64126214263096], [-1.922682321687034, 46.67152531526255], [-1.918784472878501, 46.67623966779132], [-1.912031112122813, 46.673453019789044], [-1.901800314409043, 46.66364268705844], [-1.88844043892048, 46.66225594530468], [-1.881251446232961, 46.65764583234051], [-1.866530895894724, 46.659472076211], [-1.847773160663287, 46.655567443578526], [-1.834075518157173, 46.657553685824], [-1.830036396860552, 46.65147246174454], [-1.837131122951753, 46.64361328942426], [-1.820151625080943, 46.64120799543931], [-1.822295799982347, 46.625673612203144], [-1.842381858172536, 46.61156443085965], [-1.845008007754542, 46.59829120189499], [-1.837255237750361, 46.594559678484444], [-1.847696079302654, 46.5846994516064]]]}",9909,035,26,3,85,52
24241,24210,LIMEYRAT,DORDOGNE,AQUITAINE,"Commune simple",205.0,2006.0,0.5,"45.1652433698, 0.977335652741","{""type"": ""Polygon"", ""coordinates"": [[[0.968047376993441, 45.13959765091733], [0.956333557797875, 45.144968047127776], [0.950086106932987, 45.15428388153373], [0.941566837181617, 45.156784145786055], [0.940147997791724, 45.16833219278824], [0.969766757745273, 45.180539167145255], [0.983703235358727, 45.19031228071153], [0.991038515958043, 45.19319167820437], [1.010553711487793, 45.18819093480822], [0.999711868464072, 45.16088603391196], [1.001008365286663, 45.153829769288826], [0.990169207811676, 45.142331249966446], [0.968047376993441, 45.13959765091733]]]}",20709,241,40,3,24,72
57064,57370,BERLING,MOSELLE,LORRAINE,"Commune simple",279.0,315.0,0.3,"48.7999822826, 7.24350642684","{""type"": ""Polygon"", ""coordinates"": [[[7.239181698771555, 48.788928547559664], [7.225004068282451, 48.80269781609539], [7.245235072674443, 48.81003226572454], [7.257743049725956, 48.8040659228733], [7.260850894467938, 48.79755126808185], [7.239181698771555, 48.788928547559664]]]}",29637,064,24,5,57,41
47046,47430,CALONGES,LOT-ET-GARONNE,AQUITAINE,"Commune simple",58.0,1599.0,0.6,"44.373357824, 0.225583969332","{""type"": ""Polygon"", ""coordinates"": [[[0.253206037272538, 44.362954759363525], [0.240172580637374, 44.36452009646467], [0.213224144211016, 44.35234766052623], [0.208608422043305, 44.352014458713676], [0.204744964454861, 44.35805927418653], [0.188908694665385, 44.35866457897337], [0.190143620137382, 44.366163183531704], [0.193620527137449, 44.37252101520822], [0.213568588672737, 44.386935186251684], [0.231020098331618, 44.391978297118584], [0.237174198922718, 44.39714996627105], [0.259163531824206, 44.380982360676335], [0.261189671914194, 44.37804244465822], [0.253206037272538, 44.362954759363525]]]}",31513,046,20,2,47,72
24375,24250,SAINT-AUBIN-DE-NABIRAT,DORDOGNE,AQUITAINE,"Commune simple",186.0,645.0,0.1,"44.731908542, 1.28437608808","{""type"": ""Polygon"", ""coordinates"": [[[1.287021436289563, 44.7144631591753], [1.270040944184354, 44.72208761514787], [1.264720916053112, 44.726263801329345], [1.273036189891984, 44.734381327528546], [1.276335212138977, 44.747526205365524], [1.300189773591275, 44.7442837258663], [1.298521206918456, 44.72842717835243], [1.287021436289563, 44.7144631591753]]]}",32270,375,10,4,24,72
17138,17470,DAMPIERRE-SUR-BOUTONNE,CHARENTE-MARITIME,POITOU-CHARENTES,"Commune simple",54.0,1411.0,0.3,"46.0734166242, -0.387793874556","{""type"": ""Polygon"", ""coordinates"": [[[-0.368891741196475, 46.05096078066685], [-0.394094000752293, 46.05952854029987], [-0.398152597182583, 46.054395575841504], [-0.4196651876757, 46.06390662115467], [-0.418687924384871, 46.07441862322921], [-0.406228876089165, 46.078795489476015], [-0.401450680044179, 46.08424772978498], [-0.386439809813199, 46.09687377256756], [-0.373479623984164, 46.09406028753136], [-0.361874987734077, 46.08416598721564], [-0.362733359783869, 46.075551080501825], [-0.368947677203086, 46.06411825907296], [-0.368569025296682, 46.05118668729138], [-0.368891741196475, 46.05096078066685]]]}",9349,138,04,5,17,54
2B319,20230,TALASANI,HAUTE-CORSE,CORSE,"Commune simple",137.0,1009.0,0.6,"42.4178789576, 9.50731616445","{""type"": ""Polygon"", ""coordinates"": [[[9.485800600295281, 42.40187664547833], [9.478181942988636, 42.402963500313646], [9.471773478060475, 42.41046957877948], [9.480631103185976, 42.421302784063236], [9.524817784251555, 42.430659385711785], [9.54338557997435, 42.427949139341074], [9.538227954996945, 42.412013356893354], [9.515802307031057, 42.41523002711363], [9.509160199555343, 42.41045991326313], [9.495391965793155, 42.409227627305114], [9.485800600295281, 42.40187664547833]]]}",28329,319,39,3,2B,94
54437,54160,PULLIGNY,MEURTHE-ET-MOSELLE,LORRAINE,"Commune simple",288.0,927.0,1.2,"48.549622462, 6.15189007246","{""type"": ""Polygon"", ""coordinates"": [[[6.146476648247617, 48.53162817146575], [6.142480400152395, 48.53777479921147], [6.126604505440899, 48.545710767092764], [6.123450989542439, 48.55149232985614], [6.153663442484367, 48.5688440218467], [6.161495419948423, 48.56533208372966], [6.176198618225048, 48.54944644201227], [6.174081713528895, 48.53934774866996], [6.146476648247617, 48.53162817146575]]]}",30627,437,29,3,54,41
32329,32390,PRECHAC,GERS,MIDI-PYRENEES,"Commune simple",162.0,1269.0,0.2,"43.7937593553, 0.571624025705","{""type"": ""Polygon"", ""coordinates"": [[[0.597401467564481, 43.78274012807861], [0.596542853199681, 43.77951616294254], [0.588608158121731, 43.776738992981926], [0.571368141704455, 43.78069545692386], [0.561998309357465, 43.78770661488154], [0.557565674984938, 43.787031150094606], [0.546440109483958, 43.78275681601276], [0.528995906948654, 43.79247313488036], [0.528530791948456, 43.79575775876521], [0.536154695791646, 43.804879584525274], [0.543894602287597, 43.80065171014671], [0.567265797489746, 43.7965122920488], [0.581130566212745, 43.81076666820714], [0.58593616209941, 43.81119731130368], [0.606002525031225, 43.80970420237537], [0.596997103190825, 43.802123566865994], [0.600176184033833, 43.79242539248327], [0.597401467564481, 43.78274012807861]]]}",32111,329,08,2,32,73
59162,59380,CROCHTE,NORD,NORD-PAS-DE-CALAIS,"Commune simple",17.0,788.0,0.7,"50.9238758959, 2.39595026667","{""type"": ""Polygon"", ""coordinates"": [[[2.400008216524711, 50.89382876926237], [2.387804978846092, 50.909244302865204], [2.369125347028807, 50.93338099399265], [2.401936462785744, 50.94482703118949], [2.421000109481959, 50.92450916399155], [2.420096246502152, 50.91435024728077], [2.419026527346389, 50.911160677898565], [2.406060854451538, 50.926376669425316], [2.39650138173318, 50.92344234242697], [2.394057863601815, 50.913114274928475], [2.410895153898218, 50.899209349092025], [2.400008216524711, 50.89382876926237]]]}",24740,162,09,4,59,31
73230,73130,SAINT-COLOMBAN-DES-VILLARDS,SAVOIE,RHONE-ALPES,"Commune simple",1983.0,8043.0,0.2,"45.2665810428, 6.18303706085","{""type"": ""Polygon"", ""coordinates"": [[[6.161919245441665, 45.18840723080595], [6.159012819445516, 45.20234906410796], [6.139679838663042, 45.21305925886673], [6.139861039640893, 45.22330007347132], [6.128797228229449, 45.23042315346589], [6.125696481423486, 45.24427026883586], [6.13943611275016, 45.258339314401105], [6.130814844509121, 45.284534062612124], [6.142405947298068, 45.295401136880294], [6.141243446610661, 45.2987860803716], [6.152869046354086, 45.30363154014635], [6.1577797600969, 45.31231534225174], [6.184450835349882, 45.317957504696025], [6.218507851274722, 45.315360633102614], [6.242205492593941, 45.30248301558789], [6.244898591734366, 45.28536325199564], [6.256611729501238, 45.27411812480161], [6.21868886361717, 45.24778469583708], [6.198788574231071, 45.23757829022794], [6.18783921391972, 45.22587884625334], [6.179422049130267, 45.22206359868715], [6.172784037315135, 45.21251997018869], [6.175679630720575, 45.20224564664618], [6.173337998923336, 45.19536439322139], [6.161919245441665, 45.18840723080595]]]}",5090,230,11,3,73,82
39336,39800,MOLAIN,JURA,FRANCHE-COMTE,"Commune simple",588.0,1159.0,0.1,"46.8251611212, 5.81711896426","{""type"": ""Polygon"", ""coordinates"": [[[5.814989364223442, 46.80722438823125], [5.784981571643574, 46.81389255219827], [5.788470363315546, 46.827114997430535], [5.797359467375549, 46.83504369322425], [5.810588877481184, 46.84382079101744], [5.81734831981421, 46.83871820414286], [5.840909762461138, 46.83359779907161], [5.845206996842212, 46.83542865208494], [5.854854883162347, 46.823936418391895], [5.846753681672915, 46.81164977962096], [5.839460553092855, 46.82022718794311], [5.824766077693152, 46.81882324010327], [5.812262727733881, 46.81359784982573], [5.814989364223442, 46.80722438823125]]]}",21074,336,23,2,39,43
43126,43800,MALREVERS,HAUTE-LOIRE,AUVERGNE,"Commune simple",710.0,1418.0,0.7,"45.0987649866, 3.96694371079","{""type"": ""Polygon"", ""coordinates"": [[[3.975454099668252, 45.07231754555853], [3.964406596699461, 45.083120181949006], [3.926145934562497, 45.1082793570175], [3.9361195339571, 45.11309459372879], [3.94315626031053, 45.10882112289248], [3.960922861831471, 45.11191110941468], [3.965390229094423, 45.1209672630788], [3.982223095675161, 45.11405774023736], [3.994386789412039, 45.09508507307189], [3.991075651590938, 45.08543453832984], [3.984986706994166, 45.080355867021126], [3.976027720770113, 45.07824656433483], [3.976988481888581, 45.07504150558166], [3.975454099668252, 45.07231754555853]]]}",194,126,19,2,43,83
42025,42460,BOYER,LOIRE,RHONE-ALPES,"Commune simple",381.0,521.0,0.2,"46.0971669978, 4.21483763027","{""type"": ""Polygon"", ""coordinates"": [[[4.234882559916602, 46.09115748401588], [4.211659369538322, 46.0858061114708], [4.198443736273282, 46.090503462935814], [4.196481439298893, 46.09371226827279], [4.201421350995063, 46.10354859655644], [4.210076020467341, 46.11087756090061], [4.217660337145299, 46.10662670482191], [4.226922230751338, 46.10623878346474], [4.234882559916602, 46.09115748401588]]]}",27648,025,05,2,42,82
49112,49260,"LE COUDRAY-MACOUARD",MAINE-ET-LOIRE,"PAYS DE LA LOIRE","Commune simple",41.0,1359.0,0.9,"47.1825767187, -0.129426451927","{""type"": ""Polygon"", ""coordinates"": [[[-0.124465092807846, 47.160269610863935], [-0.133189673828928, 47.158105555016846], [-0.158704112968985, 47.167232818856355], [-0.150555176434968, 47.17924006492958], [-0.148671195413173, 47.18588663381418], [-0.136530359853946, 47.19639739511818], [-0.139579063279292, 47.20288297146916], [-0.135363530455408, 47.20472707516189], [-0.106655379397164, 47.212402189989156], [-0.113859022329361, 47.196144368273416], [-0.110667599544755, 47.189644007499204], [-0.10146960016162, 47.18690855204585], [-0.119376643182995, 47.175723723430416], [-0.111258685104826, 47.16855415199907], [-0.112020154667425, 47.16527210630717], [-0.124465092807846, 47.160269610863935]]]}",452,112,20,3,49,52
21529,21390,ROILLY,COTE-D'OR,BOURGOGNE,"Commune simple",343.0,452.0,0.0,"47.4171745779, 4.34078793389","{""type"": ""Polygon"", ""coordinates"": [[[4.34037457929089, 47.40440432706838], [4.332050890682137, 47.40778615621473], [4.32186700840696, 47.42344188766239], [4.340343180819092, 47.42860540306917], [4.357715331345175, 47.42304705377389], [4.354270106282221, 47.41113087206969], [4.348195582198152, 47.40638468271814], [4.34037457929089, 47.40440432706838]]]}",16716,529,27,3,21,26
25027,25720,ARGUEL,DOUBS,FRANCHE-COMTE,"Commune simple",407.0,496.0,0.2,"47.1842585224, 6.00851020634","{""type"": ""Polygon"", ""coordinates"": [[[6.013485068896867, 47.1610687827075], [6.001988779863189, 47.182782855294334], [5.989580158910705, 47.19300514282338], [6.002581432424273, 47.20287622980152], [6.012085187146514, 47.204746615251345], [6.015987144214847, 47.19865386511473], [6.011609471390541, 47.19672268582214], [6.009861078165025, 47.186263266517784], [6.027276427938237, 47.168601118862824], [6.013485068896867, 47.1610687827075]]]}",30905,027,06,1,25,43
66046,66220,CAUDIES-DE-FENOUILLEDES,PYRENEES-ORIENTALES,LANGUEDOC-ROUSSILLON,"Commune simple",523.0,3765.0,0.6,"42.8195033862, 2.37751985492","{""type"": ""Polygon"", ""coordinates"": [[[2.418232000291534, 42.79479482376605], [2.399374945396224, 42.79408837781224], [2.386269763433424, 42.79794370554364], [2.343922817472142, 42.801226872606776], [2.334922613594777, 42.802331419150164], [2.331679762268394, 42.818857019025664], [2.321924723198024, 42.82577387015159], [2.325040432739308, 42.83519960353382], [2.336096345922109, 42.840709039789786], [2.370849056676687, 42.84634991145081], [2.382155245591476, 42.84846589853559], [2.401353259489748, 42.84387164118418], [2.412706776336032, 42.82201997025397], [2.436331111975475, 42.806976870731766], [2.436074732611329, 42.794377608190196], [2.418232000291534, 42.79479482376605]]]}",13094,046,15,2,66,91
52015,52500,ARBIGNY-SOUS-VARENNES,HAUTE-MARNE,CHAMPAGNE-ARDENNE,"Commune simple",293.0,974.0,0.1,"47.860574645, 5.610752246","{""type"": ""Polygon"", ""coordinates"": [[[5.62243263934901, 47.8444282384253], [5.604362831390508, 47.848288841711536], [5.59010094991712, 47.8479833925165], [5.592758081017227, 47.853912848167454], [5.584675987175672, 47.86956130379008], [5.583262331056188, 47.87819185295807], [5.602180537247102, 47.8780259398795], [5.621153343552931, 47.866491734278824], [5.643007564686834, 47.860058128225326], [5.649002440044839, 47.854429861731354], [5.627706289357505, 47.84855149521665], [5.62243263934901, 47.8444282384253]]]}",16792,015,26,2,52,21
57392,57580,LEMUD,MOSELLE,LORRAINE,"Commune simple",226.0,421.0,0.3,"49.0335930566, 6.36360487921","{""type"": ""Polygon"", ""coordinates"": [[[6.38615305391053, 49.02096619928036], [6.381073317019549, 49.02008343513112], [6.363745894277954, 49.02763543002656], [6.353410861747854, 49.02823967121705], [6.349154711199355, 49.02739554059563], [6.347258725194651, 49.030040398548365], [6.347194101935871, 49.038799014475], [6.348277289061385, 49.046886570640055], [6.377082333462095, 49.03803382835744], [6.376896123521854, 49.03201810252588], [6.38615305391053, 49.02096619928036]]]}",35349,392,23,4,57,41
14495,14112,PERIERS-SUR-LE-DAN,CALVADOS,BASSE-NORMANDIE,"Commune simple",39.0,296.0,0.5,"49.2572933332, -0.337426191669","{""type"": ""Polygon"", ""coordinates"": [[[-0.353119875919796, 49.24759658292594], [-0.340929450565935, 49.26758622259927], [-0.333819159953741, 49.26564155435672], [-0.320802080448804, 49.26162787787909], [-0.33245368185723, 49.250446124902155], [-0.353119875919796, 49.24759658292594]]]}",33264,495,48,2,14,25
89393,89700,SERRIGNY,YONNE,BOURGOGNE,"Commune simple",265.0,743.0,0.1,"47.8338277666, 3.91219434333","{""type"": ""Polygon"", ""coordinates"": [[[3.893106048748144, 47.81385464676641], [3.891240411267869, 47.820538343749455], [3.904577155832988, 47.847212992178676], [3.921488514448195, 47.84936749599774], [3.936022655720518, 47.84705628166048], [3.93657895463262, 47.84372162475306], [3.933302150897588, 47.83756432900352], [3.923776203218152, 47.83558761121349], [3.917574335064374, 47.819372121298386], [3.903263766891684, 47.818709195411664], [3.893106048748144, 47.81385464676641]]]}",20858,393,32,2,89,26
44058,44660,FERCE,LOIRE-ATLANTIQUE,"PAYS DE LA LOIRE","Commune simple",87.0,2203.0,0.5,"47.8000443229, -1.38761214981","{""type"": ""Polygon"", ""coordinates"": [[[-1.364819000733104, 47.778408241277795], [-1.414493739704857, 47.784603757419184], [-1.418338371613935, 47.78692861856081], [-1.420656483588881, 47.807727276053924], [-1.420603129163556, 47.818023556010715], [-1.41484590739685, 47.82749826239068], [-1.409149277644891, 47.82740634868626], [-1.405403653150346, 47.825014322449476], [-1.391528906291999, 47.82832065825859], [-1.364081067170145, 47.800700350104684], [-1.339993106293133, 47.795213959706395], [-1.345994500940147, 47.779938104372164], [-1.364819000733104, 47.778408241277795]]]}",1976,058,34,1,44,52
49141,49700,FORGES,MAINE-ET-LOIRE,"PAYS DE LA LOIRE","Commune simple",82.0,919.0,0.2,"47.2144953715, -0.23712263964","{""type"": ""Polygon"", ""coordinates"": [[[-0.229504563681987, 47.201545221923595], [-0.252619879176704, 47.20404285285095], [-0.269891082592367, 47.221288984761436], [-0.26596614666459, 47.22351715325316], [-0.251011831442913, 47.223153899774815], [-0.239529126871782, 47.228818659431205], [-0.207467076984187, 47.21841205781474], [-0.208186570851552, 47.216950511478245], [-0.216695683354676, 47.20290188374525], [-0.229504563681987, 47.201545221923595]]]}",2121,141,13,3,49,52
86039,86510,BRUX,VIENNE,POITOU-CHARENTES,"Commune simple",137.0,3589.0,0.7,"46.2504690736, 0.191737009106","{""type"": ""Polygon"", ""coordinates"": [[[0.223969150554303, 46.222107106129414], [0.204237646961811, 46.2190467127808], [0.16925115227748, 46.238698248236375], [0.154608222405376, 46.24135146912515], [0.139473416801636, 46.24021498415544], [0.137457961008598, 46.24498501927525], [0.128836772137866, 46.26723154899869], [0.162044669426556, 46.267505817197346], [0.172320279400449, 46.27860128086839], [0.185501075545607, 46.27473805705846], [0.195239960855367, 46.275122616646435], [0.213984824818582, 46.27114985050183], [0.223876736674433, 46.26389494226857], [0.25149417356945, 46.256690332388246], [0.244390224185416, 46.24737308471499], [0.223969150554303, 46.222107106129414]]]}",10534,039,06,2,86,54
27125,27800,CALLEVILLE,EURE,HAUTE-NORMANDIE,"Commune simple",125.0,860.0,0.6,"49.1904141623, 0.7558527668","{""type"": ""Polygon"", ""coordinates"": [[[0.776955236141446, 49.17749188083926], [0.777141492160544, 49.17411355962927], [0.762423771261971, 49.17153844857056], [0.739447397844345, 49.177189299292564], [0.739561674267259, 49.190277848272274], [0.73268702216777, 49.19496943103674], [0.732564984141377, 49.200885176714415], [0.735881748634634, 49.203501837126865], [0.756481656628931, 49.204193008420575], [0.78444894777374, 49.205295162491225], [0.78334583611759, 49.20317033087206], [0.775646930662815, 49.19867542030118], [0.771798478985838, 49.189565433688735], [0.763730532971611, 49.187329301209616], [0.762648982873033, 49.18060867269457], [0.776955236141446, 49.17749188083926]]]}",32803,125,09,2,27,23
85055,85670,"LA CHAPELLE-PALLUAU",VENDEE,"PAYS DE LA LOIRE","Commune simple",37.0,1295.0,0.9,"46.7873638997, -1.62492863273","{""type"": ""Polygon"", ""coordinates"": [[[-1.663782407247845, 46.77203965611523], [-1.662861245926767, 46.784524247835876], [-1.638261203849387, 46.80147608485091], [-1.626931865372686, 46.7950873070762], [-1.606737678942917, 46.80332197072051], [-1.580337547158636, 46.79571940623442], [-1.593813766548469, 46.78273466081461], [-1.625152524571433, 46.77532527737709], [-1.663782407247845, 46.77203965611523]]]}",1203,055,19,3,85,52
72100,72270,COURCELLES-LA-FORET,SARTHE,"PAYS DE LA LOIRE","Commune simple",58.0,1964.0,0.4,"47.7944370903, -0.0240623662465","{""type"": ""Polygon"", ""coordinates"": [[[0.017895660404504, 47.78863691622291], [-0.008921775183224, 47.779556637810316], [-0.038897117091144, 47.781007238827], [-0.048010660475655, 47.77867173446712], [-0.063382197036452, 47.778747954608576], [-0.077275715255128, 47.783301524108666], [-0.065845790746721, 47.79367119795281], [-0.075158301471776, 47.801461329903866], [-0.070757027687182, 47.8032610950826], [-0.056897206930811, 47.79960649680973], [-0.040894197897065, 47.80822826342677], [-0.031035181513223, 47.80625907003761], [-0.010914233726675, 47.80791276069755], [0.007271296105702, 47.81427803036235], [0.023906529359328, 47.80684803870398], [0.026560939938409, 47.80098012049678], [0.014706234889469, 47.7947432391944], [0.017895660404504, 47.78863691622291]]]}",5421,100,17,1,72,52
49007,49000/49100,ANGERS,MAINE-ET-LOIRE,"PAYS DE LA LOIRE",Préfecture,32.0,4433.0,147.3,"47.476837416, -0.556125995444","{""type"": ""Polygon"", ""coordinates"": [[[-0.552135899090357, 47.44109147061038], [-0.565337294344479, 47.43928182717646], [-0.589169930310096, 47.45104724056271], [-0.590431034823713, 47.45756840832893], [-0.59519597281983, 47.45848457594309], [-0.613557585325862, 47.45493302791446], [-0.615721588932836, 47.461398926564435], [-0.609173182564698, 47.46616188329009], [-0.607690468686434, 47.475705586325915], [-0.609639788033773, 47.48883737567552], [-0.596199052120586, 47.48349532209678], [-0.58182225957758, 47.48477660843046], [-0.57435336310942, 47.50171231106631], [-0.567570517171937, 47.50707447864927], [-0.569377375542666, 47.51402047065479], [-0.561047903878384, 47.51796080534404], [-0.540947222624741, 47.5183212806061], [-0.530909424819469, 47.52604163017044], [-0.526796776920723, 47.5239946786569], [-0.523776432599349, 47.51389521711021], [-0.531786352895539, 47.50126306888699], [-0.530003193789056, 47.498019258210334], [-0.508548384081173, 47.4893778655982], [-0.51939523100249, 47.4673438412533], [-0.51488154451417, 47.457901907266205], [-0.516548799088075, 47.454968099431994], [-0.509441992824783, 47.44768578696352], [-0.523117091574076, 47.4504081728474], [-0.533058148813844, 47.443231413334885], [-0.552135899090357, 47.44109147061038]]]}",7094,007,98,1,49,52
63057,63880,"LE BRUGERON",PUY-DE-DOME,AUVERGNE,"Commune simple",1047.0,2749.0,0.3,"45.7117515141, 3.74237133965","{""type"": ""Polygon"", ""coordinates"": [[[3.777584912357014, 45.690565970380476], [3.765983529943784, 45.68511620771312], [3.748382185491654, 45.68896268277841], [3.730597276613804, 45.68492800733422], [3.72746767592534, 45.69119788689005], [3.705149146263161, 45.70943124961071], [3.686051373369538, 45.706550387689866], [3.683838259885442, 45.721953721767164], [3.688863563002289, 45.726984053194165], [3.696199195613569, 45.72240936877681], [3.719370396851178, 45.71772524843213], [3.730894981891654, 45.72400881801965], [3.745950799856995, 45.74117330871298], [3.751056736262668, 45.74685777382884], [3.755838192227356, 45.74660970365834], [3.768039800082895, 45.728669760589], [3.780918805633987, 45.724672985953795], [3.777002206920066, 45.719531005376645], [3.782380316138283, 45.71165018713657], [3.775856500738278, 45.70017751803789], [3.777584912357014, 45.690565970380476]]]}",10589,057,27,1,63,83
33288,33410,MONPRIMBLANC,GIRONDE,AQUITAINE,"Commune simple",93.0,497.0,0.3,"44.6308462675, -0.255341056142","{""type"": ""Polygon"", ""coordinates"": [[[-0.278546732967156, 44.62111972251798], [-0.274442358977135, 44.63060319586272], [-0.257867395739553, 44.64269834345982], [-0.242111014253992, 44.63711570864044], [-0.228203762902602, 44.62454812641992], [-0.235420292636077, 44.6238865655719], [-0.252656935491111, 44.62720991327538], [-0.264808977335311, 44.62244552693217], [-0.278546732967156, 44.62111972251798]]]}",20388,288,17,3,33,72
38205,38250,LANS-EN-VERCORS,ISERE,RHONE-ALPES,"Commune simple",1237.0,3914.0,2.6,"45.1209452513, 5.5907415298","{""type"": ""Polygon"", ""coordinates"": [[[5.613854894995483, 45.08338766509708], [5.539254134962857, 45.09861670723298], [5.546908298336881, 45.10748676372434], [5.554216756721519, 45.12767026655274], [5.572781053787044, 45.13865767402723], [5.578459743617259, 45.15551729538285], [5.582923236571907, 45.16723376708235], [5.60070976944329, 45.16193774275924], [5.610452881209508, 45.15080027429818], [5.627965163051836, 45.14173136175712], [5.632271338957007, 45.13370183074383], [5.618989232477865, 45.10069935671398], [5.620036135509892, 45.090467629669185], [5.614595283665373, 45.085352248208366], [5.613854894995483, 45.08338766509708]]]}",7217,205,41,1,38,82
21383,21120,MARCILLY-SUR-TILLE,COTE-D'OR,BOURGOGNE,"Commune simple",287.0,725.0,1.5,"47.5125107909, 5.12883412558","{""type"": ""Polygon"", ""coordinates"": [[[5.11299341618523, 47.49420187503044], [5.104014882898307, 47.497660163310314], [5.11615257407624, 47.51629635153486], [5.124162661262858, 47.519851577599795], [5.13004113706048, 47.52927132379823], [5.134596333831502, 47.530808846939735], [5.152262075246919, 47.524756925296444], [5.151357860940339, 47.51781287294476], [5.140175379404049, 47.51041869415347], [5.137658668834716, 47.5036482105081], [5.11299341618523, 47.49420187503044]]]}",29257,383,17,2,21,26
47158,47220,MARMONT-PACHAS,LOT-ET-GARONNE,AQUITAINE,"Commune simple",147.0,799.0,0.1,"44.0932080837, 0.589921736383","{""type"": ""Polygon"", ""coordinates"": [[[0.585114713357483, 44.07669270490033], [0.56667625306862, 44.08697295959303], [0.571092801276357, 44.08857477078558], [0.579968234628359, 44.104898529750464], [0.600810838099633, 44.11383031126774], [0.601230914284838, 44.11335325872525], [0.60627339048535, 44.08708921436965], [0.601221838063596, 44.07801022472179], [0.59267512473566, 44.07926338029861], [0.585114713357483, 44.07669270490033]]]}",23708,158,15,1,47,72
86077,86320,CIVAUX,VIENNE,POITOU-CHARENTES,"Commune simple",117.0,2630.0,1.0,"46.4423086476, 0.66823243898","{""type"": ""Polygon"", ""coordinates"": [[[0.683759374204644, 46.43075142338864], [0.679161919201452, 46.4294869536312], [0.676604362950086, 46.41948053417302], [0.672091865558887, 46.41808235637816], [0.657655221170631, 46.415751066576526], [0.638121831821779, 46.41685296230626], [0.631965120666727, 46.42035588496325], [0.637803700279154, 46.42571088154912], [0.629647646814307, 46.45482891901539], [0.639265957245339, 46.46238813689063], [0.653966031764619, 46.464321523845015], [0.663463999184667, 46.46232711815416], [0.676944686789402, 46.46658378994657], [0.699679944619504, 46.45981911364305], [0.717058748571706, 46.44387168393978], [0.702981366242696, 46.429707442598016], [0.683759374204644, 46.43075142338864]]]}",11920,077,14,2,86,54
59218,59219,ETROEUNGT,NORD,NORD-PAS-DE-CALAIS,"Commune simple",174.0,2530.0,1.4,"50.0620601477, 3.94319652795","{""type"": ""Polygon"", ""coordinates"": [[[3.949834419057511, 50.02688515025418], [3.948308459183376, 50.02954677387359], [3.957407412057709, 50.03735356221553], [3.940267536852157, 50.04488758514759], [3.905071873932171, 50.05011056424242], [3.897727839305631, 50.05447593467407], [3.901272314463414, 50.07105754024262], [3.903905605750575, 50.073957260603805], [3.913718709213128, 50.074845624103155], [3.911957569465114, 50.087918170968386], [3.921517871960483, 50.08625699790853], [3.930157645392744, 50.089245589259015], [3.955506124725113, 50.083868390277985], [3.977470544150799, 50.072629742250584], [3.980658177376412, 50.06063129654861], [3.987556406997748, 50.0566148404558], [3.982312432695167, 50.04443219569674], [3.949834419057511, 50.02688515025418]]]}",3348,218,04,1,59,31
69205,69290,SAINT-GENIS-LES-OLLIERES,RHONE,RHONE-ALPES,"Commune simple",274.0,377.0,4.7,"45.7610551042, 4.72602177608","{""type"": ""Polygon"", ""coordinates"": [[[4.743888322900409, 45.75561771994497], [4.725356033095229, 45.75220085655748], [4.716044184599663, 45.753964193631816], [4.713705008732487, 45.75902567021405], [4.706114610661615, 45.760743983868714], [4.715175535992754, 45.767848203381476], [4.733935961670898, 45.77059678405705], [4.743888322900409, 45.75561771994497]]]}",12495,205,31,1,69,82
02149,02240,CERIZY,AISNE,PICARDIE,"Commune simple",104.0,405.0,0.1,"49.7670333979, 3.33255021354","{""type"": ""Polygon"", ""coordinates"": [[[3.332218963941507, 49.75199009495001], [3.315125075025736, 49.75723772339612], [3.314338662694706, 49.76693432343943], [3.32823021026242, 49.77006931566296], [3.334541158063861, 49.7784078876838], [3.342774495741506, 49.78133196843159], [3.346883510122706, 49.77956835396829], [3.3510688804803, 49.77482147707017], [3.348347366320095, 49.76633874356238], [3.333936920409692, 49.76449227282294], [3.332218963941507, 49.75199009495001]]]}",20614,149,20,3,02,22
32046,32400,BERNEDE,GERS,MIDI-PYRENEES,"Commune simple",104.0,827.0,0.2,"43.6704966634, -0.220993320987","{""type"": ""Polygon"", ""coordinates"": [[[-0.203366712025642, 43.65927008727749], [-0.236699085779888, 43.658877054861996], [-0.243275605910886, 43.66395831773324], [-0.239742577937441, 43.67124115293724], [-0.23487835961455, 43.68375076941166], [-0.222164988142223, 43.684524458593174], [-0.209465688570905, 43.68156792550199], [-0.203561757602242, 43.67673493925601], [-0.20093797362867, 43.67019317872702], [-0.195925642435192, 43.66529759320139], [-0.20312743626622, 43.66231196427246], [-0.203366712025642, 43.65927008727749]]]}",18350,046,24,3,32,73
76417,76680,MAUCOMBLE,SEINE-MARITIME,HAUTE-NORMANDIE,"Commune simple",207.0,507.0,0.3,"49.6874845722, 1.3335829013","{""type"": ""Polygon"", ""coordinates"": [[[1.321777337890439, 49.6751976394702], [1.31594381988542, 49.68076126452923], [1.317251167265713, 49.69029717030443], [1.330136546377711, 49.700450690725695], [1.339969521933077, 49.694195164543494], [1.347573265309872, 49.69813624377405], [1.355201258397752, 49.68453377599754], [1.321777337890439, 49.6751976394702]]]}",16476,417,49,1,76,23
13096,13460,SAINTES-MARIES-DE-LA-MER,BOUCHES-DU-RHONE,"PROVENCE-ALPES-COTE D'AZUR","Chef-lieu canton",1.0,37242.0,2.3,"43.50398297, 4.46396357194","{""type"": ""Polygon"", ""coordinates"": [[[4.597237274119403, 43.4059077675374], [4.587253293288828, 43.42606672691845], [4.574863031861071, 43.43708157983502], [4.554050613197669, 43.446479452580476], [4.521260233919707, 43.45393646349636], [4.452622522611105, 43.45543606338463], [4.425085858015896, 43.44878307343515], [4.400671405320971, 43.44735575252582], [4.377368396999496, 43.452576377680195], [4.230283393392478, 43.460185432726384], [4.231604603218983, 43.480928603902896], [4.23935653831777, 43.493734455030356], [4.237933076244773, 43.49708000270272], [4.244232817649848, 43.501461983511845], [4.293263782341427, 43.51435885432678], [4.320893795674907, 43.52763154443286], [4.309186729608223, 43.546283291722226], [4.318520493326353, 43.557319569146884], [4.322079376683601, 43.55174214070185], [4.315768803319514, 43.546851601201624], [4.317340877057897, 43.54365604663424], [4.332422139808505, 43.53572421844641], [4.348482113162633, 43.54226578302019], [4.353637699047087, 43.54739380824169], [4.372169945109208, 43.54945578268476], [4.389386635971277, 43.56100715086897], [4.408153474301939, 43.5612963016879], [4.414553779089484, 43.56994200406945], [4.406919282611385, 43.57405469453695], [4.42540494654815, 43.5847743800151], [4.448892698774223, 43.5834377057508], [4.464599863829212, 43.56151241405416], [4.477385737330099, 43.5563267650022], [4.491104325462112, 43.558082984769456], [4.507747261335739, 43.57974789502162], [4.534031022021167, 43.57107357147016], [4.553502488045512, 43.57161567706215], [4.576644007704054, 43.5660625827935], [4.614742227247567, 43.571937194175675], [4.61961774465301, 43.572332550637974], [4.623491867116285, 43.57014184986138], [4.627155439973277, 43.552673352410615], [4.629066694519236, 43.5493869595133], [4.641915090325002, 43.53443465194125], [4.633753259520129, 43.5140669113551], [4.641710762391996, 43.497424638908086], [4.642382309688426, 43.48675077375745], [4.640349315371445, 43.48350596562936], [4.622713652289283, 43.47124505870659], [4.621123363892137, 43.46786734170904], [4.615625782579365, 43.44017977124726], [4.619713341482363, 43.41912538843689], [4.597237274119403, 43.4059077675374]]]}",11759,096,30,2,13,93
51437,51170,POILLY,MARNE,CHAMPAGNE-ARDENNE,"Commune simple",138.0,442.0,0.1,"49.2162019985, 3.81320617428","{""type"": ""Polygon"", ""coordinates"": [[[3.787393020692687, 49.204684573981055], [3.786741688785958, 49.210577694890276], [3.81014912990196, 49.21910753806312], [3.821126700932464, 49.231053579899516], [3.826644065289434, 49.23354219685761], [3.827207815826988, 49.22329815834823], [3.836293733660266, 49.21475734213272], [3.80201202914961, 49.206835833116486], [3.787393020692687, 49.204684573981055]]]}",35718,437,31,3,51,21
62665,62390,"LE PONCHEL",PAS-DE-CALAIS,NORD-PAS-DE-CALAIS,"Commune simple",54.0,468.0,0.2,"50.2568499569, 2.08536374004","{""type"": ""Polygon"", ""coordinates"": [[[2.08478573370634, 50.244652731213606], [2.077821930819198, 50.24873147437262], [2.064404515628941, 50.25562547785566], [2.069091631571749, 50.264272468148214], [2.081796769353563, 50.26816617713014], [2.097033582444188, 50.26062823023924], [2.111200541682979, 50.26111739566047], [2.106589459613574, 50.25491504237536], [2.08478573370634, 50.244652731213606]]]}",17632,665,07,1,62,31
64381,64190,MERITEIN,PYRENEES-ATLANTIQUES,AQUITAINE,"Commune simple",168.0,683.0,0.3,"43.3386651984, -0.750086761557","{""type"": ""Polygon"", ""coordinates"": [[[-0.722887505527087, 43.344197158256044], [-0.727698123156141, 43.33825856112066], [-0.760303423963743, 43.32437666533668], [-0.765022102240299, 43.32504094082023], [-0.773482937857428, 43.33123027899566], [-0.775206040530169, 43.3400141974447], [-0.733413627108257, 43.35295731209594], [-0.722887505527087, 43.344197158256044]]]}",25168,381,24,2,64,72
21099,21200,BOUZE-LES-BEAUNE,COTE-D'OR,BOURGOGNE,"Commune simple",429.0,690.0,0.3,"47.0543679441, 4.77184750805","{""type"": ""Polygon"", ""coordinates"": [[[4.775999332070723, 47.039467587500205], [4.756952685068327, 47.049232699884094], [4.751700207945855, 47.06276660338583], [4.754056829462432, 47.069583971236796], [4.758472486933084, 47.074037573558776], [4.765021897292511, 47.066328137166316], [4.791106994391543, 47.058857386916976], [4.788266798097326, 47.056262765346055], [4.794041525172934, 47.04803220116756], [4.787127884787811, 47.04017845699165], [4.775999332070723, 47.039467587500205]]]}",14383,099,05,1,21,26
52016,52160,ARBOT,HAUTE-MARNE,CHAMPAGNE-ARDENNE,"Commune simple",360.0,1318.0,0.1,"47.847249934, 5.01730732864","{""type"": ""Polygon"", ""coordinates"": [[[5.006585234111555, 47.817662718186675], [4.994125369238171, 47.81974797676026], [4.984920940788609, 47.825269941539496], [4.994839934254263, 47.837012408733], [4.997117027059861, 47.85063995694085], [5.006033097262921, 47.8536928018133], [5.026156736591561, 47.86858870061537], [5.026318465105928, 47.874932864986725], [5.033054588330381, 47.87577064200996], [5.043036547080037, 47.874012776987406], [5.044864888137037, 47.87075791620221], [5.045378139972361, 47.85350844786526], [5.04416457489779, 47.85012649499874], [5.039064298449893, 47.850710438698485], [5.034486741694996, 47.84503706232037], [5.021208327382232, 47.84086424399297], [5.006585234111555, 47.817662718186675]]]}",7777,016,03,2,52,21
21009,21230,ALLEREY,COTE-D'OR,BOURGOGNE,"Commune simple",409.0,1910.0,0.2,"47.1905039427, 4.42062511101","{""type"": ""Polygon"", ""coordinates"": [[[4.387231511580544, 47.16166041915016], [4.391811550431624, 47.17081681182743], [4.386812162888924, 47.18331163551731], [4.408814920775781, 47.215596213607576], [4.4216306501036, 47.21998679270479], [4.429510600722564, 47.21214626676963], [4.437158414641345, 47.20361470669839], [4.465522987343656, 47.1909234493139], [4.462192955903145, 47.182123268010095], [4.446397109419959, 47.17473998070582], [4.439431806087868, 47.17994123979286], [4.424567440728753, 47.18266426373986], [4.416544339482713, 47.17840461292208], [4.408998346508496, 47.16558453154779], [4.39473753268837, 47.16296589098766], [4.387231511580544, 47.16166041915016]]]}",1271,009,02,1,21,26
66176,66510,SAINT-HIPPOLYTE,PYRENEES-ORIENTALES,LANGUEDOC-ROUSSILLON,"Commune simple",2.0,2557.0,2.4,"42.806945541, 2.97367162246","{""type"": ""Polygon"", ""coordinates"": [[[2.973492319092275, 42.7694396844738], [2.968989120133031, 42.769105786958654], [2.943029880631382, 42.78248370494219], [2.940249025039781, 42.79208537994442], [2.940495045486163, 42.80221931105805], [2.959591800067547, 42.82193856964715], [3.012576122421839, 42.85236591365924], [2.994126460968603, 42.801965904169315], [2.974916508784968, 42.778045022206115], [2.977433552636687, 42.77136479076421], [2.973492319092275, 42.7694396844738]]]}",26139,176,14,2,66,91
91635,91430,VAUHALLAN,ESSONNE,ILE-DE-FRANCE,"Commune simple",131.0,332.0,2.0,"48.7307999031, 2.19905265979","{""type"": ""Polygon"", ""coordinates"": [[[2.203462249301239, 48.72104768480696], [2.184788032923727, 48.726876094085654], [2.183186252260459, 48.73019318297988], [2.190237830067613, 48.73928984710274], [2.204036107205519, 48.73691812290867], [2.213676941384516, 48.73784549864511], [2.212902148744488, 48.72880078675311], [2.203462249301239, 48.72104768480696]]]}",27767,635,03,3,91,11
89450,89150,VILLEBOUGIS,YONNE,BOURGOGNE,"Commune simple",171.0,1173.0,0.6,"48.2086439691, 3.15617870614","{""type"": ""Polygon"", ""coordinates"": [[[3.191044277738587, 48.18964570290217], [3.174071527846376, 48.19663637795702], [3.159547758714447, 48.195946052346585], [3.145229433838352, 48.196414424820745], [3.140290603271937, 48.20163019938846], [3.128084443835557, 48.196830172586566], [3.123923851562188, 48.20174748166347], [3.126858493355222, 48.20752101687198], [3.119190225070889, 48.20957151975259], [3.125489896474365, 48.21505368423079], [3.150103423187147, 48.22080157756693], [3.152172870129164, 48.22404713330849], [3.17774225494305, 48.22359754168705], [3.184585808140976, 48.19755620101345], [3.191044277738587, 48.18964570290217]]]}",14509,450,11,3,89,26
72356,72500,THOIRE-SUR-DINAN,SARTHE,"PAYS DE LA LOIRE","Commune simple",124.0,1775.0,0.4,"47.7646608356, 0.462066578914","{""type"": ""Polygon"", ""coordinates"": [[[0.480754658330846, 47.74816926427578], [0.467967443142895, 47.74247225598834], [0.452707202809503, 47.7435999161797], [0.43841377694095, 47.74071243077064], [0.426657368015335, 47.76325568721658], [0.427012547287748, 47.764749343551564], [0.444349480600296, 47.771414611183324], [0.459030928547985, 47.789293779471045], [0.466486178259148, 47.785385062547554], [0.474226948002322, 47.79344949957125], [0.493871854027424, 47.77981495268009], [0.480754658330846, 47.74816926427578]]]}",32011,356,07,1,72,52
90022,90700,CHATENOIS-LES-FORGES,"TERRITOIRE DE BELFORT",FRANCHE-COMTE,"Chef-lieu canton",365.0,875.0,2.7,"47.5590968943, 6.83373185003","{""type"": ""Polygon"", ""coordinates"": [[[6.830636166610929, 47.54643654164087], [6.816660001724919, 47.54792247821985], [6.806992048333123, 47.56280181878251], [6.809822859436217, 47.568702180109284], [6.821724382586735, 47.57331421387847], [6.83462987659256, 47.568510689708866], [6.848314747127778, 47.57178171252341], [6.854561166053734, 47.56662776137396], [6.860620173482805, 47.557424181965054], [6.855715416225444, 47.54794357893637], [6.830636166610929, 47.54643654164087]]]}",20507,022,10,1,90,43
51407,51310,"LA NOUE",MARNE,CHAMPAGNE-ARDENNE,"Commune simple",195.0,1330.0,0.3,"48.7384876549, 3.62179405438","{""type"": ""Polygon"", ""coordinates"": [[[3.651566528530667, 48.71744795421395], [3.641656680647416, 48.71519003739715], [3.621987519141931, 48.726528392836826], [3.602152398400224, 48.72538887244309], [3.595012558544463, 48.74546426012375], [3.599315558910379, 48.7554084360956], [3.603998054334395, 48.76273314595847], [3.613625128687332, 48.7634575768336], [3.625618461636197, 48.75726127415009], [3.627230686188562, 48.747655877081826], [3.634732976788755, 48.743856579843566], [3.655464615685279, 48.72695186803558], [3.651566528530667, 48.71744795421395]]]}",13957,407,12,2,51,21
45237,45390,ORVILLE,LOIRET,CENTRE,"Commune simple",102.0,720.0,0.1,"48.2420197745, 2.45858952893","{""type"": ""Polygon"", ""coordinates"": [[[2.456838960605824, 48.23076999956594], [2.436987721278335, 48.234573205232756], [2.433932172339448, 48.24444730030326], [2.440143627688969, 48.25320477879588], [2.44450893333312, 48.25448506004766], [2.4517998987881, 48.25042508917727], [2.469090079862157, 48.255281818933256], [2.47677388046868, 48.25082617904526], [2.477608093746712, 48.24413549516397], [2.484178476405585, 48.23897259027192], [2.47890881471257, 48.23110331570248], [2.456838960605824, 48.23076999956594]]]}",18199,237,30,3,45,24
87139,87300,SAINT-BONNET-DE-BELLAC,HAUTE-VIENNE,LIMOUSIN,"Commune simple",229.0,3466.0,0.5,"46.1636002439, 0.93811461782","{""type"": ""Polygon"", ""coordinates"": [[[0.965413585881921, 46.12310753660073], [0.955985254076045, 46.12443349224982], [0.948622719483453, 46.13286723191585], [0.91214463295461, 46.14116535088858], [0.906499689891813, 46.14646625429663], [0.911524892135774, 46.15234191538099], [0.910538610022409, 46.1625839073814], [0.892450659681828, 46.17852737725512], [0.903661019412877, 46.18514843085511], [0.899162316176602, 46.19830716876678], [0.90800008278728, 46.21045076977017], [0.921069791437894, 46.192566460276986], [0.947717782320594, 46.19830227496511], [0.950543032909719, 46.18414782306875], [0.964275872744222, 46.17614343682909], [0.96974204245498, 46.16018926503545], [0.990557331574162, 46.14541725674959], [0.981359955812927, 46.13756148963614], [0.971697792577538, 46.138497292102414], [0.965413585881921, 46.12310753660073]]]}",11252,139,03,1,87,74
57756,57830,XOUAXANGE,MOSELLE,LORRAINE,"Commune simple",286.0,518.0,0.3,"48.6922407747, 6.99262688966","{""type"": ""Polygon"", ""coordinates"": [[[6.986158479429916, 48.68088573964923], [6.970616869059252, 48.68719552042478], [6.98767228705873, 48.70303483737651], [7.005300546207364, 48.70225464997106], [7.013523777266886, 48.69205331669866], [6.999886251758168, 48.68432530923696], [6.986158479429916, 48.68088573964923]]]}",34311,756,29,5,57,41
87029,87230,"LES CARS",HAUTE-VIENNE,LIMOUSIN,"Commune simple",401.0,1663.0,0.6,"45.6748528482, 1.07139196993","{""type"": ""Polygon"", ""coordinates"": [[[1.081473218549757, 45.65633865752922], [1.063963099898241, 45.65164321939541], [1.051794232525679, 45.660936250060395], [1.042501641221035, 45.66035171034001], [1.039252188752627, 45.67049177448241], [1.045079947759199, 45.68737425403721], [1.066817346337399, 45.69496445968876], [1.08404083366589, 45.688295901204846], [1.108892474037557, 45.68691437586893], [1.116824423209833, 45.68268768123969], [1.116990058410219, 45.679330690290385], [1.107449687702773, 45.67874742973542], [1.087006777828387, 45.665332200738646], [1.081473218549757, 45.65633865752922]]]}",10834,029,05,2,87,74
24258,24750,MARSANEIX,DORDOGNE,AQUITAINE,"Commune simple",219.0,2470.0,1.0,"45.0905756509, 0.779022746879","{""type"": ""Polygon"", ""coordinates"": [[[0.79299540498223, 45.05861765796749], [0.778677760524283, 45.06008948607016], [0.776125065151039, 45.06292093778901], [0.766751540980412, 45.0633999553481], [0.760236087524314, 45.0718533149394], [0.75187514567601, 45.074297103670006], [0.751901556550904, 45.08471040815017], [0.742717861681354, 45.10086462264257], [0.742305860369851, 45.10728775807674], [0.748698773797913, 45.11183981417978], [0.770126754559157, 45.10786575250157], [0.781345430747782, 45.11332298937475], [0.788861750716756, 45.121732241373664], [0.802821161095499, 45.117468394803026], [0.807179685654691, 45.116302158019224], [0.810056855101061, 45.11008049594889], [0.805065868810446, 45.09076041207274], [0.808803794761016, 45.085582640342565], [0.800041752759099, 45.07883457115426], [0.802002453149264, 45.06970371893353], [0.79299540498223, 45.05861765796749]]]}",8882,258,34,3,24,72
17044,17460,BERNEUIL,CHARENTE-MARITIME,POITOU-CHARENTES,"Commune simple",35.0,2560.0,1.1,"45.6570139489, -0.598024601666","{""type"": ""Polygon"", ""coordinates"": [[[-0.613844922331902, 45.620813325493884], [-0.62767965693096, 45.62825537871703], [-0.635335237405984, 45.63977191046847], [-0.64268507619734, 45.64386105171277], [-0.638290674393186, 45.64993472223735], [-0.601520448158512, 45.671886487022206], [-0.610486503731393, 45.68396679327066], [-0.584407520856387, 45.688964668185825], [-0.58092292803175, 45.69851332865738], [-0.584062535935747, 45.704876582077965], [-0.575718456271351, 45.701779556342814], [-0.570360035737651, 45.69271015212679], [-0.552336074342977, 45.682039815133564], [-0.54958811259564, 45.675690537339335], [-0.5448557018381, 45.6752808065025], [-0.552471063537689, 45.66752308739214], [-0.563138570395592, 45.67904830392377], [-0.571556352249889, 45.670605796556096], [-0.576171638779247, 45.6694046011625], [-0.584684659656208, 45.67280253116769], [-0.592797311079712, 45.669821590450404], [-0.594000759463157, 45.663013530643575], [-0.57602674640923, 45.63454282153615], [-0.5868041255405, 45.62775458069863], [-0.613844922331902, 45.620813325493884]]]}",8919,044,09,4,17,54
02265,02360,DOHIS,AISNE,PICARDIE,"Commune simple",217.0,816.0,0.1,"49.7667554096, 4.14178746545","{""type"": ""Polygon"", ""coordinates"": [[[4.13943841803769, 49.75364853558604], [4.126013441651889, 49.754294487707064], [4.121188419264207, 49.75942485811222], [4.115091562029789, 49.77498085021978], [4.13786233395965, 49.778813926681345], [4.162612605469874, 49.77739435719606], [4.168922660999659, 49.76025237355275], [4.13943841803769, 49.75364853558604]]]}",12091,265,26,2,02,22
46029,46130,BIARS-SUR-CERE,LOT,MIDI-PYRENEES,"Commune simple",146.0,362.0,1.9,"44.9281999917, 1.85705877079","{""type"": ""Polygon"", ""coordinates"": [[[1.869342148290061, 44.92459708585207], [1.845878433895356, 44.920420936839605], [1.833259238183159, 44.923278669452415], [1.848201214545033, 44.93197981378776], [1.860271467677212, 44.93747992738508], [1.873583010374747, 44.93305933389642], [1.878135252511096, 44.927288481898145], [1.869342148290061, 44.92459708585207]]]}",29000,029,01,2,46,73
21451,21330,NESLE-ET-MASSOULT,COTE-D'OR,BOURGOGNE,"Commune simple",289.0,2370.0,0.1,"47.7780284045, 4.42668944062","{""type"": ""Polygon"", ""coordinates"": [[[4.439247595675339, 47.75436527615805], [4.418384012664911, 47.75338663332701], [4.403119964156422, 47.75617209042217], [4.388141540714385, 47.774579180279964], [4.388218472649776, 47.7887919073778], [4.403053103766962, 47.79061356017951], [4.416317727049354, 47.80417247388409], [4.425691008429464, 47.79695651653964], [4.459287812050806, 47.80173692118199], [4.462578566235172, 47.79362133282561], [4.466883196606993, 47.78404361874255], [4.451324253267885, 47.77135580580312], [4.457098012973197, 47.766180050158944], [4.451122939402683, 47.76103314581853], [4.439247595675339, 47.75436527615805]]]}",7915,451,18,3,21,26
63209,63340,MAREUGHEOL,PUY-DE-DOME,AUVERGNE,"Commune simple",580.0,760.0,0.2,"45.4840734656, 3.16169878471","{""type"": ""Polygon"", ""coordinates"": [[[3.170103048830935, 45.47233273911604], [3.151224237205391, 45.47189152334252], [3.142909962477338, 45.468705768418126], [3.138420710169709, 45.469782948344154], [3.138851339846241, 45.47310513179008], [3.143331399287269, 45.473324615993036], [3.145356134351533, 45.47919304776663], [3.144698654619, 45.48230951019555], [3.136460975462248, 45.48473307670185], [3.134185202999213, 45.491210176649524], [3.150606541917884, 45.49425093877889], [3.155232211796202, 45.49555031725847], [3.20806893916884, 45.48756771937738], [3.209412487341072, 45.48399936615138], [3.208210746291575, 45.48441581698696], [3.185306355702849, 45.487328455909214], [3.176924413183036, 45.48433441744011], [3.170103048830935, 45.47233273911604]]]}",1884,209,40,3,63,83
92063,92500,RUEIL-MALMAISON,HAUTS-DE-SEINE,ILE-DE-FRANCE,"Chef-lieu canton",77.0,1453.0,79.1,"48.8691897371, 2.1773406315","{""type"": ""Polygon"", ""coordinates"": [[[2.15986759327731, 48.84772119662741], [2.150411650175781, 48.85850089314343], [2.153764153313586, 48.86440651880216], [2.150387184663418, 48.870867007500784], [2.158314348980121, 48.88060908213844], [2.169348728527837, 48.89581313262221], [2.207759618107505, 48.87422836074404], [2.211281551933893, 48.868540722129524], [2.200677423963596, 48.86307421683668], [2.20356373268195, 48.86062920690825], [2.197861040831894, 48.854763223597715], [2.182605727070648, 48.85156614437129], [2.15986759327731, 48.84772119662741]]]}",28508,063,99,2,92,11
40150,40550,LEON,LANDES,AQUITAINE,"Commune simple",31.0,6669.0,1.8,"43.8492680925, -1.28087921075","{""type"": ""Polygon"", ""coordinates"": [[[-1.252904662702248, 43.794949518878575], [-1.268940456568271, 43.79976534490947], [-1.264084304445383, 43.799550038655795], [-1.262287669843689, 43.80281960946438], [-1.265555844598644, 43.80926142000714], [-1.28886906577972, 43.813798373009156], [-1.313290172181283, 43.82537038258354], [-1.321090449027114, 43.82777406684919], [-1.319004750882539, 43.83394018148751], [-1.330094437277878, 43.84472978198946], [-1.336065909602065, 43.8576058554466], [-1.347687420088968, 43.89751183833791], [-1.333658970429127, 43.89972840984714], [-1.302206641661967, 43.89141075941557], [-1.291880885853184, 43.88436408326136], [-1.261094527163803, 43.874747297771776], [-1.253715565287682, 43.865842835334874], [-1.230221889084463, 43.86280952549127], [-1.226355674269405, 43.860724464138556], [-1.22462406036467, 43.85045477396351], [-1.216357444978035, 43.84744942355189], [-1.216140624314742, 43.83709411799622], [-1.206163832960783, 43.82993674399219], [-1.214276827877739, 43.82668543781516], [-1.216476051507166, 43.81988656741722], [-1.250294807716984, 43.807866307585115], [-1.252904662702248, 43.794949518878575]]]}",7807,150,03,1,40,72
35165,35240,MARCILLE-ROBERT,ILLE-ET-VILAINE,BRETAGNE,"Commune simple",61.0,2046.0,0.9,"47.9584716788, -1.35356162459","{""type"": ""Polygon"", ""coordinates"": [[[-1.322583009363279, 47.94728174680072], [-1.341794048929192, 47.931728391925375], [-1.367294184520362, 47.93129611629181], [-1.365481115664838, 47.937943230303766], [-1.373462919900456, 47.94185532813064], [-1.382879195662271, 47.948498482517294], [-1.38407347901855, 47.95466403692625], [-1.375112747115151, 47.97679198512995], [-1.362445305011228, 47.986456275680275], [-1.354501905557953, 47.98879684067833], [-1.344883878603364, 47.982681651964015], [-1.320957798277344, 47.96930583961602], [-1.333223115537594, 47.95862439706828], [-1.322583009363279, 47.94728174680072]]]}",7927,165,33,1,35,53
62334,62132,FIENNES,PAS-DE-CALAIS,NORD-PAS-DE-CALAIS,"Commune simple",112.0,1167.0,0.9,"50.8239442286, 1.83126229183","{""type"": ""Polygon"", ""coordinates"": [[[1.843270957755521, 50.80954676040574], [1.834956887894359, 50.812636724636086], [1.826456004611185, 50.80915624827083], [1.806578115806777, 50.81131836705397], [1.795349825028361, 50.820039621608394], [1.800191081816147, 50.82075927560923], [1.805352556690934, 50.83239258805548], [1.837257062080796, 50.84224093107426], [1.861342002750328, 50.828179000729754], [1.864699177549871, 50.82195571211951], [1.878313424969254, 50.816201869608314], [1.863635599096358, 50.81951442749989], [1.843270957755521, 50.80954676040574]]]}",1491,334,25,6,62,31
29252,29120,SAINT-JEAN-TROLIMON,FINISTERE,BRETAGNE,"Commune simple",25.0,1448.0,1.0,"47.8682602746, -4.30993250083","{""type"": ""MultiPolygon"", ""coordinates"": [[[[-4.327859445169996, 47.870317664361465], [-4.331135455450572, 47.880109297901015], [-4.310807594740694, 47.89529998122883], [-4.301426206250846, 47.89383371955271], [-4.298866810479623, 47.88394271354523], [-4.304941690544776, 47.878303395362444], [-4.327859445169996, 47.870317664361465]]], [[[-4.347687453269195, 47.849007760620175], [-4.352674886740767, 47.86298510112278], [-4.344212375879193, 47.866083655754416], [-4.33973076570348, 47.86427688693076], [-4.309849734686597, 47.870350385766365], [-4.299457492006012, 47.869607167120655], [-4.27881342688609, 47.879497387613746], [-4.266363809589892, 47.86826842192709], [-4.275014539304834, 47.86484775217922], [-4.277469228644944, 47.85846777213458], [-4.285369399812506, 47.85399922333054], [-4.295428111768514, 47.853417563914576], [-4.308853611775118, 47.85767729592842], [-4.347687453269195, 47.849007760620175]]]]}",35247,252,34,4,29,53
2B143,20230,LINGUIZZETTA,HAUTE-CORSE,CORSE,"Commune simple",92.0,6512.0,1.1,"42.2176450793, 9.51024497679","{""type"": ""Polygon"", ""coordinates"": [[[9.554385493038401, 42.15679281989885], [9.549702784271755, 42.15664075838012], [9.542609601318597, 42.16551018191421], [9.524252203473637, 42.16664275459871], [9.516042946019034, 42.16998848434314], [9.499749920642998, 42.18220649518194], [9.480150600401705, 42.191450143622575], [9.47092962868539, 42.21115621942435], [9.472806116950753, 42.221221672762475], [9.475997320962435, 42.22364166579585], [9.475359469732732, 42.23038026483329], [9.469453922743892, 42.23952340414484], [9.456133973959842, 42.248252222476054], [9.443917091616784, 42.26968035216781], [9.44399711956168, 42.26985583318431], [9.476001679805092, 42.27107189458105], [9.497378364319644, 42.263704877779396], [9.52571638896433, 42.2451109699867], [9.539000955641797, 42.241370778469346], [9.553208044611452, 42.24144047803024], [9.553137043478314, 42.220099801041385], [9.558745132558801, 42.1957570731556], [9.554385493038401, 42.15679281989885]]]}",29664,143,24,3,2B,94
51492,51260,SAINT-JUST-SAUVAGE,MARNE,CHAMPAGNE-ARDENNE,"Commune simple",73.0,1777.0,1.5,"48.5482578678, 3.77201547275","{""type"": ""Polygon"", ""coordinates"": [[[3.766549869385986, 48.52744647456134], [3.755121470332316, 48.533277129839135], [3.731760976811188, 48.5375433972272], [3.729580296944099, 48.546327898685405], [3.734015956811558, 48.55444193311392], [3.738262066487149, 48.55285036233129], [3.755347648416528, 48.55838352971207], [3.756896197892572, 48.56145028394684], [3.773847297397486, 48.56764733572308], [3.788456219381018, 48.56837003997966], [3.796003987388779, 48.57269177134777], [3.809407857793827, 48.54794342617112], [3.786275581863014, 48.52873003816274], [3.774467162908172, 48.52979712868256], [3.766549869385986, 48.52744647456134]]]}",179,492,01,2,51,21
57126,57170,CHAMBREY,MOSELLE,LORRAINE,"Commune simple",240.0,1432.0,0.4,"48.7961903159, 6.45461384881","{""type"": ""Polygon"", ""coordinates"": [[[6.45360338153995, 48.76589400483731], [6.451275352121946, 48.77907794582832], [6.442070242523304, 48.78098209118837], [6.43311004645735, 48.789099040013994], [6.429154835029882, 48.80187874799602], [6.42437812676351, 48.80301500598733], [6.428992400007863, 48.81225382226764], [6.454925987899264, 48.818762479904855], [6.457668552898682, 48.816540642692836], [6.466378207290843, 48.81529805477805], [6.470609462921514, 48.81067410325042], [6.478319221889092, 48.80202370239198], [6.483575668505931, 48.785855133766596], [6.474009996263124, 48.78357708579822], [6.461324690160635, 48.77348457766728], [6.46136543493501, 48.76732565586182], [6.45360338153995, 48.76589400483731]]]}",2022,126,06,2,57,41
06051,06260,"LA CROIX-SUR-ROUDOULE",ALPES-MARITIMES,"PROVENCE-ALPES-COTE D'AZUR","Commune simple",1062.0,2990.0,0.1,"44.0003096653, 6.87019911618","{""type"": ""Polygon"", ""coordinates"": [[[6.848068638804603, 43.96522766574207], [6.845487159086737, 43.97762683685066], [6.834700483971526, 43.98328605563924], [6.838726887709296, 43.98970431437944], [6.841288903995403, 44.002156971758076], [6.835727796583638, 44.01077714338589], [6.855006099964407, 44.019650400293486], [6.862748733985598, 44.03548850063252], [6.857767413210158, 44.041052813138435], [6.875845434678573, 44.029897935360786], [6.889481245483347, 44.033513803617495], [6.903800462330443, 44.03267920224204], [6.906114106012865, 44.02271144148768], [6.895862911811967, 44.01123676662258], [6.897016789844952, 44.0009141902714], [6.890389848383745, 43.97389265939123], [6.884799638079595, 43.96839684049732], [6.848068638804603, 43.96522766574207]]]}",8278,051,18,2,06,93
40031,40400,BEGAAR,LANDES,AQUITAINE,"Commune simple",25.0,2766.0,1.1,"43.829501653, -0.85600618412","{""type"": ""Polygon"", ""coordinates"": [[[-0.865724450228616, 43.801611926635566], [-0.880326702695835, 43.79682216848253], [-0.87970272440992, 43.80595320806921], [-0.872417692575077, 43.809149562157884], [-0.874837930397835, 43.81511805695918], [-0.916681826412673, 43.829443548777775], [-0.878133231373999, 43.83488551544324], [-0.866566565304363, 43.85046005062928], [-0.869087911071146, 43.86065996570075], [-0.84538216332196, 43.85941722824497], [-0.83839568407506, 43.86403314063172], [-0.833672170097905, 43.863604649075825], [-0.828241481998545, 43.85820037123791], [-0.825070068334284, 43.84171584602893], [-0.82336738554887, 43.83859518506299], [-0.829834432580992, 43.833872358677105], [-0.829297728863802, 43.817142440619776], [-0.823886965272089, 43.81252139366328], [-0.83888911348683, 43.8002634778837], [-0.861396841753595, 43.800711287546676], [-0.865724450228616, 43.801611926635566]]]}",1632,031,27,1,40,72
45334,45260,VIEILLES-MAISONS-SUR-JOUDRY,LOIRET,CENTRE,"Commune simple",129.0,1635.0,0.6,"47.8838478178, 2.43774998138","{""type"": ""Polygon"", ""coordinates"": [[[2.434463787987797, 47.85184858299279], [2.428325492073336, 47.85689491015166], [2.419212133502025, 47.86483325096757], [2.416363796897852, 47.87453019317456], [2.403378543638117, 47.878937921833504], [2.407316446915882, 47.8881108756613], [2.415350895888675, 47.883912171902416], [2.419382348625827, 47.885975178441946], [2.424804130651832, 47.90918564499971], [2.440468538745473, 47.908910325770165], [2.468548862194909, 47.893174000868356], [2.470234245327844, 47.886539678193316], [2.46332504479761, 47.877769328964334], [2.447270757300564, 47.87012580533856], [2.434463787987797, 47.85184858299279]]]}",14028,334,16,1,45,24
36239,36170,VIGOUX,INDRE,CENTRE,"Commune simple",214.0,3810.0,0.5,"46.517396736, 1.47441263851","{""type"": ""Polygon"", ""coordinates"": [[[1.50707425829087, 46.46012707069473], [1.48989292915102, 46.46406212927223], [1.472648454834119, 46.475748150671315], [1.458488995186862, 46.48966180694608], [1.456692863704279, 46.49645528695142], [1.457592604147169, 46.513516182867214], [1.452832041617977, 46.523133540820794], [1.442871897026694, 46.53060862715752], [1.43788122306947, 46.53081077332145], [1.425768714055144, 46.541740409340036], [1.449178159175908, 46.55708235720284], [1.449881939812058, 46.56217135291751], [1.467874501075775, 46.567736199133236], [1.485988129681732, 46.56250151715582], [1.499795779034654, 46.55278568709369], [1.485490021615565, 46.542852687474294], [1.484367340120339, 46.52550107261415], [1.503099261542011, 46.50525887644526], [1.506432382738033, 46.50261864349976], [1.510631321974939, 46.50455568953819], [1.504593686582733, 46.48025941677536], [1.51006468324217, 46.47040610448322], [1.50707425829087, 46.46012707069473]]]}",14287,239,17,1,36,24
51061,51400,BILLY-LE-GRAND,MARNE,CHAMPAGNE-ARDENNE,"Commune simple",138.0,730.0,0.1,"49.1079745411, 4.23300588875","{""type"": ""Polygon"", ""coordinates"": [[[4.262487675778024, 49.10379237201007], [4.238640404584801, 49.096774627167264], [4.204025409320788, 49.10336682163297], [4.209160081755921, 49.113890048091626], [4.215274356521851, 49.11760509904535], [4.222279542162386, 49.11665289697575], [4.250026752827725, 49.11807624474478], [4.250883760940257, 49.11725804436932], [4.262487675778024, 49.10379237201007]]]}",31411,061,27,1,51,21
66167,66800,SAILLAGOUSE,PYRENEES-ORIENTALES,LANGUEDOC-ROUSSILLON,"Chef-lieu canton",1429.0,1131.0,1.0,"42.459329456, 2.03972104811","{""type"": ""Polygon"", ""coordinates"": [[[2.073472019181059, 42.42893276598765], [2.056292476733045, 42.434804854811574], [2.03300551776834, 42.45164007128726], [2.018539103981683, 42.443498264345536], [2.009406536207152, 42.44811528931793], [2.012825006683367, 42.45269568889919], [2.002788828459679, 42.45822077678334], [2.023079205314164, 42.46452152545976], [2.026327669193378, 42.470682174203105], [2.037593379374153, 42.47527926817317], [2.065084770716059, 42.483758348603885], [2.068579666623676, 42.48242248163385], [2.06597114847931, 42.47693393392432], [2.046522028918274, 42.45425188978459], [2.050892228955471, 42.44452833959235], [2.067187831225409, 42.437984091400956], [2.073472019181059, 42.42893276598765]]]}",1411,167,13,3,66,91
71085,71340,CHANGE,SAONE-ET-LOIRE,BOURGOGNE,"Commune simple",357.0,655.0,0.2,"46.9307644453, 4.62818331108","{""type"": ""Polygon"", ""coordinates"": [[[4.63034152886266, 46.916765220392875], [4.608725318680647, 46.92395824478278], [4.607123087513651, 46.935507582030574], [4.614327828680511, 46.941674691703845], [4.629459839006049, 46.939417546516786], [4.649859587107958, 46.94136074264631], [4.652318909599168, 46.93879496306739], [4.643078566630754, 46.924175983045934], [4.63034152886266, 46.916765220392875]]]}",20355,085,18,1,71,26
57141,57590,CHICOURT,MOSELLE,LORRAINE,"Commune simple",271.0,554.0,0.1,"48.9194951245, 6.50508064075","{""type"": ""Polygon"", ""coordinates"": [[[6.498771109342128, 48.905922421168235], [6.489883814576639, 48.91633560171825], [6.49197692247175, 48.925744132903745], [6.486080393188316, 48.930704669534215], [6.504862964076626, 48.93371205094702], [6.511271484914879, 48.93109394589439], [6.512362268933929, 48.921961404782834], [6.520230502365775, 48.92136128375842], [6.528320180998024, 48.913759796384376], [6.523988392196389, 48.91170896482809], [6.498771109342128, 48.905922421168235]]]}",34710,141,07,2,57,41
24573,24320,VERTEILLAC,DORDOGNE,AQUITAINE,"Chef-lieu canton",123.0,1849.0,0.6,"45.3499977855, 0.376056089953","{""type"": ""Polygon"", ""coordinates"": [[[0.373046361775413, 45.32703929371774], [0.354084132174582, 45.32614204847539], [0.337656846922955, 45.33233837853405], [0.355395832644335, 45.36037313642922], [0.367630067278517, 45.371094433627604], [0.401382295494009, 45.371207022748145], [0.410303819177076, 45.368467633189695], [0.40362071779986, 45.353096089063435], [0.417552175132436, 45.35081463663409], [0.410040376404322, 45.342550744384866], [0.386505484974584, 45.34042704981863], [0.373049171567688, 45.33049897460164], [0.373046361775413, 45.32703929371774]]]}",10872,573,44,3,24,72
2B281,20233,SISCO,HAUTE-CORSE,CORSE,"Commune simple",427.0,2491.0,1.0,"42.8144761556, 9.44224958213","{""type"": ""Polygon"", ""coordinates"": [[[9.416431804555, 42.79563777888001], [9.407979204082867, 42.80395704249624], [9.406624502344764, 42.81432279470574], [9.38534970383256, 42.82743951057287], [9.385071198112275, 42.8348177389107], [9.407715655253794, 42.83052363837951], [9.487021839402463, 42.82688357930984], [9.491457927919198, 42.7975263354806], [9.467891685456992, 42.801091891718826], [9.459340813213302, 42.79790944199707], [9.416431804555, 42.79563777888001]]]}",34969,281,09,2,2B,94
62216,62158,"LA CAUCHIE",PAS-DE-CALAIS,NORD-PAS-DE-CALAIS,"Commune simple",155.0,223.0,0.2,"50.2049912603, 2.58249828284","{""type"": ""Polygon"", ""coordinates"": [[[2.57784501207473, 50.19792458978408], [2.567299816801394, 50.20414691048304], [2.581826004274269, 50.21221607257138], [2.592453977087771, 50.21134478096622], [2.594843737363647, 50.20822772424156], [2.589115519628396, 50.198537464249945], [2.57784501207473, 50.19792458978408]]]}",35164,216,10,1,62,31
76217,76200,DIEPPE,SEINE-MARITIME,HAUTE-NORMANDIE,Sous-préfecture,48.0,1216.0,32.7,"49.9222503951, 1.08681168449","{""type"": ""Polygon"", ""coordinates"": [[[1.077305543056307, 49.8992947960778], [1.071328383933393, 49.907260922039825], [1.066803479836939, 49.906605368293164], [1.03977374780932, 49.92024670007553], [1.069810240209355, 49.926780842481], [1.089125573741411, 49.93691428695525], [1.094671155693165, 49.93492516533371], [1.115246395543745, 49.94057224819572], [1.120060195716458, 49.940286910061054], [1.127013632220081, 49.928757558600026], [1.10472701601148, 49.91645445769335], [1.095141312451128, 49.915272142711046], [1.087361323923819, 49.91159235071728], [1.086966541372069, 49.906167774784386], [1.077305543056307, 49.8992947960778]]]}",35354,217,95,1,76,23
61220,61290,"LA LANDE-SUR-EURE",ORNE,BASSE-NORMANDIE,"Commune simple",246.0,1587.0,0.2,"48.5609898095, 0.863399429457","{""type"": ""Polygon"", ""coordinates"": [[[0.839620099877752, 48.536154978447726], [0.831570788756632, 48.54271269241048], [0.831595916695149, 48.55062325026293], [0.846973204672276, 48.557390869312115], [0.838979906527612, 48.56089042423804], [0.837816620344547, 48.56706947534711], [0.838066279146599, 48.58007722162099], [0.849312499194338, 48.58594120246224], [0.867284215108734, 48.57394556300764], [0.892943901566169, 48.571829216619385], [0.910268064760621, 48.56413507657546], [0.90110965126823, 48.56126522003843], [0.881577827399072, 48.54541403308737], [0.866824389573508, 48.54793989277071], [0.854242300157664, 48.541756206963775], [0.844024125489734, 48.5420842802337], [0.839620099877752, 48.536154978447726]]]}",13053,220,19,3,61,25
64177,64300,CASTETIS,PYRENEES-ATLANTIQUES,AQUITAINE,"Commune simple",88.0,901.0,0.6,"43.4755360423, -0.718730754517","{""type"": ""Polygon"", ""coordinates"": [[[-0.699658701561753, 43.45916669303117], [-0.716312547310069, 43.460109724442106], [-0.726619264977327, 43.46536685584571], [-0.747072822229223, 43.47485716698731], [-0.739065786382124, 43.47706127443907], [-0.724914280895635, 43.49458081589382], [-0.716503194601698, 43.49613954226693], [-0.712158376182647, 43.486533962848554], [-0.699911995328413, 43.47673908611234], [-0.700948745854993, 43.46998466310787], [-0.697450112144979, 43.46173693868373], [-0.699658701561753, 43.45916669303117]]]}",19875,177,29,3,64,72
40316,40360,TILH,LANDES,AQUITAINE,"Commune simple",92.0,2291.0,0.8,"43.5795107456, -0.837064182098","{""type"": ""Polygon"", ""coordinates"": [[[-0.842314728935313, 43.554113327441854], [-0.851793573705749, 43.56542466583211], [-0.872760769364661, 43.571938992618605], [-0.867601526919418, 43.5777441644338], [-0.871292373087103, 43.5913052859277], [-0.869325895520016, 43.604960126784825], [-0.863252191815449, 43.609203186964685], [-0.8360246827869, 43.59638579232858], [-0.826811671402037, 43.59670193165987], [-0.810704651290005, 43.59008004531865], [-0.804995874570536, 43.58753285291344], [-0.806003474788515, 43.57806615938776], [-0.794166697807848, 43.56395994735798], [-0.803350995197807, 43.55618892494475], [-0.820949526213502, 43.56118247725244], [-0.842314728935313, 43.554113327441854]]]}",34058,316,18,1,40,72
2B150,20260,LUMIO,HAUTE-CORSE,CORSE,"Commune simple",100.0,1957.0,1.3,"42.5800438458, 8.82575573819","{""type"": ""Polygon"", ""coordinates"": [[[8.85006949105232, 42.564968170455444], [8.823825772594233, 42.55190980281391], [8.8100863800773, 42.553263439727964], [8.796518956874236, 42.565053234545225], [8.803186145072639, 42.569918818511816], [8.801672738448357, 42.58337833485181], [8.809426267609785, 42.592015803051254], [8.805764823955094, 42.6019147176497], [8.823566957429524, 42.605442824104315], [8.831854452220716, 42.60216854618374], [8.84253816436626, 42.60794851006717], [8.847486307598784, 42.60921900378005], [8.84720947263644, 42.603789168194304], [8.855768729419703, 42.59764934667557], [8.852775792060134, 42.5900878627447], [8.840382189987425, 42.580129850080205], [8.85006949105232, 42.564968170455444]]]}",11187,150,12,5,2B,94
78601,78120,SONCHAMP,YVELINES,ILE-DE-FRANCE,"Commune simple",160.0,4637.0,1.6,"48.5880930813, 1.86888636176","{""type"": ""Polygon"", ""coordinates"": [[[1.894074289416378, 48.53501164383857], [1.876130328804532, 48.5417167408192], [1.872429327359197, 48.54812320527914], [1.854753509887771, 48.56020749406361], [1.850072194783583, 48.5616917237851], [1.840521462342749, 48.55903502304753], [1.832589596326585, 48.56344667318684], [1.832309037057336, 48.57117184147552], [1.824448494848358, 48.594044042250694], [1.830928941349298, 48.62026860357493], [1.857693811733357, 48.63423813530981], [1.877043502156955, 48.63507880714333], [1.892020272511097, 48.6264480901866], [1.875220602437732, 48.61443395818185], [1.928634188017245, 48.58195604403426], [1.915249582258416, 48.57682391013692], [1.908747603227967, 48.567444335631116], [1.89979388772912, 48.563925275049506], [1.902147088068116, 48.557703548980406], [1.894945097251211, 48.553471523632986], [1.896490743465938, 48.537984960562504], [1.894074289416378, 48.53501164383857]]]}",4095,601,19,2,78,11
90060,90150,LAGRANGE,"TERRITOIRE DE BELFORT",FRANCHE-COMTE,"Commune simple",375.0,91.0,0.1,"47.6840587684, 6.97706962401","{""type"": ""Polygon"", ""coordinates"": [[[6.976734500770128, 47.67817211266976], [6.967519151773596, 47.690255294595126], [6.983602492113652, 47.68578777584855], [6.983860751663322, 47.68031755631972], [6.976734500770128, 47.67817211266976]]]}",4259,060,03,1,90,43
31207,31510,GALIE,HAUTE-GARONNE,MIDI-PYRENEES,"Commune simple",594.0,297.0,0.1,"42.9928750426, 0.633738295094","{""type"": ""Polygon"", ""coordinates"": [[[0.635515468697203, 42.97650108528197], [0.624452926655933, 42.990797000249316], [0.627396274697809, 42.99973349753161], [0.625022574231495, 43.00231738143325], [0.639608893824841, 43.00717323551458], [0.64398482181334, 43.002068623319204], [0.639601698299201, 43.002836276709985], [0.637987094450536, 42.99974168357242], [0.641444005195844, 42.98347826793251], [0.635515468697203, 42.97650108528197]]]}",16440,207,05,2,31,73
80813,80640,VRAIGNES-LES-HORNOY,SOMME,PICARDIE,"Commune simple",169.0,573.0,0.1,"49.8241090128, 1.90869386757","{""type"": ""Polygon"", ""coordinates"": [[[1.900842370119041, 49.809574974510106], [1.885149812689627, 49.81672845244165], [1.903191730512884, 49.83595785182345], [1.923389852043873, 49.83661384330314], [1.93048304820392, 49.831563871058535], [1.928872625987271, 49.82490098802492], [1.911099232405127, 49.81300038942764], [1.900842370119041, 49.809574974510106]]]}",16497,813,25,2,80,22
43001,43100,AGNAT,HAUTE-LOIRE,AUVERGNE,"Commune simple",623.0,1972.0,0.2,"45.3450418284, 3.4501817683","{""type"": ""Polygon"", ""coordinates"": [[[3.463408614530297, 45.3238820566681], [3.454663755930734, 45.32686241462547], [3.44436310863985, 45.320564566934074], [3.430143435478605, 45.32209686419704], [3.413537002216391, 45.33407247182835], [3.423829444586818, 45.34110256940232], [3.424552768772487, 45.36061278469392], [3.441384770802877, 45.36672489138394], [3.464745600562955, 45.369385828228545], [3.479615351413181, 45.36046257396128], [3.47720277809286, 45.350207594286864], [3.480402423631062, 45.343620537963055], [3.494170450690138, 45.341084348680226], [3.473226591090123, 45.334646488092574], [3.463408614530297, 45.3238820566681]]]}",11951,001,02,1,43,83
54500,54170,SELAINCOURT,MEURTHE-ET-MOSELLE,LORRAINE,"Commune simple",370.0,1111.0,0.2,"48.4966094195, 5.94435711868","{""type"": ""Polygon"", ""coordinates"": [[[5.925859483873113, 48.48053386587873], [5.919409973752184, 48.481187766297445], [5.904300148098605, 48.48292669716296], [5.898792296284532, 48.48543786083961], [5.905901855201999, 48.494977310291944], [5.915453179545058, 48.496975713241575], [5.952036662535384, 48.50826989914465], [5.996896475872686, 48.514951515892456], [5.987038281028559, 48.50816002776504], [5.988375740179758, 48.50500258202436], [5.962643578477284, 48.49242291441315], [5.934326349760488, 48.48351168832652], [5.925859483873113, 48.48053386587873]]]}",909,500,10,4,54,41
60569,60170,SAINT-CREPIN-AUX-BOIS,OISE,PICARDIE,"Commune simple",103.0,1631.0,0.3,"49.4447949689, 2.9848806612","{""type"": ""Polygon"", ""coordinates"": [[[2.974482876214438, 49.4210173695362], [2.966540926750335, 49.429850776718624], [2.95400916618064, 49.43576081428108], [2.941592943323005, 49.45879152302938], [2.982022875467237, 49.45088597181982], [2.984597997933566, 49.46053028315782], [3.003295860767181, 49.466094646454046], [3.017565383514963, 49.45628773895724], [3.02754661811055, 49.4544613472732], [3.030837803177951, 49.447899395231026], [3.023130486836592, 49.444980033618386], [3.002825653255196, 49.441683626459536], [2.99283467818081, 49.42595434612236], [2.984747460524088, 49.42146850721658], [2.974482876214438, 49.4210173695362]]]}",14311,569,01,3,60,22
62194,62470,CALONNE-RICOUART,PAS-DE-CALAIS,NORD-PAS-DE-CALAIS,"Commune simple",77.0,463.0,5.9,"50.4898416084, 2.48534476198","{""type"": ""Polygon"", ""coordinates"": [[[2.479575090885953, 50.479303107949576], [2.458889473134679, 50.494285748460236], [2.467503312226063, 50.49810211090073], [2.476667652129989, 50.495116194098024], [2.486040273461747, 50.49781243311219], [2.495486956956007, 50.494619844598525], [2.505938088277821, 50.495056954088945], [2.513359409383148, 50.490131446079324], [2.51080192951806, 50.4883350761097], [2.479575090885953, 50.479303107949576]]]}",35927,194,72,2,62,31
14551,14710,RUSSY,CALVADOS,BASSE-NORMANDIE,"Commune simple",34.0,491.0,0.2,"49.3281504095, -0.8189564904","{""type"": ""Polygon"", ""coordinates"": [[[-0.807698805178639, 49.31338179771672], [-0.835269795930906, 49.32243550221495], [-0.835095217544004, 49.34026936485396], [-0.832068448403264, 49.339942481314814], [-0.80094639623125, 49.33588648750291], [-0.807698805178639, 49.31338179771672]]]}",14703,551,33,1,14,25
47266,47170,SAINT-PE-SAINT-SIMON,LOT-ET-GARONNE,AQUITAINE,"Commune simple",126.0,1748.0,0.2,"44.0026069036, 0.0935459187354","{""type"": ""Polygon"", ""coordinates"": [[[0.076045609699261, 43.98314313658291], [0.062954965686198, 44.00118262889243], [0.062233529964668, 44.01807687298082], [0.07465003556812, 44.021994141118554], [0.09144840074463, 44.01639901307989], [0.123463750639509, 44.01581377236134], [0.131203593522895, 44.00758752910388], [0.126847430401222, 44.0019255332057], [0.127415301550626, 43.998581264257766], [0.107375510741945, 43.98538161759158], [0.076045609699261, 43.98314313658291]]]}",4677,266,22,4,47,72
33527,33470,"LE TEICH",GIRONDE,AQUITAINE,"Commune simple",20.0,8644.0,6.5,"44.5781043558, -1.02426702104","{""type"": ""Polygon"", ""coordinates"": [[[-1.01114199960349, 44.51037568847692], [-1.030022310479082, 44.50857847164052], [-1.085166495549124, 44.5321945716776], [-1.063943430687984, 44.56805318699538], [-1.044056985315343, 44.64788483431393], [-1.039745544304196, 44.652739070693706], [-1.016424742239368, 44.639697871214274], [-1.019036375844361, 44.64904996106184], [-1.004680754372832, 44.64819188140506], [-0.995823067816145, 44.6260400910114], [-0.988847964885159, 44.62129833560597], [-0.979160073707486, 44.62190913474039], [-0.969932036549674, 44.613822088155], [-0.965552391933526, 44.59749296725385], [-0.972172290263813, 44.59225231060291], [-0.977237224076716, 44.57517792963859], [-0.987541641363168, 44.567883467628405], [-1.01114199960349, 44.51037568847692]]]}",3336,527,49,6,33,72
19088,19300,GRANDSAIGNE,CORREZE,LIMOUSIN,"Commune simple",708.0,1994.0,0.0,"45.487529142, 1.93017010413","{""type"": ""Polygon"", ""coordinates"": [[[1.925648226392988, 45.4557469910578], [1.903374381125247, 45.468535410057655], [1.893487703827544, 45.480406696331215], [1.899494380751551, 45.48995757769802], [1.912639151322044, 45.49476853833118], [1.913933101747518, 45.505209457169826], [1.916848642039772, 45.50806535341497], [1.926222826071017, 45.51010957820179], [1.944899672885223, 45.50593696033991], [1.955511530961063, 45.51711289868117], [1.962177015967525, 45.50797110615008], [1.96587078592688, 45.49119202380339], [1.943833452225934, 45.47513725606841], [1.931181036551133, 45.47078490592368], [1.931703170302289, 45.46093791316575], [1.925648226392988, 45.4557469910578]]]}",14164,088,07,3,19,74
66188,66210,SAINT-PIERRE-DELS-FORCATS,PYRENEES-ORIENTALES,LANGUEDOC-ROUSSILLON,"Commune simple",1875.0,1291.0,0.3,"42.4802464548, 2.11815640127","{""type"": ""Polygon"", ""coordinates"": [[[2.131414433568873, 42.45083312089136], [2.112286528411165, 42.46106735494626], [2.101990223476145, 42.48089305707415], [2.089071867094823, 42.491562210484375], [2.104756208707101, 42.49932730829592], [2.131459266096134, 42.50420473189602], [2.136023196602667, 42.503675421140194], [2.127438324915089, 42.48708238050686], [2.138894986982323, 42.46380258531691], [2.131414433568873, 42.45083312089136]]]}",35662,188,06,3,66,91
14236,14250,ELLON,CALVADOS,BASSE-NORMANDIE,"Commune simple",69.0,674.0,0.4,"49.2276401197, -0.68136443609","{""type"": ""Polygon"", ""coordinates"": [[[-0.663557079455905, 49.21593483328989], [-0.667012485074998, 49.21835863163909], [-0.669939592074541, 49.2156595381783], [-0.6849025649098, 49.216264693388034], [-0.709069153511334, 49.22756492579168], [-0.708839494085541, 49.23087496614504], [-0.706609420487422, 49.234462543846824], [-0.691944858287028, 49.233112799228664], [-0.687617425629349, 49.23467627908474], [-0.688885967560109, 49.23781436113946], [-0.668665270960011, 49.24203150335904], [-0.659008642131799, 49.21902501118752], [-0.663557079455905, 49.21593483328989]]]}",15520,236,02,1,14,25
08143,08220,DOUMELY-BEGNY,ARDENNES,CHAMPAGNE-ARDENNE,"Commune simple",115.0,780.0,0.1,"49.6337317142, 4.30573701489","{""type"": ""Polygon"", ""coordinates"": [[[4.296394768274524, 49.613405368493474], [4.288761030563709, 49.6178634522282], [4.288076780122609, 49.627523131728104], [4.28819785396175, 49.63895363284497], [4.304505882146879, 49.65007660997368], [4.318361824192246, 49.65386353687807], [4.32811493731687, 49.62959072806618], [4.313423145078895, 49.62697327598065], [4.308618020908688, 49.61758833232997], [4.296394768274524, 49.613405368493474]]]}",15553,143,07,2,08,21
63311,63260,SAINT-AGOULIN,PUY-DE-DOME,AUVERGNE,"Commune simple",495.0,936.0,0.3,"46.0402856832, 3.1292028282","{""type"": ""Polygon"", ""coordinates"": [[[3.123981749448464, 46.01897889788731], [3.107614835524359, 46.04378617558074], [3.113815461155633, 46.05317225335083], [3.11377214928328, 46.063491932033116], [3.128666110026653, 46.05440806165301], [3.147655277722594, 46.05042276195249], [3.147934053527953, 46.04347959968771], [3.154682641320432, 46.03832877915693], [3.143910387407347, 46.03282294178817], [3.148219268674636, 46.02455986732331], [3.1351262097962, 46.02531463581386], [3.123981749448464, 46.01897889788731]]]}",15685,311,01,4,63,83
42066,42110,CLEPPE,LOIRE,RHONE-ALPES,"Commune simple",348.0,1540.0,0.6,"45.760405726, 4.17661128061","{""type"": ""Polygon"", ""coordinates"": [[[4.191878007541852, 45.72344558138212], [4.187050133876312, 45.72255991139355], [4.172131185143269, 45.731469721952415], [4.170051144832067, 45.73466139027801], [4.174686700404898, 45.74461871357325], [4.171288517815142, 45.7511833153875], [4.145860203356579, 45.761945325095716], [4.150863197506994, 45.77914059135167], [4.158739815013059, 45.78219402426038], [4.167606723915605, 45.78029244734076], [4.183355592634331, 45.78725206557639], [4.185784010053235, 45.77744615764516], [4.204293826294865, 45.77635853611542], [4.207206161931969, 45.773580602057834], [4.19456061834318, 45.760134266525554], [4.188941654953216, 45.733392073727764], [4.191878007541852, 45.72344558138212]]]}",11193,066,07,1,42,82
41264,41240,TRIPLEVILLE,LOIR-ET-CHER,CENTRE,"Commune simple",123.0,1314.0,0.1,"47.9462536497, 1.4814884226","{""type"": ""Polygon"", ""coordinates"": [[[1.503524656682224, 47.922040800686716], [1.467987354138383, 47.93584956596796], [1.454805043741543, 47.930852291332855], [1.457883322112011, 47.947058831698094], [1.454439449297797, 47.94938088375412], [1.454029641594489, 47.965739440179654], [1.478757191415331, 47.96292967970757], [1.488856565779759, 47.95230375375964], [1.500883379914544, 47.96244884926561], [1.509321547215572, 47.95880276739904], [1.513701043216008, 47.952674573179756], [1.50415115636701, 47.94494756302686], [1.502863431436418, 47.92554282299669], [1.503524656682224, 47.922040800686716]]]}",26985,264,16,1,41,24
65288,65220,LUBRET-SAINT-LUC,HAUTES-PYRENEES,MIDI-PYRENEES,"Commune simple",324.0,560.0,0.1,"43.3155941399, 0.298164374881","{""type"": ""Polygon"", ""coordinates"": [[[0.31353960312145, 43.30726215513072], [0.276822853518532, 43.30646931713803], [0.279836619229807, 43.31390808707658], [0.285159970472144, 43.32284500121595], [0.31244841466632, 43.32696520734759], [0.316128296788866, 43.32022483809993], [0.313764485255575, 43.30984201034913], [0.31353960312145, 43.30726215513072]]]}",21557,288,24,3,65,73
80039,80460,AULT,SOMME,PICARDIE,"Chef-lieu canton",78.0,610.0,1.7,"50.0925488309, 1.44717519345","{""type"": ""Polygon"", ""coordinates"": [[[1.459241839939986, 50.08096923149538], [1.449372379142164, 50.07913814917984], [1.441308147479731, 50.08309623008962], [1.431271190700269, 50.08127054897019], [1.421354195500445, 50.089084226816354], [1.451202130070501, 50.10703466606488], [1.453752264736558, 50.109977156403716], [1.463732663961566, 50.1032667365779], [1.465787302759617, 50.09720222238153], [1.459241839939986, 50.08096923149538]]]}",21704,039,11,1,80,22
51046,51490,BEINE-NAUROY,MARNE,CHAMPAGNE-ARDENNE,"Chef-lieu canton",132.0,4279.0,1.0,"49.2458158743, 4.23851235844","{""type"": ""Polygon"", ""coordinates"": [[[4.268000640800736, 49.21943139366672], [4.260491017923873, 49.22387988572368], [4.231253277524902, 49.2181759678471], [4.224541996395337, 49.21298448610756], [4.207860300758152, 49.220930175148794], [4.179231861583895, 49.236192649408636], [4.163832990322979, 49.23709749986941], [4.183226252639188, 49.24214146560189], [4.190479963071597, 49.24705101964581], [4.190658413217964, 49.26076020965394], [4.190121300755411, 49.27322657247761], [4.197544863928089, 49.27694716237583], [4.206121066745773, 49.27289688805152], [4.237299409667057, 49.268948970270635], [4.262256556258873, 49.27371629305766], [4.271880887821972, 49.26781618284116], [4.281151281855751, 49.26656727642191], [4.294230286756063, 49.256133099018655], [4.300615672811279, 49.232588725193956], [4.273156120682947, 49.22478077647677], [4.268000640800736, 49.21943139366672]]]}",464,046,04,3,51,21
43157,43000,"LE PUY-EN-VELAY",HAUTE-LOIRE,AUVERGNE,Préfecture,750.0,1687.0,18.8,"45.0276366659, 3.89535229067","{""type"": ""Polygon"", ""coordinates"": [[[3.866026488058327, 44.99916072784997], [3.862218446767031, 44.999937651495244], [3.864610923704788, 45.005294652609486], [3.861734070509312, 45.007225874675676], [3.88097870053664, 45.025930319756], [3.881700050709853, 45.03626164282162], [3.872581349256424, 45.03867460753058], [3.875878044332771, 45.04807634179297], [3.876672041299832, 45.05416609169978], [3.881580092005416, 45.048805737996254], [3.895251177626527, 45.050605639435794], [3.905346842209618, 45.05670110701399], [3.904714076201441, 45.050565200463105], [3.910090045092285, 45.04526280097291], [3.922167713163719, 45.040544166827466], [3.933989507774867, 45.0305047238318], [3.924289569914142, 45.02290488556003], [3.914670786701679, 45.02244405989754], [3.905594340955594, 45.010758538352725], [3.887154442876032, 45.00861092610117], [3.879618931898363, 44.99999057143835], [3.866026488058327, 44.99916072784997]]]}",6597,157,99,2,43,83
62671,62860,PRONVILLE,PAS-DE-CALAIS,NORD-PAS-DE-CALAIS,"Commune simple",79.0,618.0,0.3,"50.1658848731, 3.00801874894","{""type"": ""Polygon"", ""coordinates"": [[[3.019176496054668, 50.153711442609584], [3.007826365587869, 50.14868371154872], [3.003745583690693, 50.15015667925376], [2.994758660776047, 50.1532278912435], [2.99460271941761, 50.17386431840431], [3.013412497890599, 50.18593279452274], [3.014502909041302, 50.18421750692179], [3.022623008319123, 50.172012463131104], [3.018370220913839, 50.16584383809108], [3.021764736695285, 50.159512255587174], [3.019176496054668, 50.153711442609584]]]}",21944,671,35,1,62,31
08001,08300,ACY-ROMANCE,ARDENNES,CHAMPAGNE-ARDENNE,"Commune simple",106.0,1092.0,0.4,"49.4918922835, 4.32704942138","{""type"": ""Polygon"", ""coordinates"": [[[4.323577253808443, 49.47197896288947], [4.296027203446633, 49.47838922175497], [4.299693397530818, 49.48371627503518], [4.320279927268856, 49.50796998659564], [4.324450349003344, 49.50643239526069], [4.342540771786398, 49.51045808050567], [4.347437407232186, 49.511365546130506], [4.353917843123802, 49.50635859688485], [4.350947806604206, 49.50364119318026], [4.355435021662456, 49.497937202074034], [4.353148097870874, 49.494942527731205], [4.323577253808443, 49.47197896288947]]]}",22005,001,23,2,08,21
08041,08430,BAALONS,ARDENNES,CHAMPAGNE-ARDENNE,"Commune simple",234.0,1463.0,0.2,"49.6016790531, 4.66754593239","{""type"": ""Polygon"", ""coordinates"": [[[4.63884168821261, 49.58145896306475], [4.63227238089784, 49.590499955946925], [4.62324089167715, 49.5939107493563], [4.628620141090199, 49.59915084972876], [4.638838955651577, 49.59999313857347], [4.647977587859956, 49.61972455468034], [4.700534395619774, 49.61427259248186], [4.704335442844263, 49.60959931388074], [4.703939978591991, 49.594360415959336], [4.690603084728734, 49.58743684706625], [4.655266899715255, 49.59266954415933], [4.649074502471785, 49.58327093509888], [4.63884168821261, 49.58145896306475]]]}",7529,041,20,1,08,21
22035,22630,"LES CHAMPS-GERAUX",COTES-D'ARMOR,BRETAGNE,"Commune simple",63.0,1973.0,1.0,"48.4255779287, -1.97788304243","{""type"": ""Polygon"", ""coordinates"": [[[-1.941191605523938, 48.410584121760536], [-1.950218139175607, 48.40752098180597], [-1.964709358523398, 48.410574271103926], [-1.978618300303784, 48.406754270833055], [-2.008411559998407, 48.408103375157374], [-2.014678498850912, 48.41999000234689], [-2.014593388142944, 48.42930570163555], [-2.000750804276191, 48.443385322688385], [-1.965713968867333, 48.445101766811284], [-1.963136541068241, 48.44807619881731], [-1.948634767810871, 48.44645604173888], [-1.952038536274182, 48.42983616919508], [-1.938068505338155, 48.419845672552604], [-1.941191605523938, 48.410584121760536]]]}",8136,035,14,1,22,53
64352,64420,LOURENTIES,PYRENEES-ATLANTIQUES,AQUITAINE,"Commune simple",359.0,906.0,0.3,"43.2864004571, -0.159610916229","{""type"": ""Polygon"", ""coordinates"": [[[-0.160333594296716, 43.26908206919085], [-0.181427988584814, 43.29481404427377], [-0.183294465840867, 43.30116017574571], [-0.171254780023267, 43.305034338685736], [-0.158143891553571, 43.29973747797139], [-0.162458031380386, 43.2988370537858], [-0.137364604521249, 43.2857493888667], [-0.13724301735705, 43.28147665999299], [-0.140602954712122, 43.2716742050087], [-0.160333594296716, 43.26908206919085]]]}",27082,352,32,3,64,72
60198,60310,DIVES,OISE,PICARDIE,"Commune simple",79.0,831.0,0.3,"49.5909351098, 2.8785644648","{""type"": ""Polygon"", ""coordinates"": [[[2.858417474124387, 49.57074921300815], [2.851954124933531, 49.574282261298585], [2.867478183212016, 49.58840915908668], [2.867336994733434, 49.60560006614845], [2.876596698273981, 49.61337399638868], [2.882667950575253, 49.61338899621051], [2.887446154170796, 49.60393092298391], [2.904355802600008, 49.59709777515152], [2.892335486206896, 49.58678920122015], [2.895133364880584, 49.57722991848829], [2.881160490260483, 49.577567526735194], [2.858417474124387, 49.57074921300815]]]}",14191,198,19,3,60,22
67550,67360,WOERTH,BAS-RHIN,ALSACE,"Chef-lieu canton",189.0,657.0,1.8,"48.9412737008, 7.74416394777","{""type"": ""Polygon"", ""coordinates"": [[[7.752804982244555, 48.91797746080441], [7.748106351974132, 48.91756938885558], [7.744884303159727, 48.92300345845037], [7.731689708659841, 48.92628254279577], [7.735045361440483, 48.928600235021555], [7.729100056020497, 48.94049256314869], [7.734073046336477, 48.95274598585517], [7.761239553881475, 48.9675243036734], [7.752007534811644, 48.948278998748506], [7.752076641549126, 48.93094325554443], [7.754142054269479, 48.92332975416617], [7.752804982244555, 48.91797746080441]]]}",12493,550,35,7,67,42
59031,59570,AUDIGNIES,NORD,NORD-PAS-DE-CALAIS,"Commune simple",149.0,358.0,0.3,"50.2783465062, 3.82456125193","{""type"": ""Polygon"", ""coordinates"": [[[3.821811923757941, 50.26607228161727], [3.814161937650304, 50.27732032660353], [3.808067251043265, 50.28963500995001], [3.832972710152072, 50.28453962835183], [3.841928293733116, 50.27363178496449], [3.824968918933219, 50.26809848682944], [3.821811923757941, 50.26607228161727]]]}",31554,031,08,1,59,31
52421,52000,RIAUCOURT,HAUTE-MARNE,CHAMPAGNE-ARDENNE,"Commune simple",293.0,1078.0,0.5,"48.1733717496, 5.16933990762","{""type"": ""Polygon"", ""coordinates"": [[[5.174143127510597, 48.155656407856995], [5.154690484403541, 48.15896577419788], [5.144842550220927, 48.17056804723879], [5.135184117421659, 48.17265147740675], [5.146453113815215, 48.18337473918565], [5.160801382757201, 48.18665951285845], [5.170224576774863, 48.184380329222215], [5.184940670483891, 48.18577413538586], [5.190097536541924, 48.19099843383671], [5.195147931232857, 48.19072461039924], [5.19786640206749, 48.183913921673096], [5.188358966264192, 48.16367507538094], [5.174143127510597, 48.155656407856995]]]}",31590,421,07,1,52,21
45194,45430,MARDIE,LOIRET,CENTRE,"Commune simple",111.0,1723.0,2.6,"47.8973215597, 2.06871909957","{""type"": ""Polygon"", ""coordinates"": [[[2.076091424623812, 47.8708956333367], [2.056673039374537, 47.881172647069945], [2.041797440930383, 47.88326625446917], [2.053372395445374, 47.90196389093305], [2.049429135751644, 47.91213834727825], [2.035494397319585, 47.92237501186666], [2.045126945794393, 47.93399191938104], [2.05846047928181, 47.932047495140225], [2.068380700390295, 47.92614148806199], [2.064886436505107, 47.92002061302347], [2.073651241140719, 47.90420468256273], [2.082968414138165, 47.89639357966083], [2.09747269998031, 47.89342787474875], [2.102603917422617, 47.88754501519488], [2.107809729862153, 47.87874637568322], [2.10013727224544, 47.87201852279267], [2.076091424623812, 47.8708956333367]]]}",31681,194,38,2,45,24
51342,51530,MANCY,MARNE,CHAMPAGNE-ARDENNE,"Commune simple",151.0,356.0,0.3,"48.982499338, 3.9380543947","{""type"": ""Polygon"", ""coordinates"": [[[3.937192911634875, 48.97081255160232], [3.92626903836414, 48.977165436834554], [3.917930172215044, 48.986141386999506], [3.932756860147824, 48.98850902835433], [3.945476110286478, 48.99438963827555], [3.954541910113854, 48.983517545277415], [3.949809245686486, 48.977251131600894], [3.937192911634875, 48.97081255160232]]]}",31787,342,02,2,51,21
25161,25390,CONSOLATION-MAISONNETTES,DOUBS,FRANCHE-COMTE,"Commune simple",702.0,425.0,0.0,"47.1545771077, 6.60275781844","{""type"": ""Polygon"", ""coordinates"": [[[6.621134137193877, 47.15001570983167], [6.609557293975109, 47.14404188219693], [6.589372408198948, 47.14521082520947], [6.588019600129246, 47.151669511736245], [6.600677091639385, 47.170057737572904], [6.609676943257435, 47.16611834245171], [6.613973112067063, 47.15334894070247], [6.621134137193877, 47.15001570983167]]]}",34917,161,19,3,25,43
27598,27430,SAINT-PIERRE-DU-VAUVRAY,EURE,HAUTE-NORMANDIE,"Commune simple",72.0,449.0,1.3,"49.2236978815, 1.21846130643","{""type"": ""Polygon"", ""coordinates"": [[[1.203384220820373, 49.21153259600601], [1.196310240968074, 49.21876477617868], [1.200562641075213, 49.21964665058304], [1.211309831409776, 49.224860334027944], [1.211816705824364, 49.230847741470846], [1.227035291959828, 49.2399208465106], [1.233796778961617, 49.2353621375175], [1.229134628366872, 49.222335905827215], [1.232722533776683, 49.21577020523583], [1.203384220820373, 49.21153259600601]]]}",19965,598,21,1,27,23
26035,26400,BEAUFORT-SUR-GERVANNE,DROME,RHONE-ALPES,"Commune simple",411.0,957.0,0.4,"44.7778627524, 5.14914685983","{""type"": ""Polygon"", ""coordinates"": [[[5.183425688065862, 44.783658092914685], [5.149171645999786, 44.76691805604023], [5.13752954914115, 44.75665081161824], [5.128712583753869, 44.75914419698981], [5.126638906793106, 44.76514621389871], [5.130594941143809, 44.77980466399784], [5.14153885745906, 44.78692500661664], [5.150158290726443, 44.79900700447782], [5.160749209818163, 44.79316301474222], [5.170288129909796, 44.786005613767], [5.183425688065862, 44.783658092914685]]]}",18414,035,07,1,26,82
95394,95540,MERY-SUR-OISE,VAL-D'OISE,ILE-DE-FRANCE,"Commune simple",59.0,990.0,9.4,"49.0548422566, 2.17397254184","{""type"": ""Polygon"", ""coordinates"": [[[2.168297572502585, 49.03161543184246], [2.155762770860706, 49.03631183335631], [2.158661479406162, 49.04226702251259], [2.151603867303811, 49.04726197617182], [2.152078555521407, 49.05756126735889], [2.145384235224039, 49.066919478601385], [2.166060898613767, 49.06443909738164], [2.188902436293082, 49.072148647865085], [2.2026844907201, 49.065020387121024], [2.204058875324446, 49.06106405611318], [2.194173213272379, 49.050018919788556], [2.175299953419496, 49.04535881514158], [2.17388648384732, 49.03876684832007], [2.168297572502585, 49.03161543184246]]]}",18592,394,21,3,95,11
76695,76110,TOCQUEVILLE-LES-MURS,SEINE-MARITIME,HAUTE-NORMANDIE,"Commune simple",130.0,352.0,0.3,"49.6630245731, 0.500760305403","{""type"": ""Polygon"", ""coordinates"": [[[0.501832189367371, 49.65443178663015], [0.48926564484882, 49.655413607756245], [0.482705477015393, 49.65899998106823], [0.484043231403454, 49.66165284676546], [0.489773033198049, 49.666823796125094], [0.510375802241752, 49.67439445801719], [0.514097394642949, 49.67306812012242], [0.512402526685871, 49.65605099622224], [0.501832189367371, 49.65443178663015]]]}",19903,695,24,2,76,23
97214,97214,"LE LORRAIN",MARTINIQUE,MARTINIQUE,"Chef-lieu canton",261.0,5026.0,7.6,"14.801120487, -61.0765081422","{""type"": ""Polygon"", ""coordinates"": [[[-61.086021624287206, 14.746461089903997], [-61.09018734050297, 14.75541507858254], [-61.08711495395841, 14.761616162742937], [-61.08796567231657, 14.768409995932434], [-61.097601544428755, 14.772104404559913], [-61.09921842323508, 14.775208394308661], [-61.10756331144762, 14.793965648815337], [-61.10805670166057, 14.807760269050437], [-61.10005675344294, 14.814399897360909], [-61.09784940153567, 14.831018806852207], [-61.08460243438696, 14.853121664700142], [-61.07693213404358, 14.8463793131584], [-61.06684014482229, 14.84352936093062], [-61.056665953935834, 14.834316385853496], [-61.04984983599417, 14.83298449957553], [-61.04380731387433, 14.83654788289761], [-61.03942203960963, 14.831440927591887], [-61.047486179328935, 14.819969565523794], [-61.062261664627144, 14.754459649781621], [-61.068268664375, 14.750407177499875], [-61.086021624287206, 14.746461089903997]]]}",14,214,17,2,97,02
76598,76340,SAINT-LEGER-AUX-BOIS,SEINE-MARITIME,HAUTE-NORMANDIE,"Commune simple",208.0,1123.0,0.5,"49.8298026254, 1.61197494699","{""type"": ""Polygon"", ""coordinates"": [[[1.602566491006778, 49.79761830886623], [1.601763335817024, 49.80414170321732], [1.610695715497959, 49.807523508819024], [1.610683689703023, 49.81766805533785], [1.585336239698293, 49.82881535075814], [1.583956320694917, 49.83299553203482], [1.588391257176048, 49.847441337866066], [1.592969614494225, 49.84820401332076], [1.608255179157965, 49.847678354074986], [1.63073566912571, 49.83998963522323], [1.644352349402469, 49.84307974798604], [1.645565009927657, 49.83717197393477], [1.6370236770716, 49.830311002962944], [1.625515039083351, 49.818707604845955], [1.616176649501507, 49.8153403301935], [1.621465789262764, 49.80202068828715], [1.602566491006778, 49.79761830886623]]]}",21233,598,05,1,76,23
89256,89580,MIGE,YONNE,BOURGOGNE,"Commune simple",264.0,1476.0,0.4,"47.676526095, 3.53286271854","{""type"": ""Polygon"", ""coordinates"": [[[3.528367785717555, 47.65723060140463], [3.520805338670043, 47.66454640967951], [3.511829877872974, 47.66509011436375], [3.504945861154738, 47.669818589975634], [3.500854247784449, 47.689620309385425], [3.510730198949279, 47.690792719636974], [3.517030181182375, 47.69571553750825], [3.526965215511726, 47.697318361501054], [3.543820693248763, 47.68977043397895], [3.557528860628254, 47.68633952271853], [3.562409309408676, 47.67891733263938], [3.563457221822191, 47.66078415530998], [3.528367785717555, 47.65723060140463]]]}",27535,256,12,1,89,26
01450,01800,VILLIEU-LOYES-MOLLON,AIN,RHONE-ALPES,"Commune simple",251.0,1582.0,3.0,"45.932014998, 5.22953071636","{""type"": ""Polygon"", ""coordinates"": [[[5.246040934521883, 45.896240162733825], [5.232149777932256, 45.89889352254345], [5.210541110829113, 45.916983641848525], [5.212472049380598, 45.92007182257857], [5.208314358647701, 45.92615270086563], [5.199588690854467, 45.92907928097532], [5.209849434155116, 45.94511254684544], [5.223692076588296, 45.94830063617709], [5.226800070844331, 45.95458151256732], [5.23563631832236, 45.960992554641685], [5.244323153584026, 45.9595684578513], [5.248536077318921, 45.95424185163202], [5.253863006317563, 45.938605072879746], [5.25092714881766, 45.932483626034866], [5.24365562204517, 45.92385372727144], [5.241499001020288, 45.9139960797566], [5.234423595923994, 45.90946966938606], [5.235305045895013, 45.90288502717574], [5.246040934521883, 45.896240162733825]]]}",27655,450,19,2,01,82
59039,59400,AWOINGT,NORD,NORD-PAS-DE-CALAIS,"Commune simple",82.0,630.0,0.6,"50.153637436, 3.28601914646","{""type"": ""Polygon"", ""coordinates"": [[[3.288547788030851, 50.13987661293136], [3.27669524650335, 50.14442105881572], [3.272510198568689, 50.14318212796593], [3.271001780287265, 50.148564743894326], [3.264409319451306, 50.152027571082996], [3.268496715873163, 50.16112473927163], [3.275579087157141, 50.1653387529767], [3.294957029609002, 50.16554523012847], [3.305260433576699, 50.15855139706269], [3.300939377949682, 50.1535510313002], [3.306613780681396, 50.14887618533807], [3.304956501852724, 50.1428723897985], [3.301379170383122, 50.145234098993846], [3.288547788030851, 50.13987661293136]]]}",32597,039,13,2,59,31
01259,01310,MONTCET,AIN,RHONE-ALPES,"Commune simple",217.0,655.0,0.7,"46.219333227, 5.11149132074","{""type"": ""Polygon"", ""coordinates"": [[[5.123889271523496, 46.20767064828506], [5.111119314622167, 46.20389086873621], [5.097426051976114, 46.20610804277766], [5.100894067229715, 46.228888329389925], [5.098251462866419, 46.23512559524721], [5.112652545654099, 46.23525542235776], [5.126850441371275, 46.226135930209374], [5.123889271523496, 46.20767064828506]]]}",21466,259,43,2,01,82
47297,47360,SEMBAS,LOT-ET-GARONNE,AQUITAINE,"Commune simple",188.0,1262.0,0.1,"44.3229002449, 0.645981767236","{""type"": ""Polygon"", ""coordinates"": [[[0.642262969717193, 44.300582926499615], [0.642758165145384, 44.31008520941859], [0.621941168157003, 44.316309940486235], [0.624301014502849, 44.31926072362775], [0.619192217126075, 44.32800265997728], [0.621561676274651, 44.337906019236804], [0.629416598271122, 44.34360501636426], [0.671451648978452, 44.330274309010825], [0.670505728216882, 44.31055959057179], [0.663860442906345, 44.30595194691836], [0.642262969717193, 44.300582926499615]]]}",26925,297,39,3,47,72
08459,08110,TREMBLOIS-LES-CARIGNAN,ARDENNES,CHAMPAGNE-ARDENNE,"Commune simple",275.0,434.0,0.1,"49.6624363858, 5.26029307221","{""type"": ""Polygon"", ""coordinates"": [[[5.262460909485417, 49.6475213543014], [5.254886147029321, 49.64842619432924], [5.24993360538657, 49.64946184942616], [5.245830102445232, 49.65565956180069], [5.252044363980353, 49.67166261612565], [5.267475775158144, 49.674818849669066], [5.281174853689611, 49.68569149930324], [5.282208716057604, 49.685573229322955], [5.268931234257006, 49.6710880967274], [5.273324792307642, 49.66553150574052], [5.262460909485417, 49.6475213543014]]]}",21253,459,04,3,08,21
02652,02140,ROGNY,AISNE,PICARDIE,"Commune simple",118.0,566.0,0.1,"49.766712979, 3.82104672788","{""type"": ""Polygon"", ""coordinates"": [[[3.825035614945506, 49.75639812427445], [3.808848335773754, 49.75715356276394], [3.799346105042079, 49.76059468651971], [3.798220678529324, 49.76491493530866], [3.802716751595536, 49.771210922925434], [3.815510966249968, 49.77749641205214], [3.831264152920306, 49.77866590687108], [3.83314403257948, 49.77652362336608], [3.837642554296063, 49.76824448326199], [3.855682689322383, 49.764453237708054], [3.846061970155211, 49.76398128035181], [3.825035614945506, 49.75639812427445]]]}",28274,652,34,5,02,22
59021,59600,ASSEVENT,NORD,NORD-PAS-DE-CALAIS,"Commune simple",139.0,187.0,1.7,"50.2884411784, 4.01973285077","{""type"": ""Polygon"", ""coordinates"": [[[4.023414639469517, 50.28056398150712], [4.009891742758828, 50.284770193219856], [4.009414914879915, 50.29528895468881], [4.024882156287973, 50.29628373338124], [4.03163142240039, 50.28080974590912], [4.023414639469517, 50.28056398150712]]]}",27121,021,44,1,59,31
18058,18190,CHATEAUNEUF-SUR-CHER,CHER,CENTRE,"Chef-lieu canton",160.0,2187.0,1.5,"46.8663441588, 2.34034434393","{""type"": ""Polygon"", ""coordinates"": [[[2.337644427681068, 46.83737142861962], [2.322849958906239, 46.836871123461584], [2.315589355577229, 46.84139327527218], [2.314280481547669, 46.851497137256935], [2.308997002990513, 46.857219176753304], [2.3123004094485, 46.862731468769276], [2.309169060111417, 46.87254519327707], [2.321396097923698, 46.877525120731754], [2.340327027319488, 46.89616539355103], [2.354805071715544, 46.89923671538338], [2.367688141913785, 46.893914774100494], [2.362298178399323, 46.87758782189079], [2.372202241234425, 46.86597302670674], [2.361384421198188, 46.86043005660126], [2.362252433631891, 46.848027247724936], [2.359078357882071, 46.845650540783005], [2.337644427681068, 46.83737142861962]]]}",12988,058,10,2,18,24
08295,08430,MONDIGNY,ARDENNES,CHAMPAGNE-ARDENNE,"Commune simple",255.0,582.0,0.2,"49.7118483439, 4.63666533431","{""type"": ""Polygon"", ""coordinates"": [[[4.639186043454106, 49.699169071311694], [4.614138194807325, 49.70192137060873], [4.626919630780449, 49.723032754972834], [4.638202700304916, 49.728201815706186], [4.644326483777826, 49.72030954418848], [4.653142743725571, 49.71859945690108], [4.661404985926789, 49.71478429262807], [4.659682411583477, 49.711671250150275], [4.639186043454106, 49.699169071311694]]]}",21072,295,09,1,08,21
25422,25150,NEUCHATEL-URTIERE,DOUBS,FRANCHE-COMTE,"Commune simple",543.0,614.0,0.2,"47.3748161465, 6.73046629435","{""type"": ""Polygon"", ""coordinates"": [[[6.710208074750506, 47.35938321070385], [6.709430635077873, 47.362715491413425], [6.719996126245848, 47.36970439898945], [6.720343196102539, 47.37642533525216], [6.728277322773673, 47.38501185226789], [6.729800732994272, 47.39812962818888], [6.738174869900136, 47.40115898097244], [6.735192700139109, 47.38846668000393], [6.745479289006564, 47.37729382817047], [6.743558926018334, 47.37088494382755], [6.748285634103478, 47.37018274985423], [6.739120714434362, 47.36431378833449], [6.725504857019112, 47.36001997972401], [6.710208074750506, 47.35938321070385]]]}",18133,422,21,2,25,43
64547,64480,USTARITZ,PYRENEES-ATLANTIQUES,AQUITAINE,"Chef-lieu canton",53.0,3267.0,6.0,"43.401807303, -1.4751898518","{""type"": ""Polygon"", ""coordinates"": [[[-1.501109886170585, 43.36483737134186], [-1.510846244324373, 43.38048892184586], [-1.517893204591239, 43.384330776187234], [-1.517492620037818, 43.391186864764904], [-1.51591211032155, 43.40158854742558], [-1.50522881453838, 43.4084588718848], [-1.501444615723267, 43.41490610885556], [-1.485281385945747, 43.42257887549046], [-1.475832849477252, 43.43841497211836], [-1.47453384578634, 43.4393607725841], [-1.460826555612697, 43.43642123765943], [-1.455075629246069, 43.42412394231268], [-1.422449007438091, 43.41944302495458], [-1.439849861082023, 43.400177559452345], [-1.442648330048397, 43.38777225977841], [-1.451434602925311, 43.38827600956674], [-1.471267294253357, 43.37527550457641], [-1.477417218816811, 43.373984803874414], [-1.494463359799459, 43.36955617032919], [-1.501109886170585, 43.36483737134186]]]}",13146,547,41,1,64,72
05114,05160,REALLON,HAUTES-ALPES,"PROVENCE-ALPES-COTE D'AZUR","Commune simple",2026.0,7078.0,0.2,"44.6107753971, 6.36046039369","{""type"": ""Polygon"", ""coordinates"": [[[6.361036428195082, 44.56977645741794], [6.335584267897524, 44.57634214420125], [6.3233114126989, 44.58050562603779], [6.310795319217487, 44.585494935842306], [6.300757686529161, 44.59710343316011], [6.288388570086263, 44.601896458997295], [6.291404083796689, 44.614880713611704], [6.30204458968011, 44.62575422605394], [6.320054760240934, 44.63119762018789], [6.348836285646164, 44.65856001235655], [6.357288004146799, 44.66204321904134], [6.370952889611265, 44.65999648816764], [6.387195366378968, 44.64288382213445], [6.4002511764492, 44.63836493353958], [6.401463559469083, 44.621026524307254], [6.404307155286364, 44.61818159185284], [6.423494116798431, 44.61710213811003], [6.435669209562626, 44.60241459314215], [6.43042840842438, 44.591529971387246], [6.39980371386856, 44.58388967688257], [6.391661413940153, 44.57576005883137], [6.392675209855279, 44.57249405122577], [6.361036428195082, 44.56977645741794]]]}",5594,114,21,2,05,93
33342,33570,PUISSEGUIN,GIRONDE,AQUITAINE,"Commune simple",72.0,1738.0,0.9,"44.9327886127, -0.0632513144683","{""type"": ""Polygon"", ""coordinates"": [[[-0.074595582520868, 44.90632555454503], [-0.078428390477842, 44.912400479014686], [-0.094675289108311, 44.91797696236294], [-0.0973058055257, 44.92427404620721], [-0.093674284508318, 44.93707100370594], [-0.067733130504038, 44.950774211549266], [-0.045474189910482, 44.95469315255484], [-0.042763925215054, 44.95338880063269], [-0.031716095692851, 44.947608766625585], [-0.029333325031322, 44.92535544826021], [-0.046848645480293, 44.926525332524804], [-0.050390120106996, 44.92028314720853], [-0.065891701852685, 44.91317073012083], [-0.074595582520868, 44.90632555454503]]]}",13934,342,31,5,33,72
77180,77150,FEROLLES-ATTILLY,SEINE-ET-MARNE,ILE-DE-FRANCE,"Commune simple",99.0,1280.0,1.1,"48.7335952478, 2.63893813128","{""type"": ""Polygon"", ""coordinates"": [[[2.649840967674313, 48.71543008305954], [2.616798004962058, 48.71362859518836], [2.61518582057583, 48.716609558573715], [2.609143437774432, 48.728489483820915], [2.618889417727314, 48.73995273535011], [2.644772580400759, 48.75519671999482], [2.650712780357524, 48.74970983741689], [2.665263184232957, 48.752260875322875], [2.673395640670203, 48.743783924751455], [2.665370281594826, 48.735549980858934], [2.651592469022281, 48.732020786872184], [2.649840967674313, 48.71543008305954]]]}",19891,180,02,2,77,11
27700,27370,VRAIVILLE,EURE,HAUTE-NORMANDIE,"Commune simple",152.0,662.0,0.6,"49.2175782912, 1.03654685327","{""type"": ""Polygon"", ""coordinates"": [[[1.036955482173043, 49.202803057087365], [1.023403550359334, 49.20439808057499], [1.016987798296862, 49.22532719011388], [1.038067265731184, 49.23211096418163], [1.048243982414833, 49.22734813746262], [1.052956661559663, 49.22690277227017], [1.058121990371082, 49.21513360258159], [1.036955482173043, 49.202803057087365]]]}",26126,700,01,2,27,23
68373,68480,WINKEL,HAUT-RHIN,ALSACE,"Commune simple",633.0,775.0,0.3,"47.4588691493, 7.26354708265","{""type"": ""Polygon"", ""coordinates"": [[[7.252240062221124, 47.44267414552388], [7.243702970543216, 47.471923505484014], [7.246100205215674, 47.47331445988856], [7.25090014409265, 47.474320123611065], [7.274811988923885, 47.47272283808777], [7.284439847304331, 47.454816448806504], [7.280393545061997, 47.44909664271816], [7.275260334126896, 47.4440657630086], [7.252240062221124, 47.44267414552388]]]}",15423,373,07,1,68,42
54080,54113,BLENOD-LES-TOUL,MEURTHE-ET-MOSELLE,LORRAINE,"Commune simple",344.0,1764.0,1.0,"48.5971874239, 5.82709869884","{""type"": ""Polygon"", ""coordinates"": [[[5.810639687248563, 48.5671119213894], [5.800975057981619, 48.579383347967216], [5.801730067997021, 48.596539375252675], [5.787769651456051, 48.601178643170606], [5.789908301512678, 48.6071860499822], [5.798025866781315, 48.61355705024639], [5.829711874862988, 48.61613833053177], [5.839390321378177, 48.608122068460894], [5.849902563685061, 48.60799683234523], [5.858597485857287, 48.61187477737153], [5.874176663502801, 48.607602133347804], [5.87039867452986, 48.59637889451379], [5.858061715179894, 48.5901320290686], [5.837656196922138, 48.587902130640344], [5.810639687248563, 48.5671119213894]]]}",26390,080,28,4,54,41
02116,02140,BRAYE-EN-THIERACHE,AISNE,PICARDIE,"Commune simple",165.0,913.0,0.1,"49.7675470994, 3.96265841899","{""type"": ""Polygon"", ""coordinates"": [[[3.986865707251043, 49.76154788604733], [3.965112908682582, 49.74446996463039], [3.961657124010092, 49.74651903544483], [3.949101211456577, 49.75289833181825], [3.952304714193702, 49.761831790020764], [3.938770641290833, 49.77413877718163], [3.946542036841553, 49.77498619801264], [3.946720411984093, 49.783871137272925], [3.956474651319106, 49.78899739339031], [3.974533649108244, 49.786985524485324], [3.969858098167475, 49.7812004247934], [3.972370993504066, 49.77470207415479], [3.986865707251043, 49.76154788604733]]]}",26908,116,34,5,02,22
60073,60650,BLACOURT,OISE,PICARDIE,"Commune simple",112.0,1159.0,0.5,"49.4557951068, 1.86303368192","{""type"": ""Polygon"", ""coordinates"": [[[1.880679060928884, 49.43950336470356], [1.863166211184934, 49.4410480978221], [1.827142175628292, 49.450295709370906], [1.855921396723173, 49.476134897831045], [1.861932485136431, 49.471292717375746], [1.885671676063192, 49.46740558457984], [1.887899898675113, 49.45747560255944], [1.89237635575004, 49.447458197876585], [1.889545330522684, 49.44448393572418], [1.88003024503682, 49.44271538797791], [1.880679060928884, 49.43950336470356]]]}",21243,073,10,1,60,22
69039,69620,CHAMELET,RHONE,RHONE-ALPES,"Commune simple",486.0,1472.0,0.7,"45.9847097998, 4.4986606687","{""type"": ""Polygon"", ""coordinates"": [[[4.481722831211775, 45.96168850596788], [4.459501477701962, 45.97938665829765], [4.468348030353905, 45.98122670699613], [4.475372230119882, 45.985908860421326], [4.476846049975365, 45.99220320831764], [4.497197742949701, 46.00076244646087], [4.510367863329719, 46.00362284381672], [4.533209010222065, 46.00051498230862], [4.53534574445514, 46.00344922398872], [4.537035315024378, 46.000084855665015], [4.530512465241303, 45.99045502871314], [4.51598232158633, 45.9761408230183], [4.481722831211775, 45.96168850596788]]]}",13154,039,06,2,69,82
87118,87510,PEYRILHAC,HAUTE-VIENNE,LIMOUSIN,"Commune simple",311.0,3856.0,1.2,"45.9617192828, 1.12081829671","{""type"": ""Polygon"", ""coordinates"": [[[1.144188140476063, 45.933529174083446], [1.122202164716203, 45.94153436399824], [1.100356854752797, 45.932918849565155], [1.09394925821999, 45.944619986060246], [1.076179250388702, 45.94730080717055], [1.069278588220248, 45.94413871559212], [1.057873880898044, 45.954491523602435], [1.070875261115369, 45.95827187123097], [1.069491720872253, 45.96789544326309], [1.075638581003435, 45.98051164910032], [1.095388024722224, 45.98963690448221], [1.114647351487408, 45.989490748577346], [1.119952048714095, 45.983624985440585], [1.146131023361865, 45.97399528621413], [1.159057804707019, 45.98417735833256], [1.165923484905993, 45.99295383053106], [1.170761233668957, 45.99281588583792], [1.168444025822946, 45.979735800703835], [1.177756373184022, 45.96811346298903], [1.16911565796131, 45.965370935552244], [1.174342214135613, 45.949539380308515], [1.169436748885267, 45.948721542333715], [1.157810125713239, 45.93730068959986], [1.144188140476063, 45.933529174083446]]]}",13388,118,19,2,87,74
17136,17220,CROIX-CHAPEAU,CHARENTE-MARITIME,POITOU-CHARENTES,"Commune simple",35.0,493.0,1.1,"46.1029311754, -0.998866254473","{""type"": ""Polygon"", ""coordinates"": [[[-0.983673490773666, 46.09847408358456], [-0.992262717643055, 46.09076055439333], [-0.997002260103901, 46.090891131421394], [-1.018598046498823, 46.102300202314765], [-1.014549854043316, 46.113407678427315], [-0.996999281228431, 46.109537235803394], [-0.99318954590667, 46.11133945177811], [-0.979678065963124, 46.10968642212282], [-0.980080614588227, 46.10326168048675], [-0.984128526148184, 46.1038498857697], [-0.983673490773666, 46.09847408358456]]]}",26628,136,10,3,17,54
77431,77140,SAINT-PIERRE-LES-NEMOURS,SEINE-ET-MARNE,ILE-DE-FRANCE,"Commune simple",86.0,2169.0,5.7,"48.2646880491, 2.66647381403","{""type"": ""Polygon"", ""coordinates"": [[[2.694066887840286, 48.23761468656383], [2.685103689146548, 48.24092930914962], [2.664760480587354, 48.2393977361486], [2.665887621062795, 48.25283450122601], [2.662610717481554, 48.25540752309188], [2.649222313770231, 48.25070777019039], [2.643304588073958, 48.24522845812483], [2.633516928129957, 48.24634123188655], [2.628008702896883, 48.25376512552767], [2.630231513392097, 48.25956658827031], [2.633587908846341, 48.27684339206434], [2.644657251161642, 48.28439006939359], [2.663121282750378, 48.289374684869706], [2.692661479244638, 48.291578490983134], [2.691918501131516, 48.28951615257928], [2.691891785314877, 48.287167755969584], [2.69273304256243, 48.2769938144018], [2.686853559577977, 48.26835876700948], [2.707064881520901, 48.2423894152196], [2.694066887840286, 48.23761468656383]]]}",26690,431,24,4,77,11
47186,47130,MONTESQUIEU,LOT-ET-GARONNE,AQUITAINE,"Commune simple",70.0,2546.0,0.8,"44.2108785728, 0.45197105625","{""type"": ""Polygon"", ""coordinates"": [[[0.413930703258527, 44.17912770016601], [0.413992989307938, 44.18463160948801], [0.425957687060636, 44.188767420346636], [0.422724957850289, 44.20236211599747], [0.435226771088318, 44.22075648187419], [0.429776938111107, 44.225510126439076], [0.415859547691204, 44.225579633267365], [0.423062650979741, 44.23519607282279], [0.43773022964579, 44.234098436959755], [0.456166604300097, 44.23916511095214], [0.470060077377568, 44.2357667723055], [0.489122389184134, 44.23893306802422], [0.492183026620865, 44.23713885634678], [0.485694561150979, 44.23204638247378], [0.47296675828802, 44.20959138713191], [0.480061555723009, 44.20065897697898], [0.477323773095672, 44.19409411869355], [0.477465910793832, 44.19061227918363], [0.462536546142644, 44.181874887656456], [0.445247367733893, 44.18675981783907], [0.413930703258527, 44.17912770016601]]]}",8001,186,18,4,47,72
03004,03120,ANDELAROCHE,ALLIER,AUVERGNE,"Commune simple",429.0,2028.0,0.3,"46.2501153137, 3.74613192809","{""type"": ""Polygon"", ""coordinates"": [[[3.773352707800253, 46.22718648824329], [3.756210847973098, 46.22331240250387], [3.743069262399687, 46.22437156276969], [3.744485268229256, 46.2311882571848], [3.713715809241871, 46.24789190948528], [3.704371466227651, 46.25001230382761], [3.699076901969488, 46.25928422455087], [3.711526850359784, 46.264240967838745], [3.72596535178286, 46.26426688143132], [3.738242546929472, 46.26866350401559], [3.745465304475684, 46.27270479395783], [3.775697326132124, 46.26724380945416], [3.77359536646474, 46.25724430963868], [3.780995570904368, 46.252709172623604], [3.778236200515611, 46.24305645062519], [3.769282659975627, 46.24042476304888], [3.773352707800253, 46.22718648824329]]]}",1975,004,15,3,03,83
26319,26750,SAINT-MICHEL-SUR-SAVASSE,DROME,RHONE-ALPES,"Commune simple",393.0,1137.0,0.5,"45.1463901355, 5.12162175387","{""type"": ""Polygon"", ""coordinates"": [[[5.133227155594917, 45.118503112884156], [5.121538261465199, 45.117230924545694], [5.121653057694953, 45.12025518525431], [5.114274171173232, 45.12261112958709], [5.108335687414064, 45.135171600015624], [5.098058880147804, 45.14243608046072], [5.106629889252742, 45.14528297572494], [5.111671835563352, 45.15105140582962], [5.112410240703229, 45.161152657455595], [5.104255711640016, 45.164702491800995], [5.140821314479412, 45.17859905198588], [5.133346146917672, 45.16961764658998], [5.136955708339637, 45.16345056079326], [5.130913784209713, 45.154261466279124], [5.133956260262705, 45.12060588061303], [5.133227155594917, 45.118503112884156]]]}",5054,319,35,3,26,82
60135,60730,CAUVIGNY,OISE,PICARDIE,"Commune simple",112.0,1737.0,1.4,"49.3026459577, 2.24002692157","{""type"": ""Polygon"", ""coordinates"": [[[2.246014477799123, 49.27836686485521], [2.236584126858396, 49.28237103394828], [2.230139938194281, 49.286932934771784], [2.197592364647906, 49.30399944281555], [2.222129985014526, 49.32237303568794], [2.224465738897129, 49.32434777651582], [2.267335738282092, 49.313549263672066], [2.281373354454403, 49.30573173113069], [2.273391060353101, 49.30144982225056], [2.26940243551021, 49.29187863578027], [2.246014477799123, 49.27836686485521]]]}",17349,135,28,1,60,22
55292,55110,LINY-DEVANT-DUN,MEUSE,LORRAINE,"Commune simple",217.0,1132.0,0.2,"49.3535491651, 5.20662377454","{""type"": ""Polygon"", ""coordinates"": [[[5.201529045449773, 49.335070930171135], [5.181172075736988, 49.34633898020791], [5.180392953772336, 49.356559279400145], [5.187026857238513, 49.36107040864868], [5.19019721936237, 49.37250498517373], [5.199394803808569, 49.37151072487567], [5.203764635342636, 49.366143736826714], [5.216408614492517, 49.36912278360879], [5.233883620645069, 49.357075099379344], [5.233328132901341, 49.353785151506884], [5.240226460470229, 49.349071305846664], [5.201529045449773, 49.335070930171135]]]}",27527,292,07,3,55,41
88531,88400,XONRUPT-LONGEMER,VOSGES,LORRAINE,"Commune simple",902.0,3089.0,1.6,"48.0716092272, 6.95374586425","{""type"": ""Polygon"", ""coordinates"": [[[7.009749031782371, 48.04289146125105], [6.984625048671967, 48.04274489767985], [6.970081970841387, 48.05270628220777], [6.945619747070081, 48.057340276264114], [6.93015112036356, 48.05662350465358], [6.911659170670615, 48.05917670430615], [6.906341367816337, 48.075796103382615], [6.911936583980755, 48.0809170371408], [6.896751066379528, 48.08996166735992], [6.900344786206783, 48.09638363468269], [6.927532679113873, 48.0962910024409], [6.932008008380063, 48.09751115341109], [6.93063715634138, 48.10385467792574], [6.95991884642894, 48.090179019102536], [6.983268215117265, 48.08361607890145], [6.994373010719659, 48.06810275357353], [7.002825654177567, 48.07019432793483], [6.999661884815319, 48.056804444176166], [7.00335332753407, 48.05443534424443], [7.018614393607844, 48.05505949823174], [7.009749031782371, 48.04289146125105]]]}",11575,531,14,3,88,41
09135,09220,GOULIER,ARIEGE,MIDI-PYRENEES,"Commune simple",1523.0,1034.0,0.0,"42.7438691043, 1.50611189303","{""type"": ""Polygon"", ""coordinates"": [[[1.51643794763711, 42.71953265178051], [1.499668915078664, 42.73087279696019], [1.482234868619245, 42.75482739956159], [1.49445811488323, 42.76396603460277], [1.509064955355701, 42.76408033869721], [1.520711714308444, 42.7428473067134], [1.529661698101048, 42.73533555680571], [1.51643794763711, 42.71953265178051]]]}",27497,135,20,1,09,73
45151,45340,GAUBERTIN,LOIRET,CENTRE,"Commune simple",110.0,726.0,0.3,"48.1258029948, 2.42594783192","{""type"": ""Polygon"", ""coordinates"": [[[2.424675091778992, 48.11129990979486], [2.396638581656516, 48.13191067974578], [2.40094478273068, 48.137430758238374], [2.40959769263033, 48.135458704877045], [2.416056636609626, 48.13976516407795], [2.444255901746707, 48.1314697490896], [2.442692473139175, 48.12548731631438], [2.455859023189462, 48.12338913595225], [2.458940979110657, 48.12560797005062], [2.445695298097034, 48.11213849545243], [2.435592869257346, 48.116949850668576], [2.424675091778992, 48.11129990979486]]]}",6587,151,03,3,45,24
50539,50330,SAINT-PIERRE-EGLISE,MANCHE,BASSE-NORMANDIE,"Chef-lieu canton",74.0,818.0,1.8,"49.669715545, -1.39807682939","{""type"": ""Polygon"", ""coordinates"": [[[-1.387092233950674, 49.64916669553855], [-1.402249924462282, 49.65103034226003], [-1.424078427251397, 49.669443202999666], [-1.399412050914769, 49.68189402946904], [-1.391774164549194, 49.69422938851967], [-1.386536329693083, 49.6943014562327], [-1.384505442988632, 49.691161947743424], [-1.3817550911938, 49.674594217910894], [-1.389697632036804, 49.65918829335612], [-1.384863354211482, 49.65810288447562], [-1.387092233950674, 49.64916669553855]]]}",19380,539,38,2,50,25
80181,80800,CAYEUX-EN-SANTERRE,SOMME,PICARDIE,"Commune simple",81.0,545.0,0.1,"49.8125645731, 2.60583040653","{""type"": ""Polygon"", ""coordinates"": [[[2.609960159236458, 49.798467168418384], [2.6000233829294, 49.800070156120746], [2.587050606945323, 49.813135091815866], [2.596078398720882, 49.8232725492676], [2.582958644662543, 49.82627405187388], [2.589902624878067, 49.826252659407984], [2.604162671340623, 49.82299357472124], [2.613738928234494, 49.82556676790417], [2.621238947622299, 49.82545551021097], [2.617340387168469, 49.81938802905905], [2.622359009101686, 49.803564390560595], [2.609960159236458, 49.798467168418384]]]}",23101,181,28,3,80,22
79265,79100,SAINT-LEGER-DE-MONTBRUN,DEUX-SEVRES,POITOU-CHARENTES,"Commune simple",70.0,3059.0,1.2,"46.989216133, -0.130757727063","{""type"": ""Polygon"", ""coordinates"": [[[-0.12559178217648, 46.95489504609844], [-0.139463312357173, 46.964204473622125], [-0.144123763507994, 46.954724405846385], [-0.162040775062685, 46.97125551329386], [-0.164499878643219, 46.977504545617464], [-0.174370889207189, 46.9846220206166], [-0.158119622298993, 46.99762900915656], [-0.162042168058221, 47.01828195645673], [-0.149110679890887, 47.02855611710917], [-0.146029349970677, 47.02610820666755], [-0.135142792209074, 47.01472692115974], [-0.117753637667824, 47.008124919082626], [-0.092379497689553, 47.00529378098069], [-0.086481269862947, 46.9852957099194], [-0.093700721341411, 46.966288606820164], [-0.100068626442174, 46.971749064175725], [-0.114867099699368, 46.97019687876135], [-0.12392370297391, 46.961779283913074], [-0.12559178217648, 46.95489504609844]]]}",8728,265,31,1,79,54
16018,16130,ARS,CHARENTE,POITOU-CHARENTES,"Commune simple",20.0,1170.0,0.7,"45.6370134609, -0.402334253854","{""type"": ""Polygon"", ""coordinates"": [[[-0.405745276175033, 45.619268148099145], [-0.415141974303279, 45.61709941081049], [-0.431923615566837, 45.62447513662823], [-0.408930048642621, 45.65618888150883], [-0.395830853101674, 45.65259210960534], [-0.382381928759974, 45.65543972305394], [-0.38129825428427, 45.65537314660848], [-0.373707497242828, 45.64744417357488], [-0.387369233991475, 45.62668212283597], [-0.405745276175033, 45.619268148099145]]]}",20080,018,33,2,16,54
08164,08400,FALAISE,ARDENNES,CHAMPAGNE-ARDENNE,"Commune simple",131.0,955.0,0.3,"49.383860062, 4.7411656616","{""type"": ""Polygon"", ""coordinates"": [[[4.742935218836045, 49.36837042794127], [4.729401114118295, 49.36588551793421], [4.715318011224596, 49.37499604207534], [4.715318292654867, 49.39155684913393], [4.740716317763964, 49.39276735050252], [4.763187849022656, 49.40059638867077], [4.775968649993509, 49.392902202895954], [4.762298920010528, 49.3822593073698], [4.752299620257813, 49.38059746969282], [4.742935218836045, 49.36837042794127]]]}",9962,164,31,4,08,21
2B097,20226,COSTA,HAUTE-CORSE,CORSE,"Commune simple",297.0,108.0,0.1,"42.5761332368, 8.99907803384","{""type"": ""Polygon"", ""coordinates"": [[[9.004393337698545, 42.56896555352766], [8.999903306362828, 42.56847901042361], [8.9943572943486, 42.57373164779044], [8.996031849428503, 42.583600113478305], [8.999952558078501, 42.585300021244926], [9.004393337698545, 42.56896555352766]]]}",17032,097,05,5,2B,94
45269,45130,SAINT-AY,LOIRET,CENTRE,"Commune simple",100.0,1040.0,3.1,"47.8651975362, 1.74675988816","{""type"": ""Polygon"", ""coordinates"": [[[1.735379526156856, 47.84706106524336], [1.719233883709847, 47.858965346720765], [1.717659625408252, 47.864897845212774], [1.735068536023674, 47.88147756229098], [1.743826163924246, 47.8851449709395], [1.748452880353712, 47.87562644046546], [1.776683526390075, 47.87265678523783], [1.781223646835049, 47.871272884666105], [1.784017200680249, 47.864947230378306], [1.735379526156856, 47.84706106524336]]]}",21520,269,18,2,45,24
59459,59494,PETITE-FORET,NORD,NORD-PAS-DE-CALAIS,"Commune simple",38.0,457.0,4.9,"50.3747760096, 3.47594179576","{""type"": ""Polygon"", ""coordinates"": [[[3.477084925031845, 50.362172931599176], [3.471137159470955, 50.362501025229605], [3.460487805517101, 50.375173012754004], [3.461091607488274, 50.381338445519646], [3.47254719460993, 50.388701687177274], [3.495487957447097, 50.3739422306822], [3.490189835117359, 50.369016603410884], [3.477084925031845, 50.362172931599176]]]}",21683,459,66,6,59,31
19128,19200,MARGERIDES,CORREZE,LIMOUSIN,"Commune simple",653.0,1194.0,0.3,"45.4564248108, 2.41560570074","{""type"": ""Polygon"", ""coordinates"": [[[2.400426358691936, 45.432328208292574], [2.401686821859711, 45.43523449985667], [2.385800730682907, 45.43876858068862], [2.39001462066049, 45.45573874704833], [2.403986610236826, 45.46528697194329], [2.433731777641809, 45.47612078878933], [2.437693369082721, 45.47800471464067], [2.447699611108913, 45.47061638534081], [2.442421012928673, 45.46480916647428], [2.440553647807777, 45.454543352579655], [2.411745015119301, 45.44321196879339], [2.400426358691936, 45.432328208292574]]]}",6559,128,05,3,19,74
79172,79310,MAZIERES-EN-GATINE,DEUX-SEVRES,POITOU-CHARENTES,"Chef-lieu canton",184.0,1914.0,1.0,"46.5207504336, -0.323592605264","{""type"": ""Polygon"", ""coordinates"": [[[-0.342424522731773, 46.4859915975145], [-0.346942192003327, 46.48667948843723], [-0.357761637264844, 46.50408990895875], [-0.358051315445473, 46.51069667251999], [-0.324500947310222, 46.533766929456924], [-0.31624279951006, 46.55663678764384], [-0.288619787174, 46.563265089985585], [-0.284581565479827, 46.55004302837486], [-0.310372105121325, 46.534645462729856], [-0.311000719909782, 46.520712153407125], [-0.315636436343999, 46.51471973124065], [-0.307642183732882, 46.49851272156572], [-0.332810880680548, 46.48710159939005], [-0.342424522731773, 46.4859915975145]]]}",6799,172,15,3,79,54
33069,33110,"LE BOUSCAT",GIRONDE,AQUITAINE,"Chef-lieu canton",15.0,527.0,23.3,"44.8661298323, -0.602121558626","{""type"": ""Polygon"", ""coordinates"": [[[-0.576088741405754, 44.869188961886216], [-0.576460196561935, 44.86567107625343], [-0.594609393856875, 44.8542152658717], [-0.616301765684788, 44.86227970331022], [-0.631051278917787, 44.871658097694564], [-0.62237316354054, 44.87682671032941], [-0.611168524144293, 44.87152279982787], [-0.597760467520652, 44.87332826112647], [-0.576088741405754, 44.869188961886216]]]}",33089,069,54,2,33,72
49361,49730,VARENNES-SUR-LOIRE,MAINE-ET-LOIRE,"PAYS DE LA LOIRE","Commune simple",27.0,2345.0,1.9,"47.247861704, 0.0416546487257","{""type"": ""Polygon"", ""coordinates"": [[[0.072450517094651, 47.21987816399734], [0.06276948633516, 47.221119582159304], [0.058876089079894, 47.219047846842365], [0.04346342143582, 47.22736720846702], [0.02233814174563, 47.23342083940757], [0.003456561873565, 47.24208735085869], [-0.007864780462145, 47.24582115604138], [0.002921993042662, 47.257605164705694], [0.00386052708761, 47.26782763503659], [0.032044936990878, 47.26555252702352], [0.041078074336859, 47.26758517125868], [0.050817476924105, 47.26520272812673], [0.080109649996407, 47.2716916231865], [0.07636724308767, 47.2519313092447], [0.069096031236322, 47.243333474254335], [0.07383775512893, 47.23350756531562], [0.072450517094651, 47.21987816399734]]]}",10251,361,27,3,49,52
52060,52400,BOURBONNE-LES-BAINS,HAUTE-MARNE,CHAMPAGNE-ARDENNE,"Chef-lieu canton",320.0,6513.0,2.3,"47.9441089031, 5.7418695819","{""type"": ""Polygon"", ""coordinates"": [[[5.751025091399249, 47.907976409965876], [5.723963167715241, 47.90548272628762], [5.722077996598532, 47.908417051996594], [5.723831942975671, 47.91153711245373], [5.706109213566119, 47.91726882801304], [5.69780861894845, 47.92473571727505], [5.698310367322208, 47.92643509762752], [5.696207660455251, 47.93963029704346], [5.677229531279686, 47.94250460766597], [5.669083260958506, 47.951064205309905], [5.659393844561125, 47.95269761792514], [5.664769872527645, 47.962318658147275], [5.683755495893345, 47.97850888938257], [5.697512684623037, 47.981624721885076], [5.716478011860128, 47.972489620275866], [5.734601338005996, 47.97808448566852], [5.744642484310308, 47.97697702282316], [5.769479986441174, 47.98058169775817], [5.778492027788895, 47.97800978811229], [5.788412212547049, 47.952696201897446], [5.805267742224173, 47.946972975353894], [5.814578217469702, 47.93955517548346], [5.811732921405735, 47.926079510653054], [5.816667521410962, 47.92009882954037], [5.810388941294568, 47.9148731264256], [5.796564229640667, 47.91028637131845], [5.786434329021065, 47.911742942743174], [5.751025091399249, 47.907976409965876]]]}",2476,060,04,2,52,21
65345,65100,OSSUN-EZ-ANGLES,HAUTES-PYRENEES,MIDI-PYRENEES,"Commune simple",617.0,219.0,0.0,"43.0795108469, 0.0566869335969","{""type"": ""Polygon"", ""coordinates"": [[[0.057332337689399, 43.06825381665389], [0.047385435848377, 43.07265260085172], [0.04717598854492, 43.07555395755225], [0.057225758523482, 43.09207474026795], [0.066696763629879, 43.08379180603433], [0.057332337689399, 43.06825381665389]]]}",24927,345,12,1,65,73
31566,31290,VALLEGUE,HAUTE-GARONNE,MIDI-PYRENEES,"Commune simple",224.0,422.0,0.5,"43.4256721332, 1.75444745111","{""type"": ""Polygon"", ""coordinates"": [[[1.763500828224202, 43.416637789511356], [1.747065747007554, 43.41750163884534], [1.739397625112948, 43.420453861764805], [1.733138524798719, 43.4277769203215], [1.737733468091985, 43.42991802061232], [1.745109866817568, 43.4336117898109], [1.758737200864795, 43.429764807301375], [1.761007609610852, 43.43498245249125], [1.769142775399704, 43.43332063100406], [1.775440356242324, 43.42864124090126], [1.774497994275508, 43.42535545452706], [1.765917114977882, 43.42310761312718], [1.763500828224202, 43.416637789511356]]]}",22819,566,38,3,31,73
55163,55160,DONCOURT-AUX-TEMPLIERS,MEUSE,LORRAINE,"Commune simple",213.0,616.0,0.1,"49.0599218489, 5.7217872725","{""type"": ""Polygon"", ""coordinates"": [[[5.712930258985931, 49.046573728463684], [5.710341702639768, 49.04916031555497], [5.70163429412896, 49.04727825394887], [5.695143120014568, 49.05168862138761], [5.702786774361285, 49.06046865590255], [5.718175349050022, 49.06962199736711], [5.737821744879058, 49.072936526091055], [5.742715412098409, 49.0727709251509], [5.745101396838628, 49.063260720793224], [5.744998447192728, 49.05976326958162], [5.712930258985931, 49.046573728463684]]]}",27131,163,09,3,55,41
67482,67000/67100/67200,STRASBOURG,BAS-RHIN,ALSACE,"Préfecture de région",139.0,7809.0,271.7,"48.5712679849, 7.76752679517","{""type"": ""Polygon"", ""coordinates"": [[[7.770759941680215, 48.492024060211826], [7.757591894130548, 48.493192660303606], [7.753780243043053, 48.49541825508409], [7.759845927257846, 48.500843833014244], [7.758689780294798, 48.507676420874915], [7.763251687044882, 48.51384705377743], [7.755974934301014, 48.53993135653273], [7.730267730649802, 48.55115930460323], [7.73060674702631, 48.55806678470948], [7.722325367442757, 48.56212703010788], [7.704010419381375, 48.557590809917656], [7.69722587316698, 48.5633742218569], [7.701537976629667, 48.56830414255805], [7.690573011854068, 48.5841286758861], [7.688051839372122, 48.59813231201894], [7.708654281311162, 48.60394148019795], [7.718473437432994, 48.605850148551774], [7.737246873757357, 48.59964289435211], [7.752658370157757, 48.6002895144589], [7.766127031913096, 48.6055538792983], [7.770761284373984, 48.61554210569413], [7.784037480448622, 48.62086639714262], [7.788735780915501, 48.62704854193771], [7.799195889673413, 48.626672100923955], [7.802789497552761, 48.62923958693854], [7.793407228857268, 48.63618737976019], [7.79598866052657, 48.64209404609229], [7.809963778653829, 48.6442695368999], [7.812847279680859, 48.63792592898151], [7.825959444874657, 48.63311428203438], [7.835922776649396, 48.633674012774826], [7.83043164848207, 48.62000980380233], [7.804846555448397, 48.593046285470685], [7.80015731282698, 48.582953097489046], [7.805246971781056, 48.56205571937905], [7.804888560666583, 48.51303413664003], [7.793330379286201, 48.50130757517304], [7.770759941680215, 48.492024060211826]]]}",13799,482,99,8,67,42
58078,58270,CIZELY,NIEVRE,BOURGOGNE,"Commune simple",258.0,713.0,0.1,"46.9834200347, 3.46889795447","{""type"": ""Polygon"", ""coordinates"": [[[3.496114729753312, 46.99107486820711], [3.489664410648763, 46.977705047084086], [3.484955226819318, 46.97627535417858], [3.454835492784146, 46.972121316702186], [3.44205710773974, 46.97779824502783], [3.435780682642741, 46.985772285829626], [3.449852270486951, 46.98816725644135], [3.464836907067622, 46.986424196069166], [3.477664425104968, 46.99676194056657], [3.486882691301542, 46.996021140901405], [3.496114729753312, 46.99107486820711]]]}",26510,078,21,3,58,26
38155,38380,ENTRE-DEUX-GUIERS,ISERE,RHONE-ALPES,"Commune simple",497.0,1053.0,1.7,"45.4156254861, 5.75636251084","{""type"": ""Polygon"", ""coordinates"": [[[5.776077842624781, 45.38659021649201], [5.756937682502651, 45.40209165791643], [5.743242874869995, 45.405527225584144], [5.742418485188075, 45.415782750692735], [5.73891990831557, 45.41825595225015], [5.729527843459637, 45.41822379186442], [5.739987722868732, 45.43758333530782], [5.75765794700016, 45.434924606679054], [5.767670431291957, 45.42756889073406], [5.76718219842513, 45.414164905362476], [5.782697250684141, 45.40593289235271], [5.777043114580464, 45.40028867224525], [5.776077842624781, 45.38659021649201]]]}",2583,155,29,1,38,82
08356,08220,REMAUCOURT,ARDENNES,CHAMPAGNE-ARDENNE,"Commune simple",146.0,1083.0,0.2,"49.6012128351, 4.23209127771","{""type"": ""Polygon"", ""coordinates"": [[[4.244844573579944, 49.580348974195005], [4.233504805113936, 49.58760988200655], [4.217596953334991, 49.58661999746935], [4.207562180841928, 49.5890389832492], [4.20181049103428, 49.5949199473055], [4.215347987051557, 49.605489316514074], [4.228087462969197, 49.62409081293398], [4.234235497486745, 49.6185732581407], [4.249839766872279, 49.61803630836692], [4.254788614211866, 49.60828790820711], [4.250229271874196, 49.59428743022774], [4.250896344510148, 49.5881869594243], [4.244844573579944, 49.580348974195005]]]}",34684,356,07,2,08,21
38465,38510,SAINT-VICTOR-DE-MORESTEL,ISERE,RHONE-ALPES,"Commune simple",231.0,1320.0,1.1,"45.7025522178, 5.49814056561","{""type"": ""Polygon"", ""coordinates"": [[[5.498995429118192, 45.677381664469756], [5.464340355140837, 45.69716389054281], [5.468051242714262, 45.7036864291391], [5.483020597146218, 45.712619068899535], [5.487105894031766, 45.71080818739418], [5.499910864189979, 45.71528175735971], [5.517508747913713, 45.73118804823891], [5.527274723078909, 45.71546418310202], [5.510068345479998, 45.692838756111016], [5.509457166615719, 45.68616740398062], [5.498995429118192, 45.677381664469756]]]}",19049,465,19,2,38,82
24051,24130,BOSSET,DORDOGNE,AQUITAINE,"Commune simple",114.0,1465.0,0.2,"44.9518343801, 0.362233138174","{""type"": ""Polygon"", ""coordinates"": [[[0.368986133511458, 44.931051031887044], [0.358583811887391, 44.94215510590828], [0.348855731595656, 44.94159916481099], [0.33742074323903, 44.93505574184667], [0.328993136414683, 44.942105531376676], [0.332436861841819, 44.95130509432793], [0.332069330190716, 44.960359100246556], [0.350109971284267, 44.963367059671455], [0.364500758863598, 44.975753728740095], [0.368863235770588, 44.96988427720326], [0.377856149079379, 44.96808778169613], [0.381541014552119, 44.96201272915964], [0.394421597170074, 44.95925243293213], [0.395124142251055, 44.95287283674], [0.390654075884656, 44.95187615372972], [0.382084108312189, 44.934089966973474], [0.368986133511458, 44.931051031887044]]]}",26637,051,16,1,24,72
83149,83690,VILLECROZE,VAR,"PROVENCE-ALPES-COTE D'AZUR","Commune simple",344.0,2092.0,1.1,"43.564445349, 6.28543419016","{""type"": ""Polygon"", ""coordinates"": [[[6.30574810216009, 43.53644945343203], [6.289099726003712, 43.537531848609355], [6.257426407316045, 43.567897910876866], [6.245319240784094, 43.58703624530431], [6.26707138071009, 43.594389552272816], [6.31229339641882, 43.564508261821075], [6.325860762400612, 43.56205810651745], [6.321130728796572, 43.54858691630557], [6.312718479261036, 43.54548514029922], [6.30574810216009, 43.53644945343203]]]}",28618,149,23,1,83,93
38254,38770,MONTEYNARD,ISERE,RHONE-ALPES,"Commune simple",865.0,1129.0,0.5,"44.9804441631, 5.70223795368","{""type"": ""Polygon"", ""coordinates"": [[[5.724510906224773, 44.99168972029724], [5.711249255371944, 44.965581339487876], [5.699616511511353, 44.95460326207436], [5.694691858660081, 44.95509211314213], [5.695137383157874, 44.95828847428339], [5.683830816282279, 44.9635619187796], [5.684818773203678, 44.969880308655355], [5.679631047867043, 44.97471708297742], [5.692602638908382, 44.99954773076414], [5.709588577835316, 44.996847023370506], [5.716537322462038, 45.00398391755982], [5.726452063400915, 44.997921502282495], [5.724510906224773, 44.99168972029724]]]}",22726,254,20,1,38,82
79197,79390,OROUX,DEUX-SEVRES,POITOU-CHARENTES,"Commune simple",164.0,664.0,0.1,"46.6902823818, -0.0938579683212","{""type"": ""Polygon"", ""coordinates"": [[[-0.077142308746099, 46.67924556867827], [-0.089831855420108, 46.67400231351596], [-0.09924974949622, 46.67638839125242], [-0.102896392383146, 46.68247140704462], [-0.11986670303167, 46.68841792965587], [-0.108145091004719, 46.69159272440658], [-0.104213991205842, 46.703692967653716], [-0.100613290146885, 46.70578178906901], [-0.086724166589228, 46.70478664447402], [-0.078527446534768, 46.70137546431804], [-0.081632268392375, 46.69515560857679], [-0.077142308746099, 46.67924556867827]]]}",22190,197,30,3,79,54
47107,47190,GALAPIAN,LOT-ET-GARONNE,AQUITAINE,"Commune simple",104.0,940.0,0.3,"44.2992744201, 0.411455620823","{""type"": ""Polygon"", ""coordinates"": [[[0.430963572887542, 44.29171339775271], [0.416149555874064, 44.27891066514192], [0.403870474803306, 44.28397985291454], [0.401006889335529, 44.289288833130826], [0.388539451147384, 44.3021783991332], [0.389363193160336, 44.30526010066674], [0.403542254835574, 44.31250373012206], [0.400674612213124, 44.31841613577974], [0.419120401455821, 44.314446638631985], [0.426880734393766, 44.31122420923375], [0.430157900894402, 44.30533880072912], [0.425039068470882, 44.30040973198259], [0.430963572887542, 44.29171339775271]]]}",33403,107,27,1,47,72
56058,56130,FEREL,MORBIHAN,BRETAGNE,"Commune simple",30.0,3010.0,2.9,"47.4873744391, -2.34002198542","{""type"": ""Polygon"", ""coordinates"": [[[-2.298099260844231, 47.51547608333877], [-2.300480175292295, 47.49813586678898], [-2.313425848226627, 47.48306493997613], [-2.316133207568759, 47.462515071860594], [-2.355923423453757, 47.45597901647713], [-2.367223052452393, 47.46319020606284], [-2.377583819574236, 47.4627565393759], [-2.37505789583744, 47.47323132741145], [-2.379007033740889, 47.49740067282233], [-2.358060791027473, 47.50757908754287], [-2.349323651734011, 47.51527105438074], [-2.330840552999576, 47.510615686715795], [-2.309125286930553, 47.51828464960987], [-2.298099260844231, 47.51547608333877]]]}",11414,058,31,3,56,53
63076,63980,CHAMBON-SUR-DOLORE,PUY-DE-DOME,AUVERGNE,"Commune simple",1031.0,1970.0,0.2,"45.4970592625, 3.62526275053","{""type"": ""Polygon"", ""coordinates"": [[[3.659229845725091, 45.4856627974563], [3.623407245199444, 45.47626820220784], [3.609599963576628, 45.480090088065595], [3.59991814519119, 45.478476345662244], [3.590429812532887, 45.480561765942106], [3.588540071720523, 45.48342624319485], [3.579610091266055, 45.48270729305022], [3.585131095737947, 45.49521347480865], [3.619449670241765, 45.508185602914246], [3.617167094430354, 45.51483482463163], [3.625609061645398, 45.51834508186971], [3.632416207463444, 45.531184091665416], [3.642193765586282, 45.52801289591982], [3.644518544500312, 45.51197069526482], [3.654917486861064, 45.50536390792952], [3.655223444159438, 45.498734456298564], [3.663160417817071, 45.497490195695676], [3.659229845725091, 45.4856627974563]]]}",27581,076,41,1,63,83
33316,33790,PELLEGRUE,GIRONDE,AQUITAINE,"Chef-lieu canton",91.0,3806.0,1.0,"44.7382200976, 0.0952560866567","{""type"": ""Polygon"", ""coordinates"": [[[0.094995357151696, 44.7006138721909], [0.090599061548304, 44.70648936261498], [0.082423031249806, 44.709706577366276], [0.079600072947749, 44.71590244364076], [0.054547203378035, 44.724301893489745], [0.060972086602304, 44.74065320037473], [0.051347934044856, 44.74797417530922], [0.049511321006764, 44.75454711819953], [0.051773230320421, 44.76422031481725], [0.026926058204457, 44.77493525909594], [0.023957444187231, 44.776774592896054], [0.036659191393852, 44.77985387955099], [0.047160615349448, 44.77379157360012], [0.064645668034079, 44.77005780953286], [0.07798324207062, 44.76577960004581], [0.108337830770134, 44.74357581505227], [0.121790665304895, 44.76155692243383], [0.129326976296716, 44.76577049239608], [0.13842610206271, 44.755699605941516], [0.145864605980443, 44.7526302818995], [0.148191396796683, 44.74588848780698], [0.145642720382452, 44.739066160191754], [0.141196719298845, 44.73751004934315], [0.136039106155439, 44.71120599215679], [0.130843089161497, 44.70557602840411], [0.124249362838447, 44.7105129247358], [0.115090565926331, 44.711734029506594], [0.106675781285235, 44.70855044147894], [0.105025770876278, 44.70182265967932], [0.100332313108899, 44.70097906574703], [0.094995357151696, 44.7006138721909]]]}",2571,316,34,3,33,72
24253,24340,MAREUIL,DORDOGNE,AQUITAINE,"Chef-lieu canton",156.0,2621.0,1.1,"45.4407517575, 0.447904772653","{""type"": ""Polygon"", ""coordinates"": [[[0.47081129457187, 45.40836464008547], [0.459800503906923, 45.409169670969206], [0.447132806337451, 45.41401709195449], [0.432737098287084, 45.413850422652274], [0.424720566827739, 45.4170810450548], [0.417438571402552, 45.4215533206411], [0.408108448536458, 45.43699635543818], [0.412976168749849, 45.43634297729811], [0.424168231522933, 45.45191663329171], [0.45053386153764, 45.472348602768335], [0.445448118484083, 45.477962866086884], [0.44758424922955, 45.48442613956399], [0.470511888975557, 45.46780067170864], [0.48392044292773, 45.46519223260601], [0.483361194638317, 45.46481931950959], [0.464622428893269, 45.44479321235442], [0.475302671785423, 45.42550225202504], [0.47081129457187, 45.40836464008547]]]}",2691,253,19,2,24,72
27423,27650,MUZY,EURE,HAUTE-NORMANDIE,"Commune simple",111.0,904.0,0.8,"48.7781253842, 1.32569756656","{""type"": ""Polygon"", ""coordinates"": [[[1.355771873045039, 48.77904722484704], [1.327389351456727, 48.76043646118913], [1.313623275566655, 48.76410214083619], [1.311366140879165, 48.76488888281067], [1.309515180401881, 48.77456034535576], [1.294674264455643, 48.783471259989184], [1.293897572666159, 48.78682463014401], [1.301780521519981, 48.79057125135732], [1.309838000354598, 48.78728508002661], [1.329365432757912, 48.79137392004773], [1.334130753316917, 48.79009108993444], [1.34846368725418, 48.787609332973396], [1.356386403233202, 48.77941551250938], [1.355771873045039, 48.77904722484704]]]}",34994,423,25,3,27,23
30290,30130,SAINT-PAULET-DE-CAISSON,GARD,LANGUEDOC-ROUSSILLON,"Commune simple",113.0,1680.0,1.8,"44.2607888624, 4.58682211598","{""type"": ""Polygon"", ""coordinates"": [[[4.554162917169752, 44.23938016390103], [4.551836192234982, 44.241762799815724], [4.552711836780233, 44.25179759392905], [4.560649365503596, 44.264415220564146], [4.603621749192727, 44.28435043439325], [4.605465459764018, 44.2910398624953], [4.616625219902814, 44.2779927818901], [4.612188167385602, 44.252390242608605], [4.605823477472472, 44.24790995920865], [4.563284066804673, 44.240907227362115], [4.554162917169752, 44.23938016390103]]]}",30755,290,20,2,30,91
39413,39370,"LA PESSE",JURA,FRANCHE-COMTE,"Commune simple",1202.0,2427.0,0.4,"46.286468541, 5.85238812673","{""type"": ""Polygon"", ""coordinates"": [[[5.82626185816283, 46.261714682062724], [5.818279719118344, 46.262867761358926], [5.818230395899427, 46.279826772118184], [5.825026651182611, 46.29618362024537], [5.832270333456528, 46.3010135418032], [5.833619602060145, 46.31777562559907], [5.840559682741926, 46.3164404162067], [5.86026759259969, 46.30636893789083], [5.873630887637807, 46.310276583419316], [5.882860282936268, 46.307511330564076], [5.879981678125561, 46.29877165583564], [5.894626750237938, 46.286614179218795], [5.877559002927529, 46.26902534938407], [5.86918744284006, 46.26498364167058], [5.864676506058381, 46.2708911677296], [5.85065863164149, 46.261700846384706], [5.82626185816283, 46.261714682062724]]]}",2947,413,05,3,39,43
01335,01240,SAINT-ANDRE-LE-BOUCHOUX,AIN,RHONE-ALPES,"Commune simple",268.0,929.0,0.3,"46.1131399612, 5.0802376895","{""type"": ""Polygon"", ""coordinates"": [[[5.091848684252167, 46.094304084638125], [5.079110945152354, 46.099168310889745], [5.064690755406605, 46.10067468884524], [5.055312648882177, 46.09852087275137], [5.050153447073187, 46.106694307113905], [5.059274125483242, 46.109204551109976], [5.07260815809767, 46.127581355473815], [5.092634071477521, 46.12715097010523], [5.103091751921868, 46.13364173201803], [5.103723123341948, 46.11935223600698], [5.090660786047602, 46.104595153789084], [5.091848684252167, 46.094304084638125]]]}",21810,335,10,2,01,82
71102,71100,"LA CHARMEE",SAONE-ET-LOIRE,BOURGOGNE,"Commune simple",196.0,1419.0,0.7,"46.7214775415, 4.79585753439","{""type"": ""Polygon"", ""coordinates"": [[[4.813915550370664, 46.698159018225624], [4.801499796044877, 46.70350631824799], [4.78776621163435, 46.70071293388424], [4.779168435097265, 46.708799220818456], [4.777982745718362, 46.71537425124707], [4.773550061216885, 46.713965779797476], [4.764934316464636, 46.72162788988917], [4.780258684538041, 46.73327066955211], [4.778335867765745, 46.742549977885034], [4.785227041248507, 46.74653194310295], [4.793787856097043, 46.74668676094656], [4.808704596658733, 46.73940980707788], [4.813162110516553, 46.74029419489379], [4.805414374782505, 46.73147288991563], [4.805125312134703, 46.72474963000853], [4.808231448181576, 46.722061859100144], [4.818032788382299, 46.72339312605664], [4.827257757678344, 46.72081491045645], [4.820515992738199, 46.70800670046157], [4.815796180502843, 46.700768184709666], [4.813915550370664, 46.698159018225624]]]}",21951,102,07,2,71,26
80830,80135,YAUCOURT-BUSSUS,SOMME,PICARDIE,"Commune simple",82.0,712.0,0.2,"50.106026331, 1.97674033898","{""type"": ""Polygon"", ""coordinates"": [[[1.968023587085205, 50.09090164112778], [1.962107460305292, 50.095522275399006], [1.958500083694661, 50.10734754190695], [1.964828094883117, 50.119597983321924], [1.976950891621873, 50.12525008571467], [1.98831027145132, 50.120970246946854], [1.984172450615046, 50.11134387545565], [1.992004191212826, 50.10659431210528], [2.000184621630058, 50.09398811626362], [1.968023587085205, 50.09090164112778]]]}",17726,830,04,1,80,22
56012,56380,BEIGNON,MORBIHAN,BRETAGNE,"Commune simple",116.0,2498.0,1.6,"47.9655803913, -2.1804139894","{""type"": ""Polygon"", ""coordinates"": [[[-2.170746919689506, 47.93985066912616], [-2.202474552240228, 47.93927805705111], [-2.212518380897645, 47.9416372616573], [-2.207973842279884, 47.95808225237858], [-2.217228352054012, 47.969973199486375], [-2.214429619454563, 47.99323994456298], [-2.20979977584762, 47.99479819041977], [-2.190894187206902, 47.98944834251601], [-2.176779773331207, 47.97988928908634], [-2.146602905135802, 47.98394817187102], [-2.138402854664334, 47.97973493209554], [-2.12249524629906, 47.963863363489004], [-2.152799580243833, 47.96356532367725], [-2.156915192494112, 47.96142759181943], [-2.156809236762049, 47.944756862379634], [-2.170746919689506, 47.93985066912616]]]}",5076,012,13,3,56,53
17038,17210,BEDENAC,CHARENTE-MARITIME,POITOU-CHARENTES,"Commune simple",69.0,4026.0,0.6,"45.1855001238, -0.31284209172","{""type"": ""Polygon"", ""coordinates"": [[[-0.313630081242115, 45.13764768664358], [-0.323244162850335, 45.1571340279342], [-0.338612737743331, 45.16620092627846], [-0.362699336995243, 45.170362120852175], [-0.35957881200818, 45.17672869548195], [-0.363743271656504, 45.18641765546595], [-0.35925230592216, 45.195862674487785], [-0.334247458125705, 45.211068075728555], [-0.31542425619568, 45.22214584624239], [-0.300698969729846, 45.22004967137025], [-0.291915965544085, 45.21685732722184], [-0.285050295827345, 45.20008991754096], [-0.272390567822939, 45.19462203994341], [-0.257828398320166, 45.19647190867529], [-0.262939335541848, 45.18687817450563], [-0.261728094614534, 45.176838337975894], [-0.275238086427669, 45.16691701905621], [-0.302221289310899, 45.15918230957507], [-0.30755056436836, 45.149588836553924], [-0.313630081242115, 45.13764768664358]]]}",2060,038,19,1,17,54
07347,07690,VOCANCE,ARDECHE,RHONE-ALPES,"Commune simple",757.0,1745.0,0.6,"45.1946478686, 4.56450150023","{""type"": ""Polygon"", ""coordinates"": [[[4.536138490411459, 45.1722387767012], [4.523449610078209, 45.19015417682017], [4.518693973582582, 45.190435103048465], [4.536190451613626, 45.1954191642172], [4.540463454820787, 45.201637414733696], [4.538011520294552, 45.20465216584626], [4.555408238718529, 45.205374872824535], [4.571323128956568, 45.21679685211211], [4.604493278645385, 45.2071121168926], [4.604394667513667, 45.20589771440208], [4.602005590231872, 45.19279218537398], [4.591020025460248, 45.186311834553315], [4.577853876544025, 45.18684091008457], [4.567115615740266, 45.18176870802722], [4.555238360509227, 45.175504591297546], [4.536138490411459, 45.1722387767012]]]}",6612,347,32,3,07,82
61051,61500,BOITRON,ORNE,BASSE-NORMANDIE,"Commune simple",179.0,1352.0,0.3,"48.5692964813, 0.265425741092","{""type"": ""Polygon"", ""coordinates"": [[[0.273902475410632, 48.55647871355074], [0.259092092373458, 48.55448205308582], [0.243654243282828, 48.5639182236812], [0.233249005440163, 48.562965511504515], [0.225268937711027, 48.56718106693182], [0.230517123563851, 48.58257794963111], [0.245724778804783, 48.58489318799053], [0.264435326353039, 48.57887136914594], [0.274329825710056, 48.58084463478689], [0.275127146957265, 48.584292160014776], [0.276875557209369, 48.584323192706556], [0.286014552950609, 48.57655745133228], [0.306212969751004, 48.568348978290196], [0.311382898767222, 48.564064643262135], [0.311094557365141, 48.558585701587084], [0.311164879053478, 48.55827226673658], [0.286201179575867, 48.55960431028904], [0.278618149485263, 48.55522760776436], [0.273902475410632, 48.55647871355074]]]}",8067,051,20,1,61,25
70127,70360,CHANTES,HAUTE-SAONE,FRANCHE-COMTE,"Commune simple",225.0,653.0,0.1,"47.6237829598, 5.92693390957","{""type"": ""Polygon"", ""coordinates"": [[[5.925582015839463, 47.608033700488825], [5.912127580537606, 47.61653973977045], [5.903647669926257, 47.61370656114563], [5.899369585057713, 47.615136958511584], [5.916375403327442, 47.62650373690601], [5.920083083226686, 47.6287619378169], [5.919592773774831, 47.63538545730681], [5.927271669876106, 47.6395706960199], [5.936994712726428, 47.64043445308494], [5.943161362525973, 47.63553238874487], [5.939200447656522, 47.61540181150588], [5.934680724175039, 47.60975985701069], [5.925582015839463, 47.608033700488825]]]}",20123,127,24,2,70,43
14555,14130,SAINT-ANDRE-D'HEBERTOT,CALVADOS,BASSE-NORMANDIE,"Commune simple",93.0,988.0,0.5,"49.3032209038, 0.291910061832","{""type"": ""Polygon"", ""coordinates"": [[[0.308998128358163, 49.283215667782486], [0.307742916836606, 49.28355644959866], [0.285806232150756, 49.29753750761318], [0.271266708744652, 49.301482140449586], [0.255743647540251, 49.30033866061752], [0.249532857831791, 49.30099782229473], [0.256027622130331, 49.30974459963626], [0.256661511872101, 49.31101825987081], [0.266521397592948, 49.311871539273056], [0.278815727491436, 49.31743807181637], [0.29815380615543, 49.31440949346912], [0.316021203137304, 49.31130919496194], [0.322438552770114, 49.296331989373584], [0.308998128358163, 49.283215667782486]]]}",5555,555,05,3,14,25
55175,55260,ERIZE-LA-BRULEE,MEUSE,LORRAINE,"Commune simple",320.0,1076.0,0.2,"48.846916203, 5.27496200343","{""type"": ""Polygon"", ""coordinates"": [[[5.246679707128253, 48.8281669853741], [5.242043473705981, 48.829045754392816], [5.238977556962635, 48.83507722897129], [5.25659407623754, 48.84942918939988], [5.2551703903668, 48.85905572861562], [5.286279581747902, 48.86481710991664], [5.306890683360116, 48.84124502171447], [5.310367528337966, 48.83204572516628], [5.276548081186384, 48.84122365454719], [5.252742363129111, 48.83381103980394], [5.246679707128253, 48.8281669853741]]]}",20303,175,25,1,55,41
11389,11580,TERROLES,AUDE,LANGUEDOC-ROUSSILLON,"Commune simple",662.0,690.0,0.0,"42.9913709572, 2.342696874","{""type"": ""Polygon"", ""coordinates"": [[[2.329359982863794, 42.97758650669937], [2.324135811135316, 42.9823294162577], [2.328681147551834, 42.994958045806776], [2.332895433660501, 42.996063512838994], [2.332906886823261, 43.00571391159123], [2.353757141236629, 43.00632683797618], [2.355530462970635, 42.99452867244006], [2.360251301017083, 42.989745229615636], [2.362031585937896, 42.982713783303105], [2.329359982863794, 42.97758650669937]]]}",22600,389,13,2,11,91
22244,22320,PLUSSULIEN,COTES-D'ARMOR,BRETAGNE,"Commune simple",204.0,2276.0,0.5,"48.2785043926, -3.0656896089","{""type"": ""Polygon"", ""coordinates"": [[[-3.07094258232088, 48.24982709251356], [-3.090503758527273, 48.25095781940091], [-3.087885893833841, 48.25612851902775], [-3.091786207720069, 48.26040334226448], [-3.086742581831607, 48.26633986075724], [-3.092212564211633, 48.27587610828044], [-3.092008599479266, 48.28625549009548], [-3.103218329020687, 48.29744427044121], [-3.096086514773914, 48.30218931482958], [-3.086441326889488, 48.30334546924302], [-3.072353457276483, 48.30011805320265], [-3.042653464271394, 48.30200214179968], [-3.04070024429886, 48.295595975073034], [-3.030829445877454, 48.288294974323755], [-3.020185828692896, 48.28118605903249], [-3.04213037867416, 48.2740281728859], [-3.051455074690617, 48.25132442687864], [-3.07094258232088, 48.24982709251356]]]}",8131,244,10,4,22,53
07223,07380,SAINT-CIRGUES-DE-PRADES,ARDECHE,RHONE-ALPES,"Commune simple",555.0,347.0,0.1,"44.6202111771, 4.27429398841","{""type"": ""Polygon"", ""coordinates"": [[[4.258931057795663, 44.60908789515992], [4.256309696250581, 44.6096669473349], [4.262551787499284, 44.621624810667015], [4.28360660150891, 44.63275416727217], [4.28815262230604, 44.633043446807], [4.285630264585492, 44.62694119630855], [4.289458206284113, 44.61735258327779], [4.258931057795663, 44.60908789515992]]]}",25571,223,23,1,07,82
44181,44270,SAINT-MEME-LE-TENU,LOIRE-ATLANTIQUE,"PAYS DE LA LOIRE","Commune simple",19.0,1834.0,1.1,"47.0327837093, -1.79729148418","{""type"": ""Polygon"", ""coordinates"": [[[-1.772738160680224, 47.024274290136546], [-1.783793638932077, 47.00615529339731], [-1.792997793512596, 47.0039329370335], [-1.806215912081306, 47.008442897202336], [-1.812939930193901, 47.020844661569015], [-1.83172768085563, 47.025615462776], [-1.821171266154537, 47.0376751290918], [-1.819685333461726, 47.04452031242692], [-1.815674962926204, 47.0508845288343], [-1.794816156409468, 47.06059262785914], [-1.79370398582605, 47.063967143463636], [-1.786070723665695, 47.059765024125895], [-1.780782379515209, 47.050441314534446], [-1.772560321516166, 47.046858101589905], [-1.775282388775946, 47.040494786645716], [-1.772738160680224, 47.024274290136546]]]}",3518,181,18,2,44,52
33266,33620,MARCENAIS,GIRONDE,AQUITAINE,"Commune simple",43.0,915.0,0.7,"45.0595596341, -0.344873421107","{""type"": ""Polygon"", ""coordinates"": [[[-0.338190104069132, 45.043875051571106], [-0.350592034730956, 45.045917646074486], [-0.362412441231281, 45.04736363606388], [-0.364912887571504, 45.054272422307875], [-0.35422332480894, 45.08167616788631], [-0.353486006839087, 45.082320201099215], [-0.334585571789397, 45.0704150502022], [-0.31966693978658, 45.049836089293706], [-0.338190104069132, 45.043875051571106]]]}",14361,266,44,1,33,72
83127,83870,SIGNES,VAR,"PROVENCE-ALPES-COTE D'AZUR","Commune simple",576.0,13337.0,2.8,"43.2776407451, 5.8571396222","{""type"": ""Polygon"", ""coordinates"": [[[5.93958936927158, 43.21596843879525], [5.915658304752995, 43.21731076442322], [5.878035700522824, 43.212632015061665], [5.868474200668562, 43.213381659131834], [5.859551522779347, 43.221566337338295], [5.860534736291923, 43.22501467779673], [5.846735073297446, 43.23920511596762], [5.806644973425974, 43.25051589283046], [5.765479969374595, 43.26849070658849], [5.760929375804439, 43.26734698960637], [5.762793877196327, 43.28235797830741], [5.772534829799334, 43.289696373875636], [5.772497379526013, 43.30019270485971], [5.778943844552956, 43.3132500124296], [5.779005685484713, 43.33063910585598], [5.799656129291542, 43.33741562895742], [5.817588341305072, 43.33945232624966], [5.83169453537111, 43.31756992434747], [5.845310935659967, 43.32742925986512], [5.854412662242165, 43.32945778061906], [5.875937596802184, 43.321946964018466], [5.894310097385658, 43.322959940655025], [5.903987035776721, 43.31533688683814], [5.923133097747398, 43.31582902653238], [5.925947599929932, 43.31007265818468], [5.933557169235599, 43.30748087312821], [5.935742159439233, 43.304396896461874], [5.930945426391607, 43.298783896910344], [5.93030641603111, 43.288395128246385], [5.935531517451065, 43.278720416487744], [5.929259815955324, 43.23044439539739], [5.93958936927158, 43.21596843879525]]]}",2395,127,03,2,83,93
70095,70160,BREUREY-LES-FAVERNEY,HAUTE-SAONE,FRANCHE-COMTE,"Commune simple",298.0,1953.0,0.6,"47.7448155296, 6.14540506475","{""type"": ""Polygon"", ""coordinates"": [[[6.161303916870287, 47.72045059785984], [6.156596650842578, 47.72008231429489], [6.154257188812153, 47.713939067874755], [6.14994830958916, 47.71262297585478], [6.140842186088334, 47.71437220798059], [6.13716070421451, 47.716677919499595], [6.140368820774448, 47.72309538258931], [6.137640613795626, 47.72958206125365], [6.128358411817967, 47.74134235602651], [6.118008778082647, 47.74680693595821], [6.115200813914185, 47.75952815876506], [6.10844367122951, 47.76299549618001], [6.111141876667531, 47.77212931473067], [6.123298643812011, 47.77482308976764], [6.134385569965507, 47.76863593955788], [6.152468616364088, 47.76918622925916], [6.161825336803246, 47.766330695005784], [6.162893134697682, 47.76294201630479], [6.162455665163988, 47.742992889430866], [6.18691556454696, 47.72036803054449], [6.185839737948111, 47.71443409139311], [6.165475159426972, 47.72213032865715], [6.161303916870287, 47.72045059785984]]]}",1313,095,20,2,70,43
38106,38220,CHOLONGE,ISERE,RHONE-ALPES,"Commune simple",1214.0,981.0,0.3,"45.00953005, 5.80042911012","{""type"": ""Polygon"", ""coordinates"": [[[5.792947380820148, 44.99201047735607], [5.78801137616502, 44.997936326503805], [5.77923748694605, 45.00024603433667], [5.775451384220331, 45.017115931606234], [5.794416539369871, 45.0189116862765], [5.805885586781171, 45.029272322458915], [5.823102915969325, 45.01343962605137], [5.82626089888463, 45.004791388823755], [5.792947380820148, 44.99201047735607]]]}",15237,106,20,1,38,82
63084,63450,CHANONAT,PUY-DE-DOME,AUVERGNE,"Commune simple",624.0,1271.0,1.6,"45.6953181074, 3.08324914721","{""type"": ""Polygon"", ""coordinates"": [[[3.099765837093041, 45.68049016219021], [3.057402449866426, 45.68467995204583], [3.050468518785046, 45.68873545180505], [3.048405298391172, 45.69487766343047], [3.04063357469864, 45.69817650934904], [3.045434261134133, 45.70720654535596], [3.05394509305354, 45.70961609524343], [3.063319304515405, 45.702047137803824], [3.087217868748715, 45.698735397986], [3.100602991075117, 45.70286647844379], [3.09996581090598, 45.71297050263603], [3.101835462255365, 45.71612953767161], [3.106707829978629, 45.716341147431805], [3.116680128403159, 45.70880319538154], [3.117866443164107, 45.69853641609125], [3.112305087212081, 45.69367947245729], [3.112066037894157, 45.683504226377096], [3.099765837093041, 45.68049016219021]]]}",9166,084,37,2,63,83
61023,61160,BAILLEUL,ORNE,BASSE-NORMANDIE,"Commune simple",174.0,1689.0,0.6,"48.8108648094, -0.0236048546803","{""type"": ""Polygon"", ""coordinates"": [[[-0.03142344754593, 48.79104931867169], [-0.053235369912514, 48.80204130703351], [-0.054043876010225, 48.80816788380647], [-0.055432655988361, 48.82163280180136], [-0.056176054943002, 48.82849895085364], [-0.051367910464607, 48.834849871418044], [-0.045178667217282, 48.83205565159699], [-0.009507350763571, 48.821753989125924], [-0.001564979718019, 48.82347470540919], [0.011131530417603, 48.81859989791175], [0.01249677077092, 48.802866000411576], [0.002221507835057, 48.792006429683546], [-0.017192575458728, 48.79511774486093], [-0.03142344754593, 48.79104931867169]]]}",30595,023,35,2,61,25
38440,38870,SAINT-PIERRE-DE-BRESSIEUX,ISERE,RHONE-ALPES,"Commune simple",565.0,2322.0,0.7,"45.301403987, 5.29999858329","{""type"": ""Polygon"", ""coordinates"": [[[5.332600775384203, 45.27794443290654], [5.294612553660942, 45.28187433373599], [5.268772831375927, 45.27307825556294], [5.260587078181858, 45.2760275478295], [5.273464615295627, 45.29114324200499], [5.275561068451223, 45.297478347533755], [5.269807242297751, 45.312891031501465], [5.271124397861724, 45.31920602747757], [5.283950821668175, 45.319062056842235], [5.286250270727412, 45.32188870964531], [5.295379411311519, 45.320629836217414], [5.297399421288302, 45.323786302027976], [5.292571603419774, 45.33337998428356], [5.297398714855937, 45.33398364564853], [5.309349119274926, 45.3286480224765], [5.323425153034313, 45.3311582594563], [5.324476301138732, 45.32176777133402], [5.321881846135037, 45.30915596583406], [5.328652700584032, 45.306213648319705], [5.332600775384203, 45.27794443290654]]]}",1851,440,26,1,38,82
67359,67590,OHLUNGEN,BAS-RHIN,ALSACE,"Commune simple",179.0,834.0,1.4,"48.8121908123, 7.69421854068","{""type"": ""Polygon"", ""coordinates"": [[[7.661822853871381, 48.79635070618068], [7.65702665459102, 48.79914160118556], [7.655968002700121, 48.80102980228356], [7.678849027612913, 48.80903662682334], [7.689720810649773, 48.82464690023439], [7.713018615288693, 48.83240602967834], [7.718141662071639, 48.80656252406953], [7.695406842904066, 48.801602498967256], [7.661822853871381, 48.79635070618068]]]}",32560,359,09,2,67,42
34098,34210,FERRALS-LES-MONTAGNES,HERAULT,LANGUEDOC-ROUSSILLON,"Commune simple",646.0,2556.0,0.1,"43.4188135877, 2.6417753577","{""type"": ""Polygon"", ""coordinates"": [[[2.62921465597082, 43.37754742168234], [2.630907351683431, 43.39824484286161], [2.623721177240832, 43.40288027344214], [2.624540632084391, 43.40966647155351], [2.61942878865317, 43.41945486868329], [2.602190927055542, 43.43133146613219], [2.60637129164765, 43.43199449431096], [2.608844772406401, 43.44041536550908], [2.617648205004721, 43.43853048461981], [2.644566962776942, 43.4579201722703], [2.648311506350833, 43.445417865428475], [2.666666010524771, 43.43165696737019], [2.67359365577185, 43.405156238263956], [2.666413298011097, 43.40071710409518], [2.664749731234718, 43.39400064480663], [2.650921583066586, 43.391734840756975], [2.646121558190582, 43.38590760950354], [2.62921465597082, 43.37754742168234]]]}",10706,098,27,1,34,91
07346,07220,VIVIERS,ARDECHE,RHONE-ALPES,"Chef-lieu canton",165.0,3381.0,3.9,"44.4834547319, 4.66986126314","{""type"": ""Polygon"", ""coordinates"": [[[4.675977738356266, 44.43670153596204], [4.668049963552956, 44.440603476995484], [4.670221499591208, 44.45072705135846], [4.66229668986784, 44.46678392103481], [4.638671091519869, 44.46418430323667], [4.63301955889596, 44.46962551432798], [4.619959395893371, 44.46538824471895], [4.624270336331095, 44.47277107639877], [4.6289509798179, 44.473305292416065], [4.645032438486579, 44.4900931817481], [4.640593396939199, 44.49923541269632], [4.645735469840604, 44.50473236883487], [4.640848314975454, 44.514079425753025], [4.646642765487341, 44.51945864204126], [4.660542100987315, 44.5174945390208], [4.668662509307522, 44.52100975405501], [4.687343968467846, 44.521995292906034], [4.688924777326369, 44.52519465243206], [4.703116096482653, 44.524562360282864], [4.69310072398354, 44.51670263516969], [4.687881923728709, 44.50293404846715], [4.689414928995161, 44.492348645906276], [4.699537240663456, 44.480082505451854], [4.700410363981527, 44.46939012741687], [4.695289309338776, 44.445797296246674], [4.689286911844178, 44.440514078946634], [4.675977738356266, 44.43670153596204]]]}",15239,346,30,2,07,82
25611,25660,"LA VEZE",DOUBS,FRANCHE-COMTE,"Commune simple",414.0,528.0,0.4,"47.1973736223, 6.07326086918","{""type"": ""Polygon"", ""coordinates"": [[[6.085229572917282, 47.18349535190768], [6.081623776980286, 47.18122185096715], [6.073309598872855, 47.18419082878497], [6.06272829547108, 47.19517462638107], [6.054610751099238, 47.21050697991905], [6.057305059578367, 47.213246844473574], [6.066386816782236, 47.21390772184793], [6.072817322463676, 47.204727758969945], [6.077743043995351, 47.20393925672752], [6.092709328885731, 47.19499035731665], [6.085229572917282, 47.18349535190768]]]}",32313,611,06,1,25,43
55067,55500,BOVIOLLES,MEUSE,LORRAINE,"Commune simple",317.0,820.0,0.1,"48.6452890077, 5.41584931677","{""type"": ""Polygon"", ""coordinates"": [[[5.419741316583732, 48.62666141984606], [5.418538794107182, 48.63324626108427], [5.411794955039508, 48.63804457028734], [5.389231549836653, 48.63693349111995], [5.388252675770739, 48.64969568965976], [5.417902951659023, 48.6591494924227], [5.445012797854006, 48.653844769813404], [5.444338893939666, 48.653084674503994], [5.430939427993462, 48.64299186799004], [5.436438886578095, 48.6336553342628], [5.419741316583732, 48.62666141984606]]]}",15359,067,28,2,55,41
38153,38360,ENGINS,ISERE,RHONE-ALPES,"Commune simple",1259.0,2090.0,0.5,"45.1930404027, 5.60939772759","{""type"": ""Polygon"", ""coordinates"": [[[5.610452881209508, 45.15080027429818], [5.60070976944329, 45.16193774275924], [5.582923236571907, 45.16723376708235], [5.592004339342644, 45.187005156069816], [5.590108025725433, 45.211481691975656], [5.597935746801282, 45.23506590839385], [5.608090846368882, 45.22373000012007], [5.62088239265943, 45.219223284015705], [5.624674964579938, 45.22126039406514], [5.621764416419911, 45.21140963199677], [5.631997851041281, 45.20462821213186], [5.633545093540799, 45.19798797937364], [5.637494921432564, 45.196092893565776], [5.651094269513481, 45.198311388540255], [5.651461060472778, 45.19074390608514], [5.651111457074114, 45.19062608001004], [5.648404085947491, 45.1934471757082], [5.630947682147292, 45.18776073407366], [5.611887902099333, 45.1605234661398], [5.610452881209508, 45.15080027429818]]]}",824,153,41,1,38,82
39183,39300,CROTENAY,JURA,FRANCHE-COMTE,"Commune simple",534.0,1197.0,0.7,"46.7546647764, 5.81374887948","{""type"": ""Polygon"", ""coordinates"": [[[5.834788888251713, 46.74047087401936], [5.825723940143075, 46.7375318919495], [5.813450323754335, 46.74320315465992], [5.799218227649598, 46.7404336538022], [5.781537846872149, 46.74654843670674], [5.786531320035159, 46.75292331598153], [5.788378602391643, 46.7572391411109], [5.811189478124588, 46.7767206239156], [5.830019999898667, 46.766383608015744], [5.843795217960816, 46.74902377106456], [5.834788888251713, 46.74047087401936]]]}",22060,183,06,2,39,43
24042,24310,BIRAS,DORDOGNE,AQUITAINE,"Commune simple",186.0,1977.0,0.6,"45.2868677633, 0.638949936557","{""type"": ""Polygon"", ""coordinates"": [[[0.676929870734996, 45.29999689454993], [0.672727119110755, 45.2866313229947], [0.658219010484325, 45.28629241391393], [0.649382236147551, 45.27796347112338], [0.66223782162917, 45.26836893191267], [0.657273129215834, 45.258707214432796], [0.653476080031777, 45.256492600714694], [0.640730032081861, 45.26111579390268], [0.637025733385033, 45.258830501061986], [0.627043528995219, 45.26620407591567], [0.616573236513407, 45.28164699717368], [0.603614837601339, 45.28536079336109], [0.60953178249012, 45.29825247421838], [0.605861158986835, 45.30406553773924], [0.612551863640094, 45.308199307846564], [0.649522816064981, 45.30639680293479], [0.676929870734996, 45.29999689454993]]]}",9332,042,04,3,24,72
78072,78200,BOINVILLIERS,YVELINES,ILE-DE-FRANCE,"Commune simple",125.0,360.0,0.3,"48.9204900199, 1.66289347528","{""type"": ""Polygon"", ""coordinates"": [[[1.662852730924198, 48.90376635080929], [1.65836193447748, 48.907556612137626], [1.655146348908742, 48.91266516190731], [1.645334772309478, 48.92159361350931], [1.657791058791142, 48.92651859098601], [1.660186183674842, 48.93262527638241], [1.673836359984268, 48.933181835982396], [1.676444670242689, 48.922948647791884], [1.666605004512623, 48.91227160542063], [1.667183098127122, 48.90621604264064], [1.662852730924198, 48.90376635080929]]]}",35708,072,07,1,78,11
11395,11160,TRASSANEL,AUDE,LANGUEDOC-ROUSSILLON,"Commune simple",467.0,453.0,0.0,"43.3480032097, 2.44282271412","{""type"": ""Polygon"", ""coordinates"": [[[2.440040313906757, 43.33366900897401], [2.4357427700678, 43.33456428205445], [2.429950092365705, 43.343314169259855], [2.433523548253154, 43.350952737112365], [2.431175730553121, 43.35650910916844], [2.445453304435207, 43.36156716371086], [2.455992256425949, 43.35276832375282], [2.457946131131064, 43.34688560600517], [2.440040313906757, 43.33366900897401]]]}",25816,395,21,1,11,91
76409,76290,MANNEVILLETTE,SEINE-MARITIME,HAUTE-NORMANDIE,"Commune simple",93.0,423.0,0.8,"49.5956720647, 0.175390225182","{""type"": ""Polygon"", ""coordinates"": [[[0.171887824727378, 49.58387328678233], [0.159725367261721, 49.59471284043981], [0.161698957698793, 49.601548119332854], [0.173080787942889, 49.60841380641503], [0.187153676960118, 49.60462218159775], [0.187650411900739, 49.58723389093864], [0.18763326069811, 49.58426605249264], [0.171887824727378, 49.58387328678233]]]}",36123,409,37,2,76,23
52474,52120,SILVAROUVRES,HAUTE-MARNE,CHAMPAGNE-ARDENNE,"Commune simple",265.0,1924.0,0.0,"48.0618671385, 4.79407821948","{""type"": ""Polygon"", ""coordinates"": [[[4.75914453178566, 48.04056815704259], [4.739681652673173, 48.04176648081354], [4.72692546633877, 48.04613975490401], [4.733254685810369, 48.05126732966849], [4.7574947894738, 48.0519251453634], [4.758350008959148, 48.0683751924937], [4.764117160255195, 48.072987453723414], [4.826594134436902, 48.07839001426808], [4.8357391688159, 48.08142525151133], [4.848926881147576, 48.06787933935458], [4.832155621537327, 48.05397355171168], [4.764700384511075, 48.048594996985784], [4.7596329477261, 48.04759070835236], [4.75914453178566, 48.04056815704259]]]}",26597,474,06,1,52,21
31417,31820,PIBRAC,HAUTE-GARONNE,MIDI-PYRENEES,"Commune simple",187.0,2613.0,8.0,"43.6274385363, 1.26139475262","{""type"": ""Polygon"", ""coordinates"": [[[1.282159334517749, 43.59815508718617], [1.27039630429698, 43.60263033530524], [1.249942731680735, 43.603661762160485], [1.248131171540529, 43.60661152773639], [1.256094513431449, 43.610294592961694], [1.253717232334985, 43.61596236111979], [1.208931277378516, 43.62604250004702], [1.221347114186212, 43.64078160613279], [1.236545217032718, 43.650308373392384], [1.258833773688561, 43.64695953312582], [1.271654348368916, 43.6500801257726], [1.280059269886958, 43.647558384065334], [1.286601207070327, 43.63892265440479], [1.307957557251659, 43.63247121905722], [1.303395556710157, 43.63170711496574], [1.296576267845388, 43.612250744798715], [1.283735334931501, 43.60259888252926], [1.284133846289525, 43.59921226450708], [1.282159334517749, 43.59815508718617]]]}",643,417,18,3,31,73
38293,38730,PANISSAGE,ISERE,RHONE-ALPES,"Commune simple",513.0,482.0,0.4,"45.4946543767, 5.45913903616","{""type"": ""Polygon"", ""coordinates"": [[[5.465290967808857, 45.48195053989748], [5.43836308622459, 45.49255685603925], [5.448436679120453, 45.50546366031721], [5.46338037167245, 45.50556917203645], [5.480103786856426, 45.492741352544485], [5.465290967808857, 45.48195053989748]]]}",30812,293,43,2,38,82
57140,57245,CHESNY,MOSELLE,LORRAINE,"Commune simple",207.0,435.0,0.5,"49.0524150036, 6.24363224216","{""type"": ""Polygon"", ""coordinates"": [[[6.259286888872461, 49.042306996220404], [6.235473162490802, 49.0456869368072], [6.231585447674189, 49.0437128396456], [6.225159817009171, 49.053316700943554], [6.224983956498424, 49.05555319015348], [6.236095327954704, 49.061805577856965], [6.251043725962654, 49.06280569933833], [6.261784223133414, 49.048061718615976], [6.259286888872461, 49.042306996220404]]]}",25441,140,33,4,57,41
81205,81470,PECHAUDIER,TARN,MIDI-PYRENEES,"Commune simple",208.0,681.0,0.2,"43.5445327743, 1.94651910659","{""type"": ""Polygon"", ""coordinates"": [[[1.959265691768759, 43.52679292773278], [1.931870679940887, 43.539627879315276], [1.928522253002217, 43.542087348019265], [1.931543065077545, 43.548595771938615], [1.927067626333353, 43.54976637999104], [1.921258150412502, 43.55410891418574], [1.923859962919334, 43.55655525009286], [1.956140600647728, 43.55586262470684], [1.964418341288597, 43.55308949161133], [1.960016492489688, 43.54406731288617], [1.96463156941269, 43.5295976332983], [1.959265691768759, 43.52679292773278]]]}",27212,205,10,2,81,73
71388,71430,SAINT-AUBIN-EN-CHAROLLAIS,SAONE-ET-LOIRE,BOURGOGNE,"Commune simple",276.0,1974.0,0.4,"46.5008361838, 4.2089560127","{""type"": ""Polygon"", ""coordinates"": [[[4.189140074077834, 46.47632746525854], [4.188325093301181, 46.48618800984739], [4.180214021840651, 46.49454811443101], [4.185870851101953, 46.507628620678695], [4.184625426171707, 46.51093754126735], [4.175350422591524, 46.51331162700588], [4.173952416946793, 46.52107969298053], [4.181701779851815, 46.52408877278009], [4.179910368421637, 46.52691696975634], [4.216731448560576, 46.51644505853583], [4.241642567238702, 46.525390039911706], [4.232230373011249, 46.514198838448394], [4.237665897153849, 46.50482836506894], [4.242564696923713, 46.50460413035952], [4.242045732660885, 46.490984271660906], [4.248167815914964, 46.48615360835191], [4.246372680047558, 46.485191580982956], [4.238268682893257, 46.48944926254801], [4.214380927075783, 46.477106701244495], [4.189140074077834, 46.47632746525854]]]}",903,388,37,3,71,26
68002,68210,ALTENACH,HAUT-RHIN,ALSACE,"Commune simple",359.0,614.0,0.4,"47.6017527449, 7.10896561686","{""type"": ""Polygon"", ""coordinates"": [[[7.08889696573567, 47.58371822808804], [7.086425005395739, 47.58553543690651], [7.085388396578547, 47.5930527686954], [7.078390891334262, 47.59685789415471], [7.099199723874366, 47.60338410241629], [7.110626878042928, 47.61314900380302], [7.132793811301765, 47.61727819267624], [7.137403150291823, 47.60263017238539], [7.117359446931592, 47.601248293273166], [7.104898269255038, 47.59499959690146], [7.098787874742201, 47.58570542801702], [7.08889696573567, 47.58371822808804]]]}",20514,002,05,1,68,42
14375,14700,"LES LOGES-SAULCES",CALVADOS,BASSE-NORMANDIE,"Commune simple",192.0,681.0,0.2,"48.8646988987, -0.303404907346","{""type"": ""Polygon"", ""coordinates"": [[[-0.298548238822782, 48.84915859760403], [-0.307438079988431, 48.857707143203754], [-0.328534075461947, 48.85759893461965], [-0.330051450288901, 48.86276837936247], [-0.325073622320023, 48.8672814086401], [-0.324692728426859, 48.86794007476611], [-0.309583916123001, 48.878377133452815], [-0.307043959406695, 48.87555806441736], [-0.295152095896277, 48.88084566012542], [-0.287290967708247, 48.87349218378363], [-0.283326828339981, 48.85239483443154], [-0.298548238822782, 48.84915859760403]]]}",15170,375,17,2,14,25
46337,46200,MAYRAC,LOT,MIDI-PYRENEES,"Commune simple",228.0,783.0,0.3,"44.8995623407, 1.54645622061","{""type"": ""Polygon"", ""coordinates"": [[[1.574003562125279, 44.89256414531639], [1.55596446800641, 44.89057511964835], [1.537845745311901, 44.8936339059432], [1.533400091058087, 44.88826234028761], [1.519992306261222, 44.88895796892678], [1.519986371860832, 44.8891830156575], [1.522366165048976, 44.90512662554684], [1.526324660255164, 44.906863152027384], [1.535862856151222, 44.906511993113085], [1.547925988095506, 44.91190223509196], [1.565656198399473, 44.90838645345329], [1.571329041797906, 44.903074571916584], [1.574003562125279, 44.89256414531639]]]}",15204,337,28,3,46,73
65208,65170,GRAILHEN,HAUTES-PYRENEES,MIDI-PYRENEES,"Commune simple",1476.0,583.0,0.0,"42.83138911, 0.372241097838","{""type"": ""Polygon"", ""coordinates"": [[[0.377302130035477, 42.81153358064989], [0.369925838191448, 42.81116394244166], [0.363326874108219, 42.81817245090901], [0.365555787702905, 42.83613143455451], [0.359603260425849, 42.845252188869175], [0.358615794828356, 42.85567374279725], [0.384264421753371, 42.838478732107326], [0.384939353985577, 42.826745037051204], [0.377302130035477, 42.81153358064989]]]}",16345,208,26,2,65,73
52534,52100,VILLIERS-EN-LIEU,HAUTE-MARNE,CHAMPAGNE-ARDENNE,"Commune simple",147.0,1272.0,1.6,"48.6683263529, 4.90563674583","{""type"": ""Polygon"", ""coordinates"": [[[4.93867699560287, 48.67477402713862], [4.9164923225238, 48.648842409074064], [4.906268013405208, 48.64960026421953], [4.891592308109131, 48.65869657196701], [4.876667660381977, 48.65872560154448], [4.86777608676894, 48.66720573551252], [4.88249450571081, 48.67609735520606], [4.896822574908351, 48.679334158398426], [4.911001628947039, 48.68885168387923], [4.93867699560287, 48.67477402713862]]]}",25227,534,31,3,52,21
25430,25640,OLLANS,DOUBS,FRANCHE-COMTE,"Commune simple",256.0,223.0,0.0,"47.4203421425, 6.24528812863","{""type"": ""Polygon"", ""coordinates"": [[[6.241571099769721, 47.410743726797996], [6.243714523657011, 47.41370214576205], [6.23422320875339, 47.42489507329416], [6.234958627842698, 47.431136190598686], [6.250551710597735, 47.424665032428024], [6.258234656344833, 47.41369255159581], [6.241571099769721, 47.410743726797996]]]}",32564,430,13,1,25,43
32389,32300,SAINT-MARTIN,GERS,MIDI-PYRENEES,"Commune simple",212.0,926.0,0.5,"43.5079691513, 0.374354787173","{""type"": ""Polygon"", ""coordinates"": [[[0.378215967641246, 43.49410636783268], [0.363997538641553, 43.49434674388189], [0.350415232226267, 43.50438605586426], [0.358014535237674, 43.511791149154604], [0.361021310188013, 43.5241522863746], [0.384156633598172, 43.525495827735], [0.386675957062048, 43.5226038632584], [0.384338929966941, 43.512528245888525], [0.40161419443166, 43.49757723488085], [0.394810592786515, 43.4946323999415], [0.378215967641246, 43.49410636783268]]]}",27551,389,19,3,32,73
59146,59152,CHERENG,NORD,NORD-PAS-DE-CALAIS,"Commune simple",31.0,419.0,3.0,"50.6108890768, 3.20972154636","{""type"": ""Polygon"", ""coordinates"": [[[3.221743775732655, 50.59757196548845], [3.202471180097976, 50.601760223947586], [3.195570788430921, 50.61142802007883], [3.198864325316134, 50.62394222511783], [3.203929205226622, 50.62397887962124], [3.2037699054464, 50.62296503025665], [3.213718813596883, 50.620363654575954], [3.223798349523014, 50.61248419894996], [3.224713291147135, 50.60576054832062], [3.218399506336609, 50.60025237687842], [3.221743775732655, 50.59757196548845]]]}",25309,146,33,5,59,31
76206,76280,CUVERVILLE,SEINE-MARITIME,HAUTE-NORMANDIE,"Commune simple",93.0,453.0,0.3,"49.6655519661, 0.264080881787","{""type"": ""Polygon"", ""coordinates"": [[[0.278640208386937, 49.65567378971461], [0.252320931496281, 49.65732065070321], [0.247715160411169, 49.66725966595924], [0.248783214559194, 49.67755167670337], [0.254818109504535, 49.67714856631537], [0.264204868231903, 49.67624517133539], [0.265691143380208, 49.673059808603966], [0.286385697072803, 49.66449633507632], [0.278640208386937, 49.65567378971461]]]}",11771,206,12,2,76,23
47147,47120,LEVIGNAC-DE-GUYENNE,LOT-ET-GARONNE,AQUITAINE,"Commune simple",78.0,2499.0,0.6,"44.6218474674, 0.203943341999","{""type"": ""Polygon"", ""coordinates"": [[[0.222603943760609, 44.592664873425], [0.185951741273265, 44.59932214014889], [0.189871284359983, 44.60922288518269], [0.171326110816999, 44.61038017691042], [0.177265101484131, 44.615432588736844], [0.165214459117166, 44.63286167771644], [0.168345204211516, 44.646130307418225], [0.176969841833993, 44.65432334847818], [0.180567613518462, 44.64800112443857], [0.197482659874847, 44.64104430889637], [0.21595976875315, 44.637367354527896], [0.229563579101682, 44.64038455699717], [0.242464390241092, 44.63587872427583], [0.236969762003214, 44.61233840932395], [0.229332220405736, 44.603517407963594], [0.229722054819646, 44.59660898483438], [0.222603943760609, 44.592664873425]]]}",11928,147,31,2,47,72
56165,56800,PLOERMEL,MORBIHAN,BRETAGNE,"Chef-lieu canton",71.0,5134.0,9.0,"47.9221801451, -2.38313563666","{""type"": ""Polygon"", ""coordinates"": [[[-2.4281721633883, 47.88445343525871], [-2.436699889454116, 47.88757640152531], [-2.438815360518537, 47.90100988163718], [-2.430944654950779, 47.91348987491726], [-2.437664535773933, 47.91830237499017], [-2.436622669525871, 47.92855332179528], [-2.417421996307181, 47.939905631504], [-2.405255408135002, 47.96710427075097], [-2.390775793839042, 47.96525340300898], [-2.373438725226652, 47.95812852920881], [-2.359475167178338, 47.962266742923966], [-2.349940481721529, 47.96041059365228], [-2.346643416364397, 47.944514161203905], [-2.371651882175058, 47.944616810097706], [-2.37404755886341, 47.93448553416828], [-2.353667804901204, 47.93325242469192], [-2.339982828425696, 47.937439043192526], [-2.336999627171641, 47.92767975154], [-2.321713824319134, 47.92661528719154], [-2.313829063160371, 47.922129009054245], [-2.316151326536649, 47.91223707881941], [-2.335871824130879, 47.89901983815873], [-2.334026242055821, 47.89587456986876], [-2.376695108138801, 47.89285193099537], [-2.394439869007825, 47.889159073872], [-2.413434543212348, 47.89273969032273], [-2.4281721633883, 47.88445343525871]]]}",197,165,23,3,56,53
36182,36170,SAINT-BENOIT-DU-SAULT,INDRE,CENTRE,"Chef-lieu canton",221.0,177.0,0.7,"46.4476641903, 1.39936861789","{""type"": ""Polygon"", ""coordinates"": [[[1.39332543308362, 46.439355273214495], [1.389513854659641, 46.43828385598075], [1.383578609089935, 46.44206377777901], [1.402744590357705, 46.454933405625056], [1.411835044001964, 46.45646514319768], [1.414704327762678, 46.453695005789086], [1.411974059478748, 46.450793051430736], [1.39332543308362, 46.439355273214495]]]}",22062,182,17,1,36,24
90005,90200,AUXELLES-BAS,"TERRITOIRE DE BELFORT",FRANCHE-COMTE,"Commune simple",493.0,929.0,0.5,"47.7286757608, 6.78389507054","{""type"": ""Polygon"", ""coordinates"": [[[6.771582875541675, 47.712575414198824], [6.759074094939803, 47.72280907528563], [6.759587445831242, 47.73915608421689], [6.805164387643981, 47.741196529837644], [6.813005350464934, 47.72738861900576], [6.804279284726972, 47.722085984889006], [6.797837263119611, 47.71733033139401], [6.778768272607144, 47.716371272250036], [6.771582875541675, 47.712575414198824]]]}",22245,005,04,1,90,43
10068,10110,BUXEUIL,AUBE,CHAMPAGNE-ARDENNE,"Commune simple",220.0,428.0,0.1,"48.0540843697, 4.40552369519","{""type"": ""Polygon"", ""coordinates"": [[[4.435041358163767, 48.057394095327005], [4.432838545520462, 48.05437882562287], [4.423067521297309, 48.05545133061566], [4.400524860491332, 48.043175238791015], [4.392646621735604, 48.0472647974341], [4.382786208344667, 48.04746200793769], [4.385492773254295, 48.05394633805964], [4.39638046481589, 48.060585880480396], [4.415407811566936, 48.06219479738968], [4.435041358163767, 48.057394095327005]]]}",6274,068,04,3,10,21
82117,82150,MONTAIGU-DE-QUERCY,TARN-ET-GARONNE,MIDI-PYRENEES,"Chef-lieu canton",225.0,7679.0,1.4,"44.3406420111, 1.03252683687","{""type"": ""Polygon"", ""coordinates"": [[[0.991134844022183, 44.28873796743456], [0.989928612506173, 44.29482977699159], [0.978414040943651, 44.30483846901869], [0.981470300979132, 44.317959907435736], [0.96645281718162, 44.334872675428926], [0.956173990073866, 44.3415886230213], [0.942382096724806, 44.34442008164359], [0.944109327052531, 44.35422236575459], [0.950215686426658, 44.3595769800536], [0.983089621630876, 44.35950909705272], [0.996692873165553, 44.36914929404828], [1.018735263928999, 44.36343428277416], [1.028208478186355, 44.364252746152054], [1.046888633142681, 44.36271295116773], [1.060229072636451, 44.36606440647118], [1.060661083767603, 44.37617490748122], [1.064083831864911, 44.37851326503538], [1.082962733153298, 44.3815899880184], [1.102317056763871, 44.39189309690206], [1.132465553902268, 44.393876283087494], [1.134424052521644, 44.37446039543781], [1.130922180796344, 44.372158948128416], [1.121328489514993, 44.372247732931484], [1.103415793337431, 44.36697019501479], [1.093987186760725, 44.36777076280721], [1.089133675507785, 44.35797102361808], [1.081222640740736, 44.35439374248519], [1.080792985115264, 44.34744399951735], [1.070280841748246, 44.33593282949708], [1.072485320121368, 44.32939844457508], [1.063815552190369, 44.30632167123791], [1.054274752557211, 44.29787848352496], [1.03056549245725, 44.296474806671995], [1.023338300346972, 44.2919690725791], [0.999499824109562, 44.29182590855106], [0.991134844022183, 44.28873796743456]]]}",10641,117,14,1,82,73
83153,83430,SAINT-MANDRIER-SUR-MER,VAR,"PROVENCE-ALPES-COTE D'AZUR","Chef-lieu canton",33.0,530.0,5.8,"43.0754322948, 5.92642315155","{""type"": ""Polygon"", ""coordinates"": [[[5.903882952468919, 43.078901123052376], [5.91701571332965, 43.08562930355682], [5.927604956711624, 43.07770970574465], [5.927647096761281, 43.082424691654], [5.93858681486252, 43.085312805464355], [5.952083231044292, 43.07523225988075], [5.945011185747076, 43.06654268804371], [5.932011513493302, 43.071145633746845], [5.912001181321453, 43.06480367824143], [5.903568762302153, 43.07337452226828], [5.903882952468919, 43.078901123052376]]]}",4772,153,38,2,83,93
45228,45340,NIBELLE,LOIRET,CENTRE,"Commune simple",138.0,2712.0,1.0,"48.0140757503, 2.31162556576","{""type"": ""Polygon"", ""coordinates"": [[[2.303307345722997, 47.98610560374295], [2.2860126804559, 47.99915918343349], [2.260072472073278, 48.01122018005566], [2.259113879623586, 48.02318335761819], [2.274607289472697, 48.02422479408577], [2.296624518297448, 48.033096742874434], [2.306957460305938, 48.034003956282824], [2.311249232079851, 48.04033760774972], [2.321040903219375, 48.04277026756486], [2.320708581912847, 48.03938464992997], [2.342604315471563, 48.03105867455984], [2.36210961544956, 48.02794425782728], [2.349394427350581, 48.01020903389299], [2.333115720887829, 47.987601318864286], [2.314487483350098, 47.991292017683016], [2.303307345722997, 47.98610560374295]]]}",15568,228,03,3,45,24
46218,46220,PESCADOIRES,LOT,MIDI-PYRENEES,"Commune simple",90.0,246.0,0.1,"44.4994584805, 1.15835515488","{""type"": ""Polygon"", ""coordinates"": [[[1.16171523808929, 44.4858528109182], [1.157672145092736, 44.49103500341559], [1.149287307355567, 44.490858605607556], [1.148805903195983, 44.504402483151495], [1.157004562053695, 44.50803355413761], [1.161041033168093, 44.50850611851169], [1.173792548543169, 44.501361183145576], [1.161495805648144, 44.4960783364013], [1.16171523808929, 44.4858528109182]]]}",17108,218,23,1,46,73
36085,36150,GUILLY,INDRE,CENTRE,"Commune simple",137.0,2088.0,0.2,"47.0854429758, 1.73470769593","{""type"": ""Polygon"", ""coordinates"": [[[1.765267366664981, 47.064593958396834], [1.755588013084997, 47.072323868253825], [1.745573241506369, 47.0728188852276], [1.73212850982848, 47.06839510566744], [1.723472028375732, 47.059961751745824], [1.708638291732715, 47.060382197256665], [1.702358695191162, 47.06891105742831], [1.705312078626727, 47.074896083614185], [1.694249998684133, 47.080498423588566], [1.699709483348182, 47.093526234298224], [1.737079889627474, 47.10233245260819], [1.743790656206909, 47.11144577430488], [1.741205467962852, 47.1210521384099], [1.741589652654634, 47.12267706768835], [1.749167183120766, 47.122444107673736], [1.773814216947323, 47.07178934261325], [1.765267366664981, 47.064593958396834]]]}",12702,085,23,4,36,24
16124,16220,ECURAS,CHARENTE,POITOU-CHARENTES,"Commune simple",208.0,2425.0,0.6,"45.6822174766, 0.569930576994","{""type"": ""Polygon"", ""coordinates"": [[[0.567032199735988, 45.65325975313748], [0.562557689301947, 45.65422602213334], [0.562686082746511, 45.66035499931928], [0.558306066504803, 45.661494333321784], [0.54025471741535, 45.66003827455621], [0.536192785807965, 45.66181435235601], [0.538578877782797, 45.668254074662485], [0.529676411914961, 45.67050059879598], [0.527871661259001, 45.67695665571292], [0.544779918637171, 45.68836284997707], [0.552400689039934, 45.692474735967515], [0.558356789695841, 45.70519880566474], [0.594013466813973, 45.71316412726135], [0.593350223114306, 45.703582362109124], [0.605006277795779, 45.69421815525324], [0.602113455171121, 45.68176923995801], [0.596594044290307, 45.67686779883214], [0.600389474065337, 45.671732534098425], [0.587921586456955, 45.667673330276514], [0.587013378786535, 45.66109529313689], [0.567032199735988, 45.65325975313748]]]}",12822,124,19,1,16,54
83118,83700/83530,SAINT-RAPHAEL,VAR,"PROVENCE-ALPES-COTE D'AZUR","Chef-lieu canton",126.0,9102.0,34.3,"43.4574625431, 6.84734210398","{""type"": ""Polygon"", ""coordinates"": [[[6.836722988271544, 43.41639679236259], [6.827413679511121, 43.41761807950936], [6.7876185274225, 43.40885824905778], [6.765989084005032, 43.42153791824533], [6.763676333882215, 43.42452752801045], [6.772411680463855, 43.4482447829876], [6.813504124750554, 43.478610197698316], [6.818614239217141, 43.492220612586934], [6.834456654117809, 43.50583922316429], [6.843315706049567, 43.50858810564489], [6.855995604215391, 43.50334566810422], [6.875433320901024, 43.50512960133892], [6.884230099335204, 43.50253572781923], [6.903918808759193, 43.4950723719348], [6.912291786140547, 43.49265355023785], [6.915656286918446, 43.483019588369366], [6.933726236453416, 43.48006801088502], [6.924581001807407, 43.47204926375519], [6.921310045591602, 43.45130550345175], [6.898036292900801, 43.43957107267452], [6.890084517816713, 43.428012186672326], [6.876032316748069, 43.426543611955395], [6.864899248535304, 43.43411150059337], [6.857505951870138, 43.43187113787244], [6.859397632908165, 43.41751819185128], [6.854202299135919, 43.41190269528447], [6.836722988271544, 43.41639679236259]]]}",13685,118,39,1,83,93
08022,08090,ARREUX,ARDENNES,CHAMPAGNE-ARDENNE,"Commune simple",267.0,423.0,0.4,"49.8258643025, 4.6613050432","{""type"": ""Polygon"", ""coordinates"": [[[4.652930785375901, 49.816340717815784], [4.64185102287762, 49.8185840579488], [4.638313301313564, 49.82346607535764], [4.66849572507654, 49.837075260848295], [4.683919547756762, 49.82786849439052], [4.683327067087013, 49.82548637953054], [4.652930785375901, 49.816340717815784]]]}",13863,022,22,1,08,21
27101,27500,BOUQUELON,EURE,HAUTE-NORMANDIE,"Commune simple",64.0,1175.0,0.4,"49.3995142843, 0.49146423829","{""type"": ""Polygon"", ""coordinates"": [[[0.474636161984605, 49.375878016237515], [0.473637252242638, 49.37630680602891], [0.46075718129884, 49.387251488435794], [0.455507294125946, 49.389506330806164], [0.467815483461408, 49.39444110004762], [0.466007332604381, 49.40291063263175], [0.48480069237569, 49.39761035049524], [0.488930189520351, 49.399674606548025], [0.493005521191246, 49.43683621725116], [0.508601091584529, 49.4237323222308], [0.504269472170584, 49.41810357528812], [0.519756526934939, 49.392477889568724], [0.474636161984605, 49.375878016237515]]]}",36382,101,29,2,27,23
01044,01200,BILLIAT,AIN,RHONE-ALPES,"Commune simple",774.0,1400.0,0.5,"46.0791346715, 5.76591818163","{""type"": ""Polygon"", ""coordinates"": [[[5.808073678192915, 46.06086019901082], [5.765381534682992, 46.07156867626306], [5.72076147928449, 46.07765765079577], [5.714845787141185, 46.09287350974357], [5.768444910015217, 46.08971303787865], [5.78522524467235, 46.083012952715755], [5.799153792045264, 46.08445416758243], [5.811406026063173, 46.07842941233895], [5.808073678192915, 46.06086019901082]]]}",16620,044,03,4,01,82
65172,65170,ESTENSAN,HAUTES-PYRENEES,MIDI-PYRENEES,"Commune simple",1067.0,155.0,0.0,"42.8164167593, 0.344902286039","{""type"": ""Polygon"", ""coordinates"": [[[0.350349077490344, 42.80340333582384], [0.33629916164619, 42.81057664047734], [0.340540493328956, 42.815360410800395], [0.340637932919629, 42.824180002966436], [0.35175020357077, 42.82950240740583], [0.347665048360086, 42.812954745513146], [0.350349077490344, 42.80340333582384]]]}",20637,172,26,2,65,73
34259,34680,SAINT-GEORGES-D'ORQUES,HERAULT,LANGUEDOC-ROUSSILLON,"Commune simple",102.0,930.0,5.3,"43.6168353652, 3.77376629814","{""type"": ""Polygon"", ""coordinates"": [[[3.80573132708422, 43.599191669912976], [3.783127440796219, 43.599527910040415], [3.770366276417718, 43.60721352645055], [3.760218021632184, 43.61793878755323], [3.751768402115513, 43.618672424248594], [3.744998906184129, 43.62290318534577], [3.74598681832991, 43.62933912122898], [3.748535679504385, 43.634801527774904], [3.761137674500861, 43.63591079857315], [3.767062769680373, 43.630578173569525], [3.78023953816857, 43.62662414528313], [3.786615516606971, 43.61733701962932], [3.803932330781063, 43.605998577300994], [3.80573132708422, 43.599191669912976]]]}",13121,259,49,3,34,91
28292,28500,OUERRE,EURE-ET-LOIR,CENTRE,"Commune simple",127.0,1281.0,0.7,"48.7080614292, 1.48885870583","{""type"": ""Polygon"", ""coordinates"": [[[1.476309728477278, 48.690624030261844], [1.453819395813984, 48.69436485785569], [1.458469569667542, 48.710860996459715], [1.454449690329892, 48.713031016448035], [1.464906465927951, 48.72079463909721], [1.480056766668455, 48.71783999785062], [1.489125583803935, 48.72157154433762], [1.504962827403216, 48.722598640266924], [1.50785536343861, 48.725576492115735], [1.521338286397494, 48.71183669290295], [1.534299013333178, 48.707255775786585], [1.534106259234558, 48.70395189382491], [1.526711198372984, 48.70448150913959], [1.518295366599262, 48.697864152653025], [1.494291328736207, 48.7013148983762], [1.484693320340068, 48.69907027246382], [1.476309728477278, 48.690624030261844]]]}",30145,292,13,3,28,24
50258,50310,JOGANVILLE,MANCHE,BASSE-NORMANDIE,"Commune simple",25.0,285.0,0.1,"49.4715637056, -1.35154159176","{""type"": ""Polygon"", ""coordinates"": [[[-1.332326072940331, 49.47378069067854], [-1.341735721320051, 49.46187685393002], [-1.360156679352092, 49.468208729520484], [-1.372543424636779, 49.474837049971654], [-1.370357705127143, 49.47772442484694], [-1.360553142724858, 49.478582052768715], [-1.332326072940331, 49.47378069067854]]]}",18145,258,22,2,50,25
66143,66720,PLANEZES,PYRENEES-ORIENTALES,LANGUEDOC-ROUSSILLON,"Commune simple",245.0,628.0,0.1,"42.7742310967, 2.62167277524","{""type"": ""Polygon"", ""coordinates"": [[[2.62177853579814, 42.75589955397243], [2.610614347477839, 42.75768486034696], [2.613867208472874, 42.760286217804975], [2.608931136047148, 42.773926694212456], [2.610422690093293, 42.78448848712912], [2.626905107667211, 42.79175858617395], [2.635914700304118, 42.78017211312891], [2.63334165790989, 42.77008359866273], [2.62177853579814, 42.75589955397243]]]}",13034,143,04,2,66,91
02182,02250,CHEVENNES,AISNE,PICARDIE,"Commune simple",141.0,599.0,0.1,"49.818366417, 3.7371313317","{""type"": ""Polygon"", ""coordinates"": [[[3.733660279428124, 49.80339838102414], [3.722816555439004, 49.804235787940655], [3.715461422974483, 49.81332660208577], [3.732115483585955, 49.82638107416617], [3.736463084366335, 49.836058012112964], [3.76133426987337, 49.82626520807212], [3.753973064136684, 49.82246556255036], [3.744837816377533, 49.80834407408908], [3.733660279428124, 49.80339838102414]]]}",16104,182,27,5,02,22
51547,51600,SOMME-TOURBE,MARNE,CHAMPAGNE-ARDENNE,"Commune simple",173.0,1926.0,0.1,"49.0974715708, 4.66026066798","{""type"": ""Polygon"", ""coordinates"": [[[4.694147722774153, 49.08353845567066], [4.6736882507608, 49.07958922861921], [4.64921614067483, 49.08624979334743], [4.638828478690921, 49.08466516825768], [4.617816688505983, 49.087018238810785], [4.611066685705995, 49.09275657119551], [4.608345120474357, 49.09551791243451], [4.618041072385726, 49.106934863722], [4.627549770456236, 49.10832636231848], [4.664296219450119, 49.1124278672852], [4.70710905652741, 49.110847524166815], [4.705262954730159, 49.1038680239896], [4.694147722774153, 49.08353845567066]]]}",25200,547,23,5,51,21
2A349,20110,VIGGIANELLO,CORSE-DU-SUD,CORSE,"Commune simple",167.0,1704.0,0.6,"41.6691692239, 8.94530373652","{""type"": ""Polygon"", ""coordinates"": [[[8.972057338536056, 41.65161860439834], [8.969826614699436, 41.64867417871037], [8.951992496954169, 41.64733525978776], [8.927923456086974, 41.65517122249479], [8.918908117764598, 41.65520205274961], [8.919000774014767, 41.680711272553744], [8.948864994774866, 41.69572391151835], [8.953311275297933, 41.68678080652339], [8.961454951064393, 41.68663460679218], [8.96948611337657, 41.68026148429563], [8.9667663948373, 41.67058061996395], [8.972306006740636, 41.66144856113915], [8.966424649828305, 41.656369727551905], [8.972057338536056, 41.65161860439834]]]}",13414,349,30,4,2A,94
91069,91720,BOIGNEVILLE,ESSONNE,ILE-DE-FRANCE,"Commune simple",109.0,1575.0,0.4,"48.3281689535, 2.36609167603","{""type"": ""Polygon"", ""coordinates"": [[[2.369945407698357, 48.30867320083293], [2.367702281867963, 48.31127051455925], [2.35958528147331, 48.30881554561633], [2.355802481894812, 48.310432565728036], [2.331334540500759, 48.326429355146814], [2.329310114298837, 48.33283305685078], [2.34495244688947, 48.345597852237226], [2.376371617614294, 48.34460679092464], [2.385364207080836, 48.34774884788388], [2.392371524461751, 48.3358726164289], [2.395388995442905, 48.32575705664716], [2.402664267131608, 48.32071945942119], [2.398935772023616, 48.31525714977378], [2.369945407698357, 48.30867320083293]]]}",15365,069,18,2,91,11
86274,86120,"LES TROIS-MOUTIERS",VIENNE,POITOU-CHARENTES,"Chef-lieu canton",66.0,3572.0,1.1,"47.0614723678, 0.0102809057425","{""type"": ""Polygon"", ""coordinates"": [[[0.048689586267494, 47.029521427512876], [0.040134456919878, 47.03270801186304], [0.028529807763851, 47.022571294573915], [0.006850338291425, 47.0298135654603], [-0.002205079601641, 47.02844315889951], [-0.00259780675253, 47.02839690414646], [-0.022051210388181, 47.03388980561414], [-0.019060282896917, 47.04332030467287], [-0.035568817017518, 47.047653689159546], [-0.033788562528034, 47.05795372595267], [-0.006314259744956, 47.092035076779865], [0.006331802455523, 47.08880457267778], [0.020446742497014, 47.101449346039836], [0.021659147310411, 47.102192342699844], [0.031769844561052, 47.09493853524465], [0.045302696882141, 47.09186172787366], [0.050671670310752, 47.08583643861807], [0.05152597624944, 47.075281170125926], [0.025776362719547, 47.0450425976624], [0.035565581735975, 47.03743795700348], [0.045502333572458, 47.037917924047996], [0.048689586267494, 47.029521427512876]]]}",2924,274,27,1,86,54
87096,87800,"LA MEYZE",HAUTE-VIENNE,LIMOUSIN,"Commune simple",359.0,2799.0,0.8,"45.6078683969, 1.19432359478","{""type"": ""Polygon"", ""coordinates"": [[[1.199768281156799, 45.58530759575021], [1.194329452920564, 45.57703291912634], [1.177678065290276, 45.572062503510175], [1.168687151558636, 45.573249450180434], [1.155218228023472, 45.586431953485054], [1.151267683198446, 45.59603183018158], [1.153531215921129, 45.598951333252224], [1.174132540354461, 45.60612413635124], [1.171824129034826, 45.61619271646072], [1.184450488840838, 45.62647622002279], [1.193834813217642, 45.62843768528132], [1.195532788598586, 45.64488497507758], [1.199327003763095, 45.64707142651376], [1.20660025122219, 45.643359509792226], [1.216042454889698, 45.6436356607734], [1.226285219664319, 45.637762793164995], [1.232763800910286, 45.62546199238005], [1.222171251358088, 45.60232709971095], [1.209493011181189, 45.59678477826331], [1.207222144135266, 45.590038318914154], [1.199768281156799, 45.58530759575021]]]}",5901,096,18,2,87,74
58283,58420,TACONNAY,NIEVRE,BOURGOGNE,"Commune simple",231.0,795.0,0.1,"47.312512267, 3.48949357869","{""type"": ""Polygon"", ""coordinates"": [[[3.472962145765676, 47.292379940020076], [3.472356223280552, 47.30623735009776], [3.479449620331486, 47.31503974720148], [3.475030475646448, 47.32127863367982], [3.485771483181964, 47.33489093365804], [3.490365169702573, 47.333278198716165], [3.509105502394145, 47.309818063859694], [3.50837928471039, 47.30301531035208], [3.50441570973987, 47.3009259987481], [3.48205851088207, 47.29598856187837], [3.474156238889727, 47.2987398895478], [3.472962145765676, 47.292379940020076]]]}",8212,283,01,2,58,26
23138,23150,MOUTIER-D'AHUN,CREUSE,LIMOUSIN,"Commune simple",386.0,996.0,0.2,"46.0997586109, 2.0630190962","{""type"": ""Polygon"", ""coordinates"": [[[2.075398785768869, 46.07535109377977], [2.069830867593284, 46.077872155553635], [2.06783313048963, 46.07587454343892], [2.054172654319427, 46.08992720530328], [2.046909875926242, 46.10643665061482], [2.035989307072336, 46.11785353847101], [2.056911419190341, 46.12566593302188], [2.060726493816338, 46.11312584711016], [2.074611386259477, 46.11058324749728], [2.077659362213706, 46.10410607850813], [2.083296454155559, 46.08594261953686], [2.082696858137621, 46.07767071853681], [2.075398785768869, 46.07535109377977]]]}",2498,138,01,2,23,74
04057,04250,CLAMENSANE,ALPES-DE-HAUTE-PROVENCE,"PROVENCE-ALPES-COTE D'AZUR","Commune simple",929.0,2389.0,0.2,"44.3282663642, 6.07850180008","{""type"": ""Polygon"", ""coordinates"": [[[6.090369876011263, 44.299168012607716], [6.072106334915286, 44.3042472303782], [6.052552103477866, 44.30428763049007], [6.041393422094077, 44.30532664335149], [6.04585721670892, 44.32279584310856], [6.054032260581544, 44.33152319035593], [6.054983011719932, 44.34217153923323], [6.075671624998237, 44.35099061158177], [6.079311030749814, 44.35742889442439], [6.096025717431289, 44.360229818137874], [6.104251754115453, 44.35842150256694], [6.106325786409089, 44.33877844309121], [6.102579610070348, 44.33248820547652], [6.114058629742146, 44.32235349237851], [6.094752738044168, 44.31235890803871], [6.090369876011263, 44.299168012607716]]]}",7517,057,16,4,04,93
76628,76890,SAINT-OUEN-DU-BREUIL,SEINE-MARITIME,HAUTE-NORMANDIE,"Commune simple",171.0,624.0,0.8,"49.6321260535, 1.02390924063","{""type"": ""Polygon"", ""coordinates"": [[[1.048532646339545, 49.61870827046866], [1.03918999064954, 49.61808145224637], [1.017812875059647, 49.62599550112992], [1.008313634368263, 49.626523355877836], [0.998003616902243, 49.64178795626057], [1.022879778418862, 49.6463928225377], [1.033525788056834, 49.63482615151633], [1.04722107544498, 49.62953680019797], [1.048532646339545, 49.61870827046866]]]}",26919,628,41,3,76,23
76556,76170,SAINT-ANTOINE-LA-FORET,SEINE-MARITIME,HAUTE-NORMANDIE,"Commune simple",109.0,646.0,1.0,"49.5385601912, 0.480932207517","{""type"": ""Polygon"", ""coordinates"": [[[0.523805812589332, 49.52579872078227], [0.515631671057779, 49.522304631498386], [0.503543574763424, 49.52775706405569], [0.494478216212847, 49.53009675493414], [0.454263078477654, 49.53012243910246], [0.460722636735159, 49.54113782006503], [0.474952873182821, 49.556351798220746], [0.478211334487461, 49.558109949146456], [0.489784847435308, 49.5472724910036], [0.488608307554306, 49.53742039867669], [0.509699500156943, 49.52814439132654], [0.514834411901709, 49.52822275462093], [0.516421251493434, 49.53140230757072], [0.523805812589332, 49.52579872078227]]]}",7719,556,33,2,76,23
41143,41170,MONDOUBLEAU,LOIR-ET-CHER,CENTRE,"Chef-lieu canton",149.0,488.0,1.5,"47.9867303784, 0.895813338933","{""type"": ""Polygon"", ""coordinates"": [[[0.911801460512391, 47.96795310916531], [0.902277689818823, 47.969124908543506], [0.905166360837053, 47.97540610306164], [0.902245005415641, 47.97808174593199], [0.888081461078757, 47.979889747413395], [0.87662751237455, 48.00038901754651], [0.88504670689184, 48.008228673286546], [0.8942729279815, 47.992793183177845], [0.901006345400318, 47.987692190703065], [0.915365690768957, 47.98435568765418], [0.911801460512391, 47.96795310916531]]]}",29103,143,11,2,41,24
55411,55220,RAMBLUZIN-ET-BENOITE-VAUX,MEUSE,LORRAINE,"Commune simple",289.0,1840.0,0.1,"48.9907557305, 5.33360643775","{""type"": ""Polygon"", ""coordinates"": [[[5.341424401088676, 48.96030336739338], [5.335089490558602, 48.96952213669192], [5.33199051165935, 48.97232628627696], [5.322217146778505, 48.970122983940236], [5.318119173816832, 48.97229838084621], [5.304953877788033, 48.98695480433221], [5.298816711955056, 49.00672853017443], [5.301393331570568, 49.00963874790398], [5.327469279112255, 49.01264419386031], [5.34304860335006, 49.01088369512355], [5.355317104482477, 49.00458924541386], [5.371150269242977, 49.004565268838775], [5.375035020785521, 49.002203436649395], [5.370318222112983, 48.9965212332653], [5.348055228613718, 48.98823286490742], [5.348277062434432, 48.98134648629324], [5.363730066716236, 48.97192071800085], [5.365638036694615, 48.96970598566254], [5.35858431627104, 48.967236020491676], [5.341424401088676, 48.96030336739338]]]}",9035,411,18,3,55,41
30145,30210,LEDENON,GARD,LANGUEDOC-ROUSSILLON,"Commune simple",122.0,1935.0,1.4,"43.9087685833, 4.5151493479","{""type"": ""Polygon"", ""coordinates"": [[[4.524246782064592, 43.87758224024053], [4.516543223838279, 43.88035382096663], [4.506123430308362, 43.895295655664654], [4.498193236601236, 43.89904115924073], [4.490313820236418, 43.89618766953875], [4.492994042176524, 43.90919350658793], [4.488116673283908, 43.918387144307125], [4.49499749367122, 43.94100308891906], [4.498553909329989, 43.943132668607326], [4.509672100828452, 43.93723683502119], [4.523139381624855, 43.935906764395234], [4.522513200393412, 43.92271071598153], [4.531752497618742, 43.912464232302916], [4.535942347063243, 43.902981210737146], [4.544861550786755, 43.90181125986444], [4.547186190053242, 43.89893399560887], [4.548481945409731, 43.88933847930294], [4.539732070106035, 43.887482011087016], [4.53337723022119, 43.878858502658396], [4.524246782064592, 43.87758224024053]]]}",17708,145,16,2,30,91
19009,19000,"LES ANGLES-SUR-CORREZE",CORREZE,LIMOUSIN,"Commune simple",341.0,474.0,0.1,"45.3096037325, 1.80359667854","{""type"": ""Polygon"", ""coordinates"": [[[1.81437770261997, 45.32130831918076], [1.820671397309856, 45.30862315354504], [1.818734041284986, 45.3054958547592], [1.813122423535397, 45.29994317386432], [1.799007430466774, 45.300044692855], [1.784132475748336, 45.30806998096495], [1.783817728973271, 45.31138057151937], [1.794128939880446, 45.31792205873637], [1.80308765907017, 45.316820506839264], [1.81437770261997, 45.32130831918076]]]}",17741,009,36,2,19,74
39061,39130,BOISSIA,JURA,FRANCHE-COMTE,"Commune simple",478.0,586.0,0.1,"46.5806605913, 5.7211528831","{""type"": ""Polygon"", ""coordinates"": [[[5.710696290430236, 46.56422295752282], [5.703289646238933, 46.56790292080034], [5.702613432713003, 46.58059547484411], [5.712616355829981, 46.58099856353635], [5.71866909373461, 46.58654910555724], [5.713252681747681, 46.5955971698569], [5.737007918997109, 46.59468943565235], [5.744020826515661, 46.590169860176694], [5.742930742555083, 46.58695245733598], [5.730942272590217, 46.58242785327496], [5.731305711974768, 46.57613037127495], [5.717194694071629, 46.56408686414375], [5.710696290430236, 46.56422295752282]]]}",18061,061,10,2,39,43
65296,65700,MADIRAN,HAUTES-PYRENEES,MIDI-PYRENEES,"Commune simple",184.0,1515.0,0.5,"43.5517824555, -0.057201539613","{""type"": ""Polygon"", ""coordinates"": [[[-0.04923196715764, 43.529754347807994], [-0.056175708111277, 43.533034457036756], [-0.069730440001813, 43.546752091934714], [-0.087122757307187, 43.54237783924556], [-0.091502453562989, 43.5425682759306], [-0.094874778421723, 43.548180800098386], [-0.089778116264258, 43.55997754364249], [-0.056079894124765, 43.57076425082004], [-0.041285707674904, 43.563373197643045], [-0.028067347468708, 43.56254525329049], [-0.028203179274224, 43.55268209059169], [-0.023699354742295, 43.55225843939131], [-0.02335342342338, 43.54686572514984], [-0.04923196715764, 43.529754347807994]]]}",9268,296,09,3,65,73
02804,02210,VILLEMONTOIRE,AISNE,PICARDIE,"Commune simple",131.0,768.0,0.2,"49.3000199564, 3.32189672243","{""type"": ""Polygon"", ""coordinates"": [[[3.342087826067045, 49.28660184659663], [3.315093658815051, 49.28818556907987], [3.31445349708153, 49.29138750176222], [3.293874374662541, 49.30019506481565], [3.300334241445781, 49.30951911113602], [3.308333745474306, 49.31376886807772], [3.322765091920178, 49.310647834703225], [3.331770922813136, 49.31070433400027], [3.336583745537363, 49.3108168670372], [3.346493717790568, 49.293987650489555], [3.342087826067045, 49.28660184659663]]]}",16393,804,24,4,02,22
60026,60360,AUCHY-LA-MONTAGNE,OISE,PICARDIE,"Commune simple",170.0,796.0,0.5,"49.5739624558, 2.11947399318","{""type"": ""Polygon"", ""coordinates"": [[[2.144979427852176, 49.56384868028079], [2.135067958611982, 49.56575567056248], [2.100489713470022, 49.55978842296381], [2.097278188360918, 49.562496745087856], [2.10207748046671, 49.56854486370867], [2.096899402594951, 49.56910860508634], [2.100388694121108, 49.58212105677152], [2.112718278322141, 49.588511734411284], [2.123119820059672, 49.588164884221754], [2.135321389001553, 49.581889505525524], [2.145085811471358, 49.57405893469378], [2.144979427852176, 49.56384868028079]]]}",17934,026,13,1,60,22
53128,53540,LAUBRIERES,MAYENNE,"PAYS DE LA LOIRE","Commune simple",80.0,846.0,0.3,"47.9483524885, -1.07070944071","{""type"": ""Polygon"", ""coordinates"": [[[-1.051757472526071, 47.93101283853742], [-1.06614542882415, 47.93853551559951], [-1.080131178632438, 47.93572535148952], [-1.094513807007588, 47.938766162109545], [-1.089444834832002, 47.948332818842246], [-1.09462609414705, 47.95792972766967], [-1.092388765109241, 47.96057596436697], [-1.079503009306088, 47.959104796209836], [-1.078924013309011, 47.96482908393904], [-1.052903146351747, 47.95933179347079], [-1.055476825556013, 47.95632332110208], [-1.04659721266803, 47.94404092508532], [-1.051757472526071, 47.93101283853742]]]}",20396,128,07,1,53,52
25313,25110,HYEVRE-PAROISSE,DOUBS,FRANCHE-COMTE,"Commune simple",387.0,877.0,0.2,"47.3738771154, 6.43305986527","{""type"": ""Polygon"", ""coordinates"": [[[6.407531932213032, 47.356656090235546], [6.398312028421872, 47.3578453308622], [6.392670334377715, 47.362569587058196], [6.402057862479192, 47.36923307890076], [6.440291387602021, 47.383425094221785], [6.447228617516398, 47.39186068660399], [6.463531220442788, 47.391781408470294], [6.466369939645154, 47.389921651235476], [6.468908387042908, 47.38711564193182], [6.455122278753602, 47.378461627653856], [6.452834755485869, 47.36910441475432], [6.45119683216611, 47.363440276560404], [6.423891653708035, 47.37072706009738], [6.417029699730563, 47.35858461357863], [6.407531932213032, 47.356656090235546]]]}",26271,313,04,1,25,43
33398,33190,SAINT-EXUPERY,GIRONDE,AQUITAINE,"Commune simple",55.0,424.0,0.2,"44.6331784012, -0.100374502546","{""type"": ""Polygon"", ""coordinates"": [[[-0.104239697431897, 44.62160385705001], [-0.106718863600251, 44.63133662397672], [-0.120148832771771, 44.633481010639024], [-0.118974689066039, 44.643271645057446], [-0.115057467445474, 44.644778599302754], [-0.103541097350461, 44.64007512983547], [-0.086104377182969, 44.63782440329532], [-0.081287155588605, 44.62911145746949], [-0.083740313295886, 44.62344814312176], [-0.096570525430027, 44.6246029747234], [-0.104239697431897, 44.62160385705001]]]}",25250,398,38,3,33,72
62582,62118,MONCHY-LE-PREUX,PAS-DE-CALAIS,NORD-PAS-DE-CALAIS,"Commune simple",87.0,944.0,0.6,"50.2680152947, 2.89515601798","{""type"": ""Polygon"", ""coordinates"": [[[2.91555325868877, 50.25294554181142], [2.905921770225724, 50.25102600905576], [2.902633324929745, 50.25702148684495], [2.874827190992965, 50.264736276404385], [2.853071022356259, 50.2703151050207], [2.869437347923918, 50.27981519354765], [2.889946251400695, 50.281882376026005], [2.909594706535362, 50.27236286033906], [2.917633203070919, 50.27428997170125], [2.931658524280818, 50.26320061650813], [2.91555325868877, 50.25294554181142]]]}",30707,582,46,1,62,31
22099,22800,LANFAINS,COTES-D'ARMOR,BRETAGNE,"Commune simple",244.0,2243.0,1.0,"48.3653621373, -2.91178425275","{""type"": ""Polygon"", ""coordinates"": [[[-2.878041465832749, 48.364791317025826], [-2.871873868477215, 48.35564280402566], [-2.887754159925819, 48.342736643443395], [-2.922951421767595, 48.34534533448445], [-2.933648996169659, 48.34682995751765], [-2.954134226443445, 48.36277152108061], [-2.94932351678422, 48.37528409964511], [-2.936944141036889, 48.37982167321975], [-2.932016570075558, 48.385355836955625], [-2.926277692899017, 48.386112559539605], [-2.91781713788626, 48.383874497762115], [-2.891625352278556, 48.394519100203624], [-2.887061396127983, 48.39356437207206], [-2.893307764157822, 48.381028924476524], [-2.881447587891614, 48.37465427106921], [-2.878041465832749, 48.364791317025826]]]}",9100,099,34,4,22,53
16223,16220,MONTBRON,CHARENTE,POITOU-CHARENTES,"Chef-lieu canton",167.0,4308.0,2.2,"45.667656871, 0.504316384558","{""type"": ""Polygon"", ""coordinates"": [[[0.535417870915184, 45.64286003905075], [0.525832888237969, 45.64178483039928], [0.512656628411834, 45.63145803356204], [0.508421997343342, 45.621400072369354], [0.505231160757954, 45.61869864168061], [0.500403299732158, 45.61956446911197], [0.493873880111597, 45.62426620961287], [0.47556201266958, 45.62797407763257], [0.466553426029331, 45.63570889248472], [0.453123464081088, 45.63898247590657], [0.453735593414155, 45.64913201118295], [0.455646923314667, 45.65226549317511], [0.464706399532132, 45.6544520059649], [0.467856653182661, 45.67461401303167], [0.471267065858189, 45.6770421229299], [0.47334626427685, 45.678512288879], [0.501107000683412, 45.684789623362], [0.502380860399098, 45.70896295545707], [0.511467603436955, 45.71707421487667], [0.52375550635817, 45.71638091204362], [0.538810338418411, 45.72777408072989], [0.539021447653097, 45.71118367270743], [0.546346046241562, 45.70782982269911], [0.544779918637171, 45.68836284997707], [0.527871661259001, 45.67695665571292], [0.529676411914961, 45.67050059879598], [0.538578877782797, 45.668254074662485], [0.536192785807965, 45.66181435235601], [0.54025471741535, 45.66003827455621], [0.522634304687195, 45.65643557417789], [0.535417870915184, 45.64286003905075]]]}",5190,223,19,1,16,54
24145,24100,CREYSSE,DORDOGNE,AQUITAINE,"Commune simple",71.0,1107.0,1.9,"44.8643965465, 0.548982733811","{""type"": ""Polygon"", ""coordinates"": [[[0.527861719912063, 44.84385470970011], [0.527717008353712, 44.860371716716934], [0.532518251179283, 44.86610842237028], [0.528410112026121, 44.87915041832368], [0.549267419126439, 44.885449816193066], [0.557756728638488, 44.884285701389395], [0.565560730093044, 44.86415374760592], [0.57960213964078, 44.861623430373484], [0.583996517004647, 44.855747146994936], [0.582092070903346, 44.853507822755056], [0.574942695300418, 44.853676095539754], [0.560010832031707, 44.853132609952304], [0.527861719912063, 44.84385470970011]]]}",18106,145,48,1,24,72
28396,28800,TRIZAY-LES-BONNEVAL,EURE-ET-LOIR,CENTRE,"Commune simple",141.0,988.0,0.3,"48.1997904547, 1.33237948177","{""type"": ""Polygon"", ""coordinates"": [[[1.335017979583307, 48.189697550753316], [1.317732105202411, 48.18305349944282], [1.30872091115057, 48.18623677670246], [1.305286204935656, 48.192190561135966], [1.308397610239574, 48.19842718330019], [1.316792451977994, 48.209995051217554], [1.328951171485557, 48.215099606291425], [1.348668605537357, 48.21371191467512], [1.363241559723632, 48.19798506561144], [1.357420567601822, 48.1929723028756], [1.335017979583307, 48.189697550753316]]]}",30846,396,04,2,28,24
89004,89390,AISY-SUR-ARMANCON,YONNE,BOURGOGNE,"Commune simple",285.0,1810.0,0.3,"47.6569574082, 4.2090837181","{""type"": ""Polygon"", ""coordinates"": [[[4.215348792954977, 47.630797526919174], [4.210479433116406, 47.63159526261415], [4.202412469981371, 47.64002346754784], [4.179693587353675, 47.64684452211953], [4.177163516997572, 47.66319048415973], [4.184218715719748, 47.67907046623967], [4.196707411550735, 47.674874474166785], [4.226612905065, 47.678210278650575], [4.225712117345449, 47.671495314189656], [4.247804766975087, 47.658775832448256], [4.227158192575013, 47.64108945573486], [4.223654015016773, 47.632331192283175], [4.215348792954977, 47.630797526919174]]]}",24548,004,02,2,89,26
23109,23220,LINARD,CREUSE,LIMOUSIN,"Commune simple",323.0,1255.0,0.2,"46.3666691845, 1.87647741216","{""type"": ""Polygon"", ""coordinates"": [[[1.865159381793594, 46.34188628304297], [1.861956535860838, 46.3483294097423], [1.843132515423664, 46.34800488475251], [1.842386265969219, 46.351311395417376], [1.859528123460056, 46.36374980022747], [1.866192509589121, 46.38048561231596], [1.884340026219619, 46.394100804481866], [1.890083675269608, 46.38878951245943], [1.887080550240985, 46.37585530215377], [1.891831629069388, 46.37575746505708], [1.901513464077678, 46.38215497976262], [1.910015423152599, 46.370178123597995], [1.891518679987505, 46.36167872962358], [1.883035523300956, 46.35413933444984], [1.874488098210286, 46.3523622357635], [1.873130597946485, 46.34376647614141], [1.865159381793594, 46.34188628304297]]]}",3585,109,06,2,23,74
79147,79240,LARGEASSE,DEUX-SEVRES,POITOU-CHARENTES,"Commune simple",189.0,3033.0,0.7,"46.6817186542, -0.514612797017","{""type"": ""Polygon"", ""coordinates"": [[[-0.482504053358796, 46.64618928071718], [-0.505204033399329, 46.641215870892665], [-0.527246996310734, 46.652995651772194], [-0.547882283790436, 46.6783530059196], [-0.558982791545749, 46.69986624193806], [-0.533513643887773, 46.70568305655465], [-0.507575521228895, 46.71141825380319], [-0.488034218372272, 46.71359131300775], [-0.474374484024081, 46.70490282383107], [-0.482901661247773, 46.69384676782146], [-0.496578715344356, 46.671907521079], [-0.487948230305319, 46.66413084454984], [-0.495173662024289, 46.651292471789326], [-0.482504053358796, 46.64618928071718]]]}",5628,147,18,3,79,54
31577,31480,VIGNAUX,HAUTE-GARONNE,MIDI-PYRENEES,"Commune simple",194.0,406.0,0.1,"43.6872018881, 1.06696295842","{""type"": ""Polygon"", ""coordinates"": [[[1.077746520751175, 43.67592390001379], [1.051339015168029, 43.67864030607249], [1.052225903918818, 43.685019809133756], [1.058905111601292, 43.6892255945752], [1.059905501704885, 43.69558008384409], [1.065703094228445, 43.700228775419866], [1.077381343376846, 43.699373632733746], [1.077746520751175, 43.67592390001379]]]}",22747,577,07,3,31,73
84035,84300,CAVAILLON,VAUCLUSE,"PROVENCE-ALPES-COTE D'AZUR","Chef-lieu canton",74.0,4591.0,24.7,"43.8508361826, 5.03606300916","{""type"": ""Polygon"", ""coordinates"": [[[5.04262447389624, 43.80650196182338], [5.035341377806843, 43.82014102893716], [5.027721176469074, 43.82858279120976], [4.997638859435646, 43.8448553507295], [4.991487461698584, 43.85072008219936], [4.975076006076657, 43.882984602449106], [4.985858656552297, 43.88918948550852], [4.995148018345912, 43.890712511112454], [5.00298317447367, 43.882350018277386], [5.021885385714152, 43.87908478326424], [5.069135337632072, 43.87341898110454], [5.085628422224075, 43.85342595005734], [5.086456043376135, 43.846793471477234], [5.077896242480297, 43.84468830992445], [5.07194945035962, 43.82956082088882], [5.092333920354374, 43.821843872381926], [5.0758024925126, 43.811366415313536], [5.0677577353206, 43.8147510140067], [5.04262447389624, 43.80650196182338]]]}",17446,035,11,1,84,93
47247,47120,SAINT-JEAN-DE-DURAS,LOT-ET-GARONNE,AQUITAINE,"Commune simple",109.0,1657.0,0.2,"44.6891665815, 0.302703154617","{""type"": ""Polygon"", ""coordinates"": [[[0.30623100351038, 44.66005187858547], [0.286315949777154, 44.66945586379751], [0.290002236207339, 44.689391102866395], [0.283741457603169, 44.69430918906212], [0.274669264769683, 44.695185129369946], [0.274840055661462, 44.70496327217119], [0.285563001709965, 44.710226337866004], [0.295430516580386, 44.72044897247267], [0.302397721235028, 44.71770030479318], [0.305629641881525, 44.71247320273542], [0.306296289060101, 44.70910236349919], [0.317825178101826, 44.70362616155162], [0.32496080264716, 44.69115158013002], [0.326846453182832, 44.667659337866226], [0.310892585791873, 44.664984588366835], [0.30623100351038, 44.66005187858547]]]}",10769,247,11,2,47,72
89219,89570,LASSON,YONNE,BOURGOGNE,"Commune simple",156.0,708.0,0.1,"48.0641584411, 3.81006151723","{""type"": ""Polygon"", ""coordinates"": [[[3.821979739572452, 48.04391955896644], [3.812905106158841, 48.04375757383479], [3.812359021114753, 48.0501508553365], [3.794288475803494, 48.06594177879247], [3.789749275712086, 48.07845410477507], [3.798608039273157, 48.08616961019847], [3.82635195008177, 48.06351641000922], [3.828647451723307, 48.048066516250124], [3.821979739572452, 48.04391955896644]]]}",34933,219,16,2,89,26
60025,60350,ATTICHY,OISE,PICARDIE,"Chef-lieu canton",103.0,1482.0,1.9,"49.4257269191, 3.04404702722","{""type"": ""Polygon"", ""coordinates"": [[[3.065610939202013, 49.39891804170938], [3.045163591174361, 49.40396987986126], [3.037205665289402, 49.40841282210971], [3.021929487595171, 49.40852441429147], [3.02481500568368, 49.42219496672865], [3.018729740912582, 49.43543554270033], [3.023130486836592, 49.444980033618386], [3.030837803177951, 49.447899395231026], [3.048803282591503, 49.451254964922626], [3.064296517106965, 49.43821519747531], [3.062189130015137, 49.41652795633279], [3.070260330063377, 49.4048926978995], [3.065610939202013, 49.39891804170938]]]}",18250,025,01,3,60,22
50341,50310,MONTEBOURG,MANCHE,BASSE-NORMANDIE,"Chef-lieu canton",65.0,584.0,2.1,"49.4973576116, -1.38713307717","{""type"": ""Polygon"", ""coordinates"": [[[-1.379932130843589, 49.48292329185649], [-1.388205865473733, 49.48694439376746], [-1.396898139985167, 49.48340651884608], [-1.407885376125863, 49.49053230649744], [-1.40029150602709, 49.49786562295006], [-1.402026607059453, 49.50359945898333], [-1.371290855386104, 49.514847820695834], [-1.370016887435833, 49.507998957904626], [-1.375636703042596, 49.50370956029498], [-1.372874024369162, 49.491063587916976], [-1.379932130843589, 49.48292329185649]]]}",17018,341,22,2,50,25
65346,65190,OUEILLOUX,HAUTES-PYRENEES,MIDI-PYRENEES,"Commune simple",407.0,445.0,0.2,"43.1751943141, 0.181896926196","{""type"": ""Polygon"", ""coordinates"": [[[0.182987811856728, 43.16046377190901], [0.166828805712289, 43.16329853353666], [0.163661009390849, 43.16796751713785], [0.181326719899864, 43.18266954273145], [0.188373311158087, 43.19405917675049], [0.193817585653693, 43.19492998152175], [0.193508000073478, 43.1795309983026], [0.194026145984596, 43.17392818972873], [0.189247840263149, 43.169267530834865], [0.184960523621422, 43.16968672062091], [0.182987811856728, 43.16046377190901]]]}",21464,346,23,3,65,73
25372,25250,MEDIERE,DOUBS,FRANCHE-COMTE,"Commune simple",370.0,572.0,0.3,"47.4632149393, 6.60260963747","{""type"": ""Polygon"", ""coordinates"": [[[6.598085609924817, 47.44869925527706], [6.595249077636487, 47.45512178788519], [6.586645595987198, 47.458577260769175], [6.582916156090884, 47.46677506081643], [6.596618871849303, 47.47451637435186], [6.602959634732697, 47.4757169688793], [6.614676323669358, 47.472677352238975], [6.62161475958578, 47.46562213493689], [6.611129721178541, 47.451439971893436], [6.598085609924817, 47.44869925527706]]]}",29867,372,10,2,25,43
16043,16170,BIGNAC,CHARENTE,POITOU-CHARENTES,"Commune simple",72.0,772.0,0.2,"45.7868199586, 0.0537222211311","{""type"": ""Polygon"", ""coordinates"": [[[0.033562377715798, 45.77016046783291], [0.032073866804745, 45.77341942477809], [0.041580522844121, 45.79234944727653], [0.057947376197743, 45.80502358227612], [0.07225784562315, 45.80607158444472], [0.07316164108335, 45.80943814399652], [0.076228973453984, 45.80334505795472], [0.064258525463372, 45.793194126587316], [0.067681081773698, 45.7770180774885], [0.061776650488604, 45.77253908174345], [0.033562377715798, 45.77016046783291]]]}",34512,043,23,2,16,54
67427,67220,SAINT-MAURICE,BAS-RHIN,ALSACE,"Commune simple",280.0,159.0,0.4,"48.3329201616, 7.33527285146","{""type"": ""Polygon"", ""coordinates"": [[[7.334916493300273, 48.325010142759446], [7.325052740284521, 48.33223729248666], [7.329490857708349, 48.33772459474371], [7.344527742273514, 48.33847994096973], [7.343413426961089, 48.332024157013755], [7.334916493300273, 48.325010142759446]]]}",30730,427,32,5,67,42
71057,71250,BRAY,SAONE-ET-LOIRE,BOURGOGNE,"Commune simple",269.0,991.0,0.1,"46.5037410885, 4.70644057084","{""type"": ""Polygon"", ""coordinates"": [[[4.725826765137684, 46.485451380427364], [4.714419561055097, 46.49173856008371], [4.685624400660384, 46.49168944708022], [4.681542123678629, 46.493361743569125], [4.682858093809203, 46.50304242921119], [4.685236501564612, 46.51204996196014], [4.692023733158679, 46.51594864345985], [4.689059200334223, 46.52132433160688], [4.701073778817891, 46.51665199823984], [4.713038145591801, 46.520823594394415], [4.717781953806065, 46.51485312049054], [4.727329169466421, 46.51312414755351], [4.73062208115029, 46.5071299749293], [4.725826765137684, 46.485451380427364]]]}",20145,057,12,5,71,26
81080,81170,DONNAZAC,TARN,MIDI-PYRENEES,"Commune simple",272.0,475.0,0.1,"44.0124743506, 1.94438171897","{""type"": ""Polygon"", ""coordinates"": [[[1.952923949108558, 44.00306969323378], [1.934459205670868, 44.00225233572901], [1.929744735551653, 44.00828182472297], [1.929901901294969, 44.01518697210111], [1.944371680469861, 44.02518343157618], [1.962451662239396, 44.0146634126883], [1.962718079825373, 44.01304580272383], [1.955151681783795, 44.00942750748498], [1.952923949108558, 44.00306969323378]]]}",20203,080,09,1,81,73
55544,55600,VELOSNES,MEUSE,LORRAINE,"Commune simple",236.0,442.0,0.2,"49.4989737491, 5.46049245047","{""type"": ""Polygon"", ""coordinates"": [[[5.45555476256944, 49.48093612513143], [5.455958224884865, 49.484183024982826], [5.464453436204151, 49.486923911937474], [5.463655198992966, 49.49014125989241], [5.442002832100533, 49.50361755833101], [5.451027265922883, 49.50640266446383], [5.45174023585055, 49.51237668261362], [5.429465991399573, 49.519388895846895], [5.429455813393182, 49.52034219491508], [5.442762180842545, 49.51872612388566], [5.447196704778715, 49.517881411050716], [5.463425146696231, 49.50896574494142], [5.466285113139419, 49.498926746656494], [5.470910562309632, 49.49721400432904], [5.482492052243278, 49.49375822494515], [5.473755297044884, 49.48259805500713], [5.463081783700684, 49.48191631902095], [5.461249945801054, 49.484012701309325], [5.45555476256944, 49.48093612513143]]]}",10783,544,14,3,55,41
79171,79100,MAUZE-THOUARSAIS,DEUX-SEVRES,POITOU-CHARENTES,"Commune simple",96.0,4971.0,2.1,"46.9730884096, -0.286634323187","{""type"": ""Polygon"", ""coordinates"": [[[-0.257170647828501, 46.92463246681761], [-0.273821825919012, 46.932658114522816], [-0.288304189292163, 46.93414706216352], [-0.310595582256936, 46.94755755558213], [-0.327776571201754, 46.95218124156144], [-0.320613284126098, 46.9673198703457], [-0.329477010941086, 46.969740624637076], [-0.336674075345944, 46.97820161920149], [-0.346059692420768, 46.98029065650703], [-0.329293073855709, 46.99644686095363], [-0.315704684914515, 46.99973091720133], [-0.308703274143716, 47.01207916775878], [-0.303416485623167, 47.01675429561856], [-0.294215165478105, 47.018837607897716], [-0.285747827945471, 47.02714397624335], [-0.25852389010431, 47.0099388554175], [-0.270201058595249, 46.99197371175889], [-0.254720807456702, 46.97133463511325], [-0.250029447975508, 46.97016036749041], [-0.251337024852145, 46.957327689974825], [-0.233086678559428, 46.96157163212359], [-0.227134502302563, 46.95623268118084], [-0.243017017162435, 46.939089251978956], [-0.257170647828501, 46.92463246681761]]]}",12973,171,32,1,79,54
76339,76450,"LE HANOUARD",SEINE-MARITIME,HAUTE-NORMANDIE,"Commune simple",96.0,430.0,0.2,"49.7227537763, 0.65491146964","{""type"": ""Polygon"", ""coordinates"": [[[0.648757002119747, 49.71138862805981], [0.635768415501748, 49.7146788286509], [0.643634539174688, 49.72329013615136], [0.644339499132812, 49.72996468368446], [0.651496513378397, 49.734768202638236], [0.669598965118601, 49.72981245312471], [0.67312853497915, 49.72019879313936], [0.648757002119747, 49.71138862805981]]]}",17393,339,40,2,76,23
32055,32380,BIVES,GERS,MIDI-PYRENEES,"Commune simple",151.0,1007.0,0.1,"43.8298621138, 0.805981896154","{""type"": ""Polygon"", ""coordinates"": [[[0.811369550607628, 43.810437897274554], [0.786338727951928, 43.815099869799226], [0.793244279877887, 43.82268489435975], [0.788666986838317, 43.84168653680253], [0.787762238797201, 43.85252535252185], [0.794687483161562, 43.84844334344572], [0.811951222057739, 43.84655836906976], [0.816843441113922, 43.841254887177044], [0.830430627066646, 43.828022378774044], [0.821377934095926, 43.82117111657786], [0.821357728708532, 43.81485106062333], [0.812909799055768, 43.813394572573685], [0.811369550607628, 43.810437897274554]]]}",29891,055,25,2,32,73
58167,58420,MICHAUGUES,NIEVRE,BOURGOGNE,"Commune simple",243.0,441.0,0.1,"47.2690184387, 3.52126658835","{""type"": ""Polygon"", ""coordinates"": [[[3.540249337835037, 47.25966750918726], [3.507199464771393, 47.262166454595395], [3.508812266607977, 47.264896217633286], [3.501804980383779, 47.272209923531975], [3.506600794031581, 47.2800304075656], [3.535192233338711, 47.27372620635454], [3.539845503209349, 47.26817697985857], [3.540249337835037, 47.25966750918726]]]}",32403,167,01,2,58,26
04001,04510,AIGLUN,ALPES-DE-HAUTE-PROVENCE,"PROVENCE-ALPES-COTE D'AZUR","Commune simple",631.0,1463.0,1.2,"44.0638744567, 6.13842845338","{""type"": ""Polygon"", ""coordinates"": [[[6.143760886809027, 44.041262416071184], [6.134566464933946, 44.04844377905565], [6.111162805899061, 44.05688489212121], [6.1079260776313, 44.06028249507816], [6.106189923203568, 44.070581986202896], [6.115598180339247, 44.07835812308268], [6.117294565649956, 44.085146403416594], [6.14119135329735, 44.0752578257937], [6.164350733273454, 44.07494212403614], [6.174522332956896, 44.06869363891124], [6.17457317759011, 44.06535037197365], [6.159577482682962, 44.052660472435896], [6.143760886809027, 44.041262416071184]]]}",20689,001,31,3,04,93
19103,19340,LAMAZIERE-HAUTE,CORREZE,LIMOUSIN,"Commune simple",826.0,1542.0,0.1,"45.6754049017, 2.38584451894","{""type"": ""Polygon"", ""coordinates"": [[[2.400040275417981, 45.648247306194904], [2.391678670297387, 45.648535623940425], [2.387907679671989, 45.65399928326903], [2.3755371209274, 45.65671393004823], [2.367210828711841, 45.6650241907821], [2.367889038146367, 45.67536587718045], [2.373690098772438, 45.68490769144342], [2.347584569648184, 45.70004127941259], [2.345205669781643, 45.70667329185769], [2.348543237626621, 45.70921407958513], [2.367804633948138, 45.71312394009334], [2.36941418330059, 45.70611794858327], [2.365903811174943, 45.699524497361686], [2.371653678319037, 45.69000225941792], [2.392638528161966, 45.68042784208332], [2.412638784560342, 45.680641963207215], [2.424470980056749, 45.669500724454544], [2.400040275417981, 45.648247306194904]]]}",12950,103,11,3,19,74
56044,56200,COURNON,MORBIHAN,BRETAGNE,"Commune simple",42.0,1090.0,0.7,"47.7490041075, -2.09816065532","{""type"": ""Polygon"", ""coordinates"": [[[-2.10945677348932, 47.73587721306969], [-2.116779158836964, 47.74041837366863], [-2.115180892312756, 47.747018358534405], [-2.11933049832882, 47.74886609429525], [-2.138879810440068, 47.74883825341297], [-2.134590925670052, 47.75442034463639], [-2.128630307720074, 47.761401402838096], [-2.088468399349358, 47.76259659255451], [-2.082389121166819, 47.7504957822501], [-2.062322430484643, 47.7512671008503], [-2.059858804036028, 47.73830524313743], [-2.10945677348932, 47.73587721306969]]]}",27708,044,08,3,56,53
70571,70300,VISONCOURT,HAUTE-SAONE,FRANCHE-COMTE,"Commune simple",326.0,450.0,0.0,"47.7522729682, 6.29965399455","{""type"": ""Polygon"", ""coordinates"": [[[6.289087930678058, 47.743870508949996], [6.271360609195846, 47.74618715959983], [6.270621171364422, 47.74958589690431], [6.283100018051814, 47.75527194304385], [6.292946351883529, 47.7539953815473], [6.324017780926605, 47.76447648545408], [6.325008910412842, 47.76002522750258], [6.320754441017925, 47.750723257120555], [6.30640315930521, 47.74956219606777], [6.305742035355537, 47.74622977177441], [6.289087930678058, 47.743870508949996]]]}",32817,571,32,1,70,43
62138,62770,BLANGY-SUR-TERNOISE,PAS-DE-CALAIS,NORD-PAS-DE-CALAIS,"Commune simple",81.0,1168.0,0.7,"50.423805898, 2.17392910662","{""type"": ""Polygon"", ""coordinates"": [[[2.164273477014851, 50.40372828731184], [2.153396374420499, 50.415729205744476], [2.156757614892968, 50.42058211845499], [2.15136954588227, 50.431811965864135], [2.14948959370812, 50.4416112798452], [2.167037724176925, 50.44646174143102], [2.168567926790554, 50.443186378787814], [2.178912586494043, 50.44158574000842], [2.190454313127036, 50.434551845423876], [2.198618546036737, 50.41875991013046], [2.199850335460213, 50.40576834099488], [2.189672663468088, 50.40709354762207], [2.164273477014851, 50.40372828731184]]]}",15624,138,39,4,62,31
59033,59620,AULNOYE-AYMERIES,NORD,NORD-PAS-DE-CALAIS,"Commune simple",137.0,863.0,8.8,"50.2058749072, 3.83263118494","{""type"": ""Polygon"", ""coordinates"": [[[3.85469527865826, 50.192509576869114], [3.845173193736933, 50.19443430615287], [3.831044213353492, 50.19187240680066], [3.8202131771858, 50.18556906114042], [3.81624409524177, 50.18749930965424], [3.814561750429705, 50.19770310816896], [3.824101495976396, 50.209664029558176], [3.807732944564449, 50.2186628114552], [3.806457234959484, 50.22204764338843], [3.811049699177373, 50.223894270650426], [3.830681324907179, 50.220090527277605], [3.840577730837235, 50.22184626830203], [3.847979683869849, 50.21752998087063], [3.856827442412455, 50.19534150903662], [3.85774593613988, 50.19340433553885], [3.85469527865826, 50.192509576869114]]]}",12047,033,10,1,59,31
17409,17200,SAINT-SULPICE-DE-ROYAN,CHARENTE-MARITIME,POITOU-CHARENTES,"Commune simple",15.0,2096.0,2.7,"45.6735457263, -1.00633243777","{""type"": ""Polygon"", ""coordinates"": [[[-0.998149385877901, 45.651875529998414], [-1.016232707020745, 45.655694535521704], [-1.04442056369828, 45.65663230121891], [-1.05474017947188, 45.66375372546606], [-1.029978754322561, 45.678132104715885], [-1.019355626322007, 45.68912442806936], [-1.011300407277296, 45.69690444817846], [-0.988722246243157, 45.698373818091724], [-0.977780735708898, 45.68758071575079], [-0.969321298962418, 45.68496708078623], [-0.972829968008574, 45.66827144129342], [-0.981411382860103, 45.666895209838444], [-0.978619537991768, 45.66061945368855], [-0.998149385877901, 45.651875529998414]]]}",3006,409,43,2,17,54
47176,47230,MONGAILLARD,LOT-ET-GARONNE,AQUITAINE,"Commune simple",110.0,860.0,0.2,"44.2096650364, 0.295708893452","{""type"": ""Polygon"", ""coordinates"": [[[0.297955855800489, 44.192668927984386], [0.285116384952368, 44.19233392813131], [0.277368094368481, 44.19886054512143], [0.279247703014902, 44.20535564106545], [0.275920121696417, 44.21155946903276], [0.285169695796988, 44.22290244035614], [0.298038565452683, 44.22092338342292], [0.30875215286012, 44.22634716620532], [0.316691298042406, 44.22373158984741], [0.317849362001206, 44.21671706498076], [0.297955855800489, 44.192668927984386]]]}",14705,176,18,4,47,72
2B352,20279,VILLE-DI-PARASO,HAUTE-CORSE,CORSE,"Commune simple",316.0,952.0,0.2,"42.5826432898, 8.99012410909","{""type"": ""Polygon"", ""coordinates"": [[[8.998596407117871, 42.548798956199704], [8.983790731055525, 42.56242434603378], [8.983322940916057, 42.58007642368125], [8.978896403132257, 42.58627513868232], [8.97812114719349, 42.61081496619352], [8.975146680696543, 42.61358722292222], [8.98485180466047, 42.620481648871205], [8.999952558078501, 42.585300021244926], [8.996031849428503, 42.583600113478305], [8.9943572943486, 42.57373164779044], [8.999903306362828, 42.56847901042361], [9.004393337698545, 42.56896555352766], [9.008195951903275, 42.559356754715736], [9.006242010829308, 42.553534440631736], [8.998418746404402, 42.551811186252166], [8.998596407117871, 42.548798956199704]]]}",814,352,05,5,2B,94
17476,17500,VILLEXAVIER,CHARENTE-MARITIME,POITOU-CHARENTES,"Commune simple",72.0,994.0,0.3,"45.3786120866, -0.439687126824","{""type"": ""Polygon"", ""coordinates"": [[[-0.441788161411713, 45.35787834171352], [-0.451648802978124, 45.363712610818546], [-0.462584214215032, 45.36089627286111], [-0.461438267062018, 45.36549236529895], [-0.45769614706021, 45.39291785006733], [-0.439205387688976, 45.38992700958801], [-0.426582695626151, 45.39993081186534], [-0.420457578122352, 45.39478232439303], [-0.417586400046235, 45.385325239683716], [-0.41749663383834, 45.373250628957216], [-0.43391514306493, 45.366403104568306], [-0.441788161411713, 45.35787834171352]]]}",30956,476,11,1,17,54
02612,02160,PONT-ARCY,AISNE,PICARDIE,"Commune simple",60.0,328.0,0.1,"49.391846031, 3.62003836186","{""type"": ""Polygon"", ""coordinates"": [[[3.643258968344937, 49.390556125706766], [3.641100670209924, 49.38752937341323], [3.626315627426762, 49.39008773597239], [3.620472298661483, 49.385120086628596], [3.600195159863111, 49.38551004814472], [3.600852003556873, 49.392248352055965], [3.612609003558966, 49.39776238101705], [3.622592164777935, 49.39875410551388], [3.633409689117053, 49.39812267849826], [3.643258968344937, 49.390556125706766]]]}",14945,612,32,4,02,22
58120,58140,GACOGNE,NIEVRE,BOURGOGNE,"Commune simple",410.0,2561.0,0.3,"47.2332591371, 3.87853362588","{""type"": ""Polygon"", ""coordinates"": [[[3.89648088924013, 47.20061466227526], [3.894969583281752, 47.20744186131918], [3.882686598828764, 47.21734965591351], [3.839094124313722, 47.22589339459472], [3.831066880443656, 47.25037669741954], [3.875864991552474, 47.2642358895534], [3.879049774732141, 47.25437140328447], [3.900877410207484, 47.24623609537667], [3.912874382670598, 47.2286309883605], [3.924864436382944, 47.22337705940784], [3.928255841599619, 47.21695759806634], [3.917082956102719, 47.206476651602124], [3.89648088924013, 47.20061466227526]]]}",927,120,06,2,58,26
82080,82100,LABASTIDE-DU-TEMPLE,TARN-ET-GARONNE,MIDI-PYRENEES,"Commune simple",83.0,1096.0,1.1,"44.0810961823, 1.20235818385","{""type"": ""Polygon"", ""coordinates"": [[[1.222848766571624, 44.06578851765544], [1.218209533851828, 44.066415318974975], [1.19825269162613, 44.05828351676451], [1.186797956382148, 44.063991097823994], [1.177361956521876, 44.064293559395416], [1.176583608090596, 44.06676532850539], [1.187181384076711, 44.072729995094775], [1.191967985004748, 44.08793362305114], [1.187617100004621, 44.09316432929998], [1.203727563627344, 44.10356676625365], [1.211585549714725, 44.106765250898576], [1.222739415827065, 44.10128403338599], [1.222646729544457, 44.097852505283605], [1.21207137736083, 44.09091039989805], [1.214820122452426, 44.07416533435774], [1.222848766571624, 44.06578851765544]]]}",313,080,25,1,82,73
03051,03370,CHAMBERAT,ALLIER,AUVERGNE,"Commune simple",366.0,2859.0,0.3,"46.4139665556, 2.42552132856","{""type"": ""Polygon"", ""coordinates"": [[[2.434765980356654, 46.3934358144206], [2.424734756231879, 46.39439423606178], [2.410269350300398, 46.39133978083951], [2.390621050266855, 46.39458637800459], [2.381942214283781, 46.38635422823679], [2.371954543008183, 46.38694804758885], [2.387333698661681, 46.399908690089376], [2.377240934837208, 46.410650954352015], [2.394551373774854, 46.416912422281754], [2.400034941282898, 46.433312215390636], [2.419171541042663, 46.44391978287042], [2.445389114660217, 46.439259531168], [2.469351289305395, 46.4156006861373], [2.466558594860289, 46.40959946142669], [2.474320491310598, 46.401170928184065], [2.457525666630755, 46.3950050599223], [2.434765980356654, 46.3934358144206]]]}",600,051,13,1,03,83
78239,78520,FOLLAINVILLE-DENNEMONT,YVELINES,ILE-DE-FRANCE,"Commune simple",98.0,976.0,1.8,"49.0229954846, 1.70861078904","{""type"": ""Polygon"", ""coordinates"": [[[1.708391598531213, 49.00829496111291], [1.670579802585331, 49.008259801912104], [1.674538185087175, 49.01921229519114], [1.683953365696409, 49.01998137086527], [1.696936635227611, 49.030599875160874], [1.707021648211629, 49.0287304423746], [1.711475849459005, 49.03054993861787], [1.723457161864234, 49.044976575506915], [1.73206579580757, 49.05041845798452], [1.735637866897226, 49.0486845382924], [1.730035337880511, 49.01542362185179], [1.708391598531213, 49.00829496111291]]]}",21956,239,10,1,78,11
05081,05700,MONTCLUS,HAUTES-ALPES,"PROVENCE-ALPES-COTE D'AZUR","Commune simple",1005.0,2144.0,0.1,"44.4149343324, 5.66992087691","{""type"": ""Polygon"", ""coordinates"": [[[5.685194120647671, 44.38325463323075], [5.666950328446244, 44.38389635044221], [5.654139197081657, 44.39379826394354], [5.654512432455224, 44.39720285345602], [5.651926160144818, 44.41412602830765], [5.641409119794207, 44.42087274043728], [5.636440793588508, 44.43399773359676], [5.648288396777718, 44.43842420278868], [5.64959880093679, 44.441707268746704], [5.668424595557829, 44.44127994678905], [5.681614066642101, 44.437591051226946], [5.69831565404666, 44.42165494355989], [5.698483146745105, 44.412256447004154], [5.692340048438617, 44.399616843716686], [5.686661385713952, 44.393792958149746], [5.685194120647671, 44.38325463323075]]]}",50,081,22,2,05,93
16194,16140,LUPSAULT,CHARENTE,POITOU-CHARENTES,"Commune simple",93.0,1143.0,0.1,"45.9351371201, -0.0650569575239","{""type"": ""Polygon"", ""coordinates"": [[[-0.074206256081397, 45.923835191661055], [-0.078065832608385, 45.92242349957511], [-0.095793038891634, 45.93088836119655], [-0.096631649096941, 45.9370745731844], [-0.086417095493337, 45.9507092478877], [-0.077214157599246, 45.952942507287304], [-0.057773465511745, 45.942772679389236], [-0.025670465676151, 45.934948707669264], [-0.020109689592017, 45.933168851184085], [-0.040156006362238, 45.923620213875026], [-0.074206256081397, 45.923835191661055]]]}",16845,194,01,3,16,54
39204,39240,DRAMELAY,JURA,FRANCHE-COMTE,"Commune simple",492.0,668.0,0.0,"46.4042095252, 5.53007674794","{""type"": ""Polygon"", ""coordinates"": [[[5.524499077484501, 46.38992070624116], [5.506066509768871, 46.40049849296266], [5.507190623303353, 46.40711355849084], [5.501524723471586, 46.41221996221147], [5.535177999620766, 46.411855717722325], [5.539643288696009, 46.41740525257069], [5.553775277542716, 46.4129095873775], [5.548519741762567, 46.393521881428065], [5.526624122699017, 46.39589184358585], [5.524499077484501, 46.38992070624116]]]}",16876,204,02,2,39,43
57338,57720,HOTTVILLER,MOSELLE,LORRAINE,"Commune simple",323.0,833.0,0.6,"49.0782664216, 7.35808063345","{""type"": ""Polygon"", ""coordinates"": [[[7.384963530335635, 49.05925418960745], [7.376152631339376, 49.06185409035094], [7.376101057514589, 49.06789851750491], [7.346321122824457, 49.06906137559397], [7.321590492770484, 49.06865741119551], [7.34371619993989, 49.08196975000347], [7.344408490164901, 49.08532155313168], [7.3412159687002, 49.087634187650394], [7.349028855761784, 49.09855358592379], [7.368116258736645, 49.08780246281598], [7.378377594603505, 49.08689751340367], [7.379903250101554, 49.06780488750011], [7.389818672044928, 49.06043654121305], [7.384963530335635, 49.05925418960745]]]}",13227,338,36,6,57,41
22290,22570,SAINT-GELVEN,COTES-D'ARMOR,BRETAGNE,"Commune simple",196.0,1799.0,0.3,"48.2278105935, -3.08912680587","{""type"": ""Polygon"", ""coordinates"": [[[-3.076966572901007, 48.20989970728708], [-3.081705672801067, 48.21001633342753], [-3.09007514942338, 48.20264431985002], [-3.094792121750391, 48.203041300349255], [-3.097569789011998, 48.205578020888744], [-3.115340484033459, 48.206769371591626], [-3.116750848809611, 48.20984590476068], [-3.12997277371188, 48.212308928681516], [-3.10856316034087, 48.2307566470007], [-3.106462843083453, 48.23757073476943], [-3.110420192564026, 48.24757270125233], [-3.090503758527273, 48.25095781940091], [-3.07094258232088, 48.24982709251356], [-3.066713966262307, 48.243736634348394], [-3.05690536808671, 48.243735230252845], [-3.054047699514932, 48.230282441117836], [-3.058302551135755, 48.224062823395286], [-3.067902747556239, 48.22170122778022], [-3.076966572901007, 48.20989970728708]]]}",13486,290,15,2,22,53
61413,61160,SAINT-LAMBERT-SUR-DIVE,ORNE,BASSE-NORMANDIE,"Commune simple",109.0,776.0,0.1,"48.8296369621, 0.0905725341208","{""type"": ""Polygon"", ""coordinates"": [[[0.078786538031276, 48.81100293756538], [0.073625821029673, 48.817734464369934], [0.064072464439884, 48.820155087773465], [0.061102011632258, 48.82666987191154], [0.090817756707508, 48.84129197049905], [0.101425906211037, 48.84054165881067], [0.125597350993523, 48.84723566032846], [0.113653630733827, 48.83220703901617], [0.078786538031276, 48.81100293756538]]]}",17928,413,35,2,61,25
76459,76270,NESLE-HODENG,SEINE-MARITIME,HAUTE-NORMANDIE,"Commune simple",172.0,1574.0,0.3,"49.7039732474, 1.52184808735","{""type"": ""Polygon"", ""coordinates"": [[[1.525227082862955, 49.67793273621639], [1.515834897796711, 49.68804588059785], [1.50694966840928, 49.68967170185766], [1.482567827840701, 49.70091851975527], [1.518612485650632, 49.72994943996466], [1.530749899697117, 49.72199050385679], [1.54742574707376, 49.71513600243199], [1.554770892788876, 49.71122431055442], [1.551979405812793, 49.70212346164883], [1.539801974081848, 49.687958358975614], [1.541856048136167, 49.68490043502343], [1.525227082862955, 49.67793273621639]]]}",7816,459,38,1,76,23
26357,26790,TULETTE,DROME,RHONE-ALPES,"Commune simple",148.0,2298.0,1.9,"44.2840624868, 4.93792582794","{""type"": ""Polygon"", ""coordinates"": [[[4.932910424012261, 44.262151807336586], [4.897039942155716, 44.258419256966235], [4.901282946732472, 44.264279389702416], [4.898262842752254, 44.278494610874944], [4.912744702976013, 44.290209685136276], [4.921836025587277, 44.30879742414984], [4.97996752409039, 44.297249027920444], [4.987017636370663, 44.292718775353116], [4.989526420785677, 44.28597430712335], [4.97128794681135, 44.27982903702534], [4.942856934457623, 44.269053423362784], [4.932910424012261, 44.262151807336586]]]}",23473,357,25,2,26,82
31242,31110,JURVIELLE,HAUTE-GARONNE,MIDI-PYRENEES,"Commune simple",1631.0,590.0,0.0,"42.8293252731, 0.475016792399","{""type"": ""Polygon"", ""coordinates"": [[[0.490189977189004, 42.81484741690655], [0.47306782333467, 42.81657743749453], [0.4587931887499, 42.8238692502498], [0.464128802491678, 42.83995580270415], [0.467500340348106, 42.84674709849268], [0.478936743096228, 42.84495620581101], [0.492786853173817, 42.81753515809989], [0.490189977189004, 42.81484741690655]]]}",20191,242,04,2,31,73
23176,23300,"LA SOUTERRAINE",CREUSE,LIMOUSIN,"Chef-lieu canton",370.0,3685.0,5.5,"46.2366579943, 1.47591088913","{""type"": ""Polygon"", ""coordinates"": [[[1.495362600936031, 46.1910618160048], [1.490972774728804, 46.19035516399136], [1.481690890564412, 46.196788311929645], [1.469065558147746, 46.195132933175906], [1.472499961605715, 46.20546457252428], [1.467266159152607, 46.222848784518185], [1.454407369442022, 46.22651157733789], [1.441218736885121, 46.24444381894988], [1.43151652155002, 46.245985725553574], [1.418062696088995, 46.24210678540694], [1.419455832106723, 46.24870997185641], [1.407696117550783, 46.25443637329777], [1.406455994246698, 46.2609127919534], [1.415086312265627, 46.26915723493011], [1.424438676857543, 46.26729659765987], [1.4367578422715, 46.272483070755406], [1.439102560113309, 46.27178571094786], [1.447143248577789, 46.25937659637206], [1.497906775498492, 46.25441077973095], [1.517000384395955, 46.249320380257075], [1.530973305966593, 46.25255475549207], [1.535799074803347, 46.24735723615727], [1.542893233692356, 46.23638850936046], [1.542677200615116, 46.23328756097668], [1.513866210560856, 46.23468913249404], [1.504953816676114, 46.21884714544545], [1.507524172798026, 46.20879369648648], [1.495362600936031, 46.1910618160048]]]}",3622,176,25,2,23,74
55268,55300,LACROIX-SUR-MEUSE,MEUSE,LORRAINE,"Commune simple",258.0,2124.0,0.7,"48.983746854, 5.52830793027","{""type"": ""Polygon"", ""coordinates"": [[[5.512354895377623, 48.95519633994497], [5.504522683698053, 48.96702019565676], [5.493181210825593, 48.973860198241326], [5.477290663078945, 48.98109896399932], [5.50490066454647, 48.99612562335252], [5.530408681949013, 48.99771348802037], [5.534921952825067, 49.00306117811079], [5.530454538813203, 49.0048288524718], [5.533635042748323, 49.011158301406645], [5.553453925019904, 49.00924475951952], [5.571401668633412, 49.01403457789403], [5.576920650795389, 49.01252170241818], [5.582261875741266, 49.0074406797979], [5.569091829511346, 49.00522230377916], [5.566887810009988, 49.00240851409896], [5.562550161327714, 49.004012691224275], [5.555467013211556, 48.99901764543906], [5.545866080883512, 48.98725609563948], [5.5479851975701, 48.98085033149067], [5.560159243079007, 48.974653073583774], [5.549919218962315, 48.9612138571801], [5.513974292338498, 48.958455266679934], [5.512354895377623, 48.95519633994497]]]}",3126,268,17,2,55,41
06138,06590,THEOULE-SUR-MER,ALPES-MARITIMES,"PROVENCE-ALPES-COTE D'AZUR","Commune simple",130.0,1072.0,1.6,"43.4985345439, 6.92965248383","{""type"": ""Polygon"", ""coordinates"": [[[6.933726236453416, 43.48006801088502], [6.915656286918446, 43.483019588369366], [6.912291786140547, 43.49265355023785], [6.903918808759193, 43.4950723719348], [6.916298376914339, 43.51330854001235], [6.929353562461571, 43.517060995632036], [6.938368675282269, 43.516391560436546], [6.938893529802223, 43.50960726317905], [6.951501449703762, 43.50522977525564], [6.954791011759378, 43.49926340482175], [6.946834968182222, 43.4868518466299], [6.933847134489477, 43.483459661474974], [6.933726236453416, 43.48006801088502]]]}",3284,138,36,1,06,93
16285,16320,ROUGNAC,CHARENTE,POITOU-CHARENTES,"Commune simple",172.0,2988.0,0.5,"45.5371194351, 0.354245072318","{""type"": ""Polygon"", ""coordinates"": [[[0.375905102186437, 45.50703576523946], [0.366964053798626, 45.50481724702059], [0.337776534356722, 45.515490177528875], [0.308989970003897, 45.5274358130758], [0.318847153279958, 45.54653833129108], [0.331210027912918, 45.55183319621955], [0.332693799943793, 45.555111986031235], [0.328676792038531, 45.55703476371259], [0.340371278403189, 45.57125043176006], [0.387216825089225, 45.552816289878834], [0.397425988553368, 45.54568337830243], [0.398843220251841, 45.538977018653], [0.389792913731421, 45.53704622793491], [0.375905102186437, 45.50703576523946]]]}",13135,285,28,1,16,54
19196,19130,SAINT-CYR-LA-ROCHE,CORREZE,LIMOUSIN,"Commune simple",160.0,839.0,0.5,"45.2792183518, 1.38416762976","{""type"": ""Polygon"", ""coordinates"": [[[1.395791448987307, 45.25970293306726], [1.366131532729382, 45.26921626747605], [1.366132383109632, 45.28572477094057], [1.383771965812014, 45.296896648701605], [1.385835824884308, 45.295251285035135], [1.398562662757339, 45.29330874132856], [1.404180835754406, 45.28827351055006], [1.396900490354448, 45.27612810233708], [1.395791448987307, 45.25970293306726]]]}",35190,196,12,1,19,74
09205,09350,MONTFA,ARIEGE,MIDI-PYRENEES,"Commune simple",406.0,876.0,0.1,"43.1005107546, 1.28811198649","{""type"": ""Polygon"", ""coordinates"": [[[1.319636298962046, 43.092370527393456], [1.261853687146465, 43.09165162264865], [1.260736564274034, 43.10798904106827], [1.278927333759929, 43.110260337457184], [1.281743959516962, 43.11299522031828], [1.315382441722983, 43.10440404729933], [1.319585360992426, 43.09539245838518], [1.319636298962046, 43.092370527393456]]]}",35332,205,08,2,09,73
49181,49700,LOUERRE,MAINE-ET-LOIRE,"PAYS DE LA LOIRE","Commune simple",77.0,1453.0,0.4,"47.2963072443, -0.315845994711","{""type"": ""Polygon"", ""coordinates"": [[[-0.339773810712407, 47.27723361318121], [-0.361047680302482, 47.28861207057911], [-0.362397050942024, 47.29451094273481], [-0.350248259932351, 47.30081841931229], [-0.335883428372329, 47.300502527906495], [-0.33041334615655, 47.306273171452084], [-0.321459392363612, 47.30928701271187], [-0.295981846878415, 47.309896399804074], [-0.288519235542179, 47.305287694969195], [-0.271286194604381, 47.312253125440286], [-0.266409188594391, 47.31135435661299], [-0.274473868055258, 47.29566566862531], [-0.283215959722697, 47.28831851556729], [-0.288834212862561, 47.28967306293318], [-0.297362434902959, 47.292043911741686], [-0.323988943233513, 47.28253479226162], [-0.334068969435984, 47.28280408358709], [-0.339773810712407, 47.27723361318121]]]}",11072,181,15,3,49,52
71551,71190,UCHON,SAONE-ET-LOIRE,BOURGOGNE,"Commune simple",550.0,1189.0,0.1,"46.809110092, 4.26277763328","{""type"": ""Polygon"", ""coordinates"": [[[4.266727758722982, 46.78844120870914], [4.25754502991172, 46.799519215744134], [4.238095029640644, 46.80053175047969], [4.234410117899251, 46.80686587168507], [4.226772034230931, 46.81069368354146], [4.232652762012952, 46.81609682463171], [4.263193355351372, 46.825824053364045], [4.281293193428829, 46.823381615207616], [4.29227738628147, 46.80097112892587], [4.266727758722982, 46.78844120870914]]]}",33365,551,30,1,71,26
59013,59152,ANSTAING,NORD,NORD-PAS-DE-CALAIS,"Commune simple",32.0,229.0,1.2,"50.603523536, 3.18920215192","{""type"": ""Polygon"", ""coordinates"": [[[3.192144606052108, 50.59329548675605], [3.186877093717805, 50.59859866086432], [3.172957130361406, 50.601966422311854], [3.180203459675434, 50.609288408315415], [3.195570788430921, 50.61142802007883], [3.202471180097976, 50.601760223947586], [3.192144606052108, 50.59329548675605]]]}",13747,013,33,5,59,31
88306,88210,"LE MONT",VOSGES,LORRAINE,"Commune simple",493.0,395.0,0.1,"48.4096696255, 7.02450086631","{""type"": ""Polygon"", ""coordinates"": [[[7.018284439719216, 48.399364741814416], [7.016766334703528, 48.4012719224225], [7.00924902278343, 48.40416593910715], [7.012840107434267, 48.41575499936956], [7.030928922702755, 48.42311340874801], [7.040041463628216, 48.40205701645486], [7.018284439719216, 48.399364741814416]]]}",32091,306,26,3,88,41
59008,59580,ANICHE,NORD,NORD-PAS-DE-CALAIS,"Commune simple",46.0,655.0,10.1,"50.330855319, 3.25574141604","{""type"": ""Polygon"", ""coordinates"": [[[3.274125628360472, 50.32579202731578], [3.26485842833713, 50.3237113595932], [3.264504612839949, 50.320417081353696], [3.256072184324657, 50.31676273547149], [3.246205334045441, 50.314861456882355], [3.242514764700359, 50.317185189532445], [3.236364852363287, 50.33643748771924], [3.243891574848054, 50.34098370804195], [3.25690274062432, 50.34499742219196], [3.262163381309926, 50.3448786213812], [3.28088922323797, 50.33402778845457], [3.273049940835588, 50.33176493242436], [3.274125628360472, 50.32579202731578]]]}",26235,008,24,3,59,31
68065,68210,CHAVANNES-SUR-L'ETANG,HAUT-RHIN,ALSACE,"Commune simple",358.0,608.0,0.6,"47.6396468352, 7.03103737458","{""type"": ""Polygon"", ""coordinates"": [[[7.041550522561339, 47.63507505316927], [7.017059140128458, 47.623969690935596], [7.012106619979543, 47.62352720274946], [7.010525076946632, 47.63015179070021], [7.013694805961423, 47.6295741691814], [7.016566869598173, 47.64504920517337], [7.019805334989499, 47.65067877439963], [7.039244101810781, 47.65039544584503], [7.053187321471984, 47.649056020069736], [7.054372533863791, 47.63991191257902], [7.041550522561339, 47.63507505316927]]]}",26336,065,05,1,68,42
59651,59220,WAVRECHAIN-SOUS-DENAIN,NORD,NORD-PAS-DE-CALAIS,"Commune simple",35.0,240.0,1.7,"50.3338831581, 3.42191162083","{""type"": ""Polygon"", ""coordinates"": [[[3.41956920322954, 50.32324618644725], [3.409550958696743, 50.33127953376159], [3.420307055207372, 50.34283420507386], [3.431785944616971, 50.341510695788486], [3.434691493226277, 50.340055010118924], [3.422544029865302, 50.32345151158646], [3.41956920322954, 50.32324618644725]]]}",27604,651,21,6,59,31
33432,33210,SAINT-LOUBERT,GIRONDE,AQUITAINE,"Commune simple",32.0,211.0,0.2,"44.5533634868, -0.168857964399","{""type"": ""Polygon"", ""coordinates"": [[[-0.173072517652441, 44.544138162411734], [-0.179532111822846, 44.55928666940029], [-0.175543808368192, 44.56074391883087], [-0.166574099417849, 44.56079436922752], [-0.155660461582844, 44.550646799239395], [-0.173072517652441, 44.544138162411734]]]}",15001,432,28,3,33,72
89449,89340,VILLEBLEVIN,YONNE,BOURGOGNE,"Commune simple",73.0,739.0,1.8,"48.3305033124, 3.08563926027","{""type"": ""Polygon"", ""coordinates"": [[[3.092730106452263, 48.31240108162131], [3.082601433023524, 48.312930420220965], [3.056364604478855, 48.32331954679986], [3.099602204539638, 48.351604747881304], [3.103418050565775, 48.349514185429186], [3.108779851300281, 48.34457004342249], [3.104618784097691, 48.33565774359095], [3.092045710940627, 48.32211855980829], [3.092730106452263, 48.31240108162131]]]}",15150,449,22,3,89,26
59472,59288,PREUX-AU-BOIS,NORD,NORD-PAS-DE-CALAIS,"Commune simple",152.0,400.0,0.8,"50.1647138146, 3.6553638264","{""type"": ""Polygon"", ""coordinates"": [[[3.665973170556329, 50.14955553370467], [3.649635004932001, 50.15721363400592], [3.634283402317814, 50.170369365447044], [3.645803131748677, 50.172446721505], [3.661348221893655, 50.177527784748605], [3.668723464526173, 50.16522964742048], [3.665973170556329, 50.14955553370467]]]}",14592,472,32,1,59,31
2B250,20290,PRUNELLI-DI-CASACCONI,HAUTE-CORSE,CORSE,"Commune simple",159.0,602.0,0.2,"42.5104109341, 9.40561122356","{""type"": ""Polygon"", ""coordinates"": [[[9.428378046360042, 42.51406765020998], [9.415329491799447, 42.50505973544773], [9.406689197240278, 42.50463294482264], [9.400319575676017, 42.495798701460096], [9.383742269751881, 42.49977912949186], [9.380544631680737, 42.5028567777976], [9.384629119925155, 42.50988108682849], [9.388842486664867, 42.50461392968619], [9.393032018908974, 42.50547180059329], [9.396241257322162, 42.51461366294259], [9.402933278120983, 42.518712041896116], [9.400752700699702, 42.5215037311515], [9.412611155375487, 42.52489417263759], [9.418579117718139, 42.52040390419005], [9.427005674968306, 42.519201270138296], [9.428378046360042, 42.51406765020998]]]}",32471,250,14,3,2B,94
86137,86200,LOUDUN,VIENNE,POITOU-CHARENTES,"Chef-lieu canton",87.0,4392.0,7.1,"47.0098072856, 0.0990443124673","{""type"": ""Polygon"", ""coordinates"": [[[0.141260058461792, 46.973678101409966], [0.136627895582546, 46.97514882259302], [0.117568196837019, 46.971691838763064], [0.111080748986767, 46.977079331371286], [0.110293035745709, 46.98737544453556], [0.101988618432192, 46.991239377663526], [0.067629486971719, 46.98601935488739], [0.054460023824183, 46.99598184394602], [0.049907492439494, 47.00892953376683], [0.056909691392833, 47.02158665116159], [0.048689586267494, 47.029521427512876], [0.045502333572458, 47.037917924047996], [0.073341647396546, 47.05189792624569], [0.091473416851015, 47.045662070655], [0.101611809312647, 47.04561068738805], [0.105246593294094, 47.029944543982545], [0.123151512356141, 47.023797360439495], [0.132452921470127, 47.026524387518435], [0.130096658920856, 47.02004221431471], [0.13343415158782, 47.013755598120426], [0.146679682210882, 47.009876548891235], [0.155207719607112, 46.99451014905959], [0.163788073491565, 46.98682934158492], [0.154339261934704, 46.97850626508749], [0.141260058461792, 46.973678101409966]]]}",27764,137,12,1,86,54
24500,24700,SAINT-SAUVEUR-LALANDE,DORDOGNE,AQUITAINE,"Commune simple",89.0,932.0,0.1,"44.9770754792, 0.252681840344","{""type"": ""Polygon"", ""coordinates"": [[[0.268446486197531, 44.96063389053793], [0.265321334524135, 44.958367863239275], [0.248573368036364, 44.96196366568365], [0.235300662084327, 44.96092266778556], [0.230431906364062, 44.967774599904686], [0.24561104876438, 44.98453933659558], [0.239315289891676, 44.993023086141505], [0.241281900293447, 44.99614402416279], [0.257842220870761, 45.00282386008308], [0.261304951275799, 44.9894044307609], [0.27171613695551, 44.97401152060383], [0.268446486197531, 44.96063389053793]]]}",25987,500,23,3,24,72
44051,44590,DERVAL,LOIRE-ATLANTIQUE,"PAYS DE LA LOIRE","Chef-lieu canton",44.0,6379.0,3.2,"47.6576802483, -1.67772975598","{""type"": ""Polygon"", ""coordinates"": [[[-1.655693171290683, 47.61610829136239], [-1.672891005198889, 47.621380737026875], [-1.688320996004264, 47.60408020726143], [-1.70511741409662, 47.61206016442658], [-1.715526025915211, 47.6121447648937], [-1.715121502929627, 47.61903219116039], [-1.722208637506707, 47.623912343647326], [-1.729806395792276, 47.64746395978424], [-1.724218087475852, 47.66736543453139], [-1.719210286374948, 47.667342528968426], [-1.706479552146697, 47.685367038833455], [-1.732278826714441, 47.693341496917874], [-1.735753563746759, 47.695770503114346], [-1.732593496971902, 47.70184068995988], [-1.729713421084001, 47.69934243043668], [-1.711269756297135, 47.70042126299107], [-1.696274873375258, 47.69835604427568], [-1.682531955789673, 47.702766745542164], [-1.63282547535884, 47.68704935043726], [-1.615426154478628, 47.670400026483776], [-1.611062005291355, 47.650051471580745], [-1.635436747101097, 47.64586713697076], [-1.653512434575145, 47.625960409637216], [-1.655693171290683, 47.61610829136239]]]}",27258,051,11,1,44,52
72350,72220,TELOCHE,SARTHE,"PAYS DE LA LOIRE","Commune simple",74.0,2283.0,3.0,"47.8904177884, 0.278475546841","{""type"": ""Polygon"", ""coordinates"": [[[0.253464862904313, 47.853050691298215], [0.255064095835949, 47.88424636734164], [0.249506902990209, 47.894093978531345], [0.262255965923438, 47.89976810745602], [0.272060529080144, 47.9111896040671], [0.268653468463489, 47.92794062494538], [0.291244888570146, 47.92685200113036], [0.309138615529627, 47.903193510011576], [0.301498840815878, 47.89541797711387], [0.30357077553666, 47.885470088409015], [0.291958083323146, 47.87429753490573], [0.285629562067248, 47.85775288223166], [0.266846405604279, 47.85691141772005], [0.253464862904313, 47.853050691298215]]]}",12837,350,09,3,72,52
54331,54129,MAGNIERES,MEURTHE-ET-MOSELLE,LORRAINE,"Commune simple",275.0,1166.0,0.3,"48.4441780874, 6.56579108633","{""type"": ""Polygon"", ""coordinates"": [[[6.578736351207122, 48.415534337546326], [6.544567845114189, 48.42761977881039], [6.534393933477748, 48.431462627511635], [6.539547681089636, 48.437054355712725], [6.551436218376566, 48.442345329917906], [6.556440743263058, 48.45508210537117], [6.554157093718795, 48.464543093961645], [6.573450236054725, 48.466692233230326], [6.58543859616473, 48.4717068169321], [6.597505886575419, 48.46697394017942], [6.594471374936279, 48.462410064198174], [6.584728895220743, 48.459931137613765], [6.56857610875618, 48.43822862509309], [6.583870758203035, 48.417225395440674], [6.578736351207122, 48.415534337546326]]]}",4834,331,13,2,54,41
26268,26160,ROCHEBAUDIN,DROME,RHONE-ALPES,"Commune simple",455.0,756.0,0.1,"44.5748560489, 5.03096278757","{""type"": ""Polygon"", ""coordinates"": [[[5.049501094720871, 44.55744064825898], [5.045388948337524, 44.559705212680406], [5.030217157918072, 44.561272976750224], [5.022292103873024, 44.56964929720761], [5.013375361341171, 44.57183841934372], [5.005678028375893, 44.58744067571518], [5.019448736778698, 44.58559584388105], [5.025116688881055, 44.59043607414673], [5.033795071953071, 44.588556607959376], [5.046607499628902, 44.5780267144207], [5.051780103728993, 44.5643505107291], [5.049501094720871, 44.55744064825898]]]}",21408,268,10,2,26,82
79217,79370,PRAILLES,DEUX-SEVRES,POITOU-CHARENTES,"Commune simple",144.0,1885.0,0.7,"46.3204184079, -0.202251534086","{""type"": ""Polygon"", ""coordinates"": [[[-0.219677651497467, 46.29563848295527], [-0.230999788815122, 46.29757982455648], [-0.230679457502353, 46.30030161449404], [-0.230969721738392, 46.307196792001285], [-0.224734070219397, 46.3163497443456], [-0.232020092967463, 46.3210098535887], [-0.230749242205885, 46.33120272927894], [-0.216354297373813, 46.33398023464819], [-0.214155551490985, 46.337079387981206], [-0.207665050723908, 46.34376906053724], [-0.199026327389794, 46.34291242393531], [-0.180658274191802, 46.34323733610266], [-0.167229002621174, 46.329985291485485], [-0.18473828289355, 46.30673271285034], [-0.197439361916888, 46.29687801045103], [-0.205923217501939, 46.29876631587345], [-0.219677651497467, 46.29563848295527]]]}",311,217,06,2,79,54
14078,14400,BLAY,CALVADOS,BASSE-NORMANDIE,"Commune simple",56.0,710.0,0.4,"49.2804374516, -0.836134690578","{""type"": ""Polygon"", ""coordinates"": [[[-0.842635001338205, 49.25515952852382], [-0.843794379181594, 49.264824963486774], [-0.847591137413582, 49.26705294206918], [-0.851451680890352, 49.279719092779445], [-0.846942877679444, 49.29637823545739], [-0.844436439945731, 49.29801513933679], [-0.831980880829269, 49.293920419405815], [-0.817017181686674, 49.29327882610397], [-0.820225113138767, 49.27936228508395], [-0.842635001338205, 49.25515952852382]]]}",24005,078,33,1,14,25
35309,35560,SAINT-REMY-DU-PLAIN,ILLE-ET-VILAINE,BRETAGNE,"Commune simple",65.0,1470.0,0.8,"48.3758019019, -1.56690944074","{""type"": ""Polygon"", ""coordinates"": [[[-1.539379726949822, 48.363426200325165], [-1.545487633681667, 48.35805506927375], [-1.545977223619611, 48.35198931680749], [-1.560967732713394, 48.35085375153352], [-1.590694946780231, 48.354363496661975], [-1.580099179192998, 48.366372541571465], [-1.578470379793823, 48.380277888201654], [-1.581050612631892, 48.38706316393534], [-1.597038146283702, 48.39535639790058], [-1.590279831996135, 48.40071021923029], [-1.587409041804235, 48.40347991823472], [-1.577420191866621, 48.40393842669624], [-1.559637462216736, 48.39802773972855], [-1.559350007717932, 48.394560306691574], [-1.548386660508913, 48.387808599791036], [-1.548491025662444, 48.37104283437031], [-1.539379726949822, 48.363426200325165]]]}",32028,309,01,1,35,53
53174,53100,PARIGNE-SUR-BRAYE,MAYENNE,"PAYS DE LA LOIRE","Commune simple",138.0,973.0,0.7,"48.3232727343, -0.647230020006","{""type"": ""Polygon"", ""coordinates"": [[[-0.670016310522474, 48.301889684310666], [-0.674900095137614, 48.313834402442886], [-0.661649759529379, 48.323288156686885], [-0.662374186142763, 48.32651718970321], [-0.631614361393505, 48.34736074220469], [-0.61923589588027, 48.332798119206004], [-0.623432878446993, 48.326662308876614], [-0.632428578008376, 48.32373854179444], [-0.635508851311773, 48.31730322768563], [-0.64437830832644, 48.31414816644986], [-0.650101917116129, 48.30497386793964], [-0.670016310522474, 48.301889684310666]]]}",28426,174,21,3,53,52
78005,78260,ACHERES,YVELINES,ILE-DE-FRANCE,"Commune simple",24.0,953.0,19.5,"48.9717990892, 2.09003871824","{""type"": ""Polygon"", ""coordinates"": [[[2.070157210620774, 48.946309901645286], [2.049002092999002, 48.957097509348024], [2.048854206529895, 48.9592096969921], [2.054221235138582, 48.96897354754791], [2.074387266455771, 48.98480538809012], [2.089784163683794, 48.98802568623896], [2.127452767863036, 48.989051940351985], [2.152643349522095, 48.98610305444767], [2.166353805172909, 48.98147796216276], [2.175023434749356, 48.97324662654548], [2.178155279694161, 48.963510968385684], [2.172905175627908, 48.96386156363892], [2.166086586338499, 48.976844866200906], [2.143263033678408, 48.98570370644564], [2.122034299251282, 48.98706100160704], [2.108124304516037, 48.982291179576514], [2.087052718771236, 48.984057120735564], [2.088198795222796, 48.97714139451469], [2.086659563951733, 48.97377535935642], [2.075634133941425, 48.96617284013306], [2.075675644245096, 48.95231497975212], [2.070157210620774, 48.946309901645286]]]}",20223,005,20,3,78,11
01187,01260,HOTONNES,AIN,RHONE-ALPES,"Commune simple",1036.0,2862.0,0.3,"46.0317412192, 5.70267027388","{""type"": ""Polygon"", ""coordinates"": [[[5.679493533116, 45.98888146767818], [5.670035480869476, 46.01612608400614], [5.677295884592261, 46.02101841518667], [5.695214690604415, 46.0538590994589], [5.700850100624056, 46.07820563122474], [5.714845787141185, 46.09287350974357], [5.72076147928449, 46.07765765079577], [5.726311918455637, 46.067928425568354], [5.720901408002861, 46.026638211237895], [5.720832819257886, 46.02551357500174], [5.72064716168057, 45.997973643968585], [5.704096953009171, 45.990567173553465], [5.679493533116, 45.98888146767818]]]}",15722,187,06,4,01,82
88309,88800,MONTHUREUX-LE-SEC,VOSGES,LORRAINE,"Commune simple",392.0,1141.0,0.2,"48.1678786007, 6.02913581296","{""type"": ""Polygon"", ""coordinates"": [[[6.046514560415694, 48.14311199469849], [6.036902997396684, 48.14513388217271], [6.029819450620033, 48.14033637736025], [6.025434428993418, 48.14199780623034], [6.019347705881727, 48.16167620566837], [5.999807534040167, 48.17167458010831], [6.025587137389357, 48.18999813125869], [6.038204883825701, 48.20004733219297], [6.045029453449057, 48.194603794854956], [6.036243165260577, 48.18678898449307], [6.037513827830275, 48.173537389219945], [6.050791351617415, 48.153330111230396], [6.046514560415694, 48.14311199469849]]]}",35638,309,28,2,88,41
23012,23400,AURIAT,CREUSE,LIMOUSIN,"Commune simple",476.0,2174.0,0.1,"45.8709814148, 1.63389938351","{""type"": ""Polygon"", ""coordinates"": [[[1.652828155646909, 45.845631025287894], [1.628461788844412, 45.84759841336997], [1.602398468170766, 45.857465158579004], [1.606991506969683, 45.86648316346069], [1.603689184973228, 45.87929444487304], [1.591033074725446, 45.8830731849865], [1.602084931728808, 45.88967693485186], [1.611896878633486, 45.89030217686493], [1.618303541253253, 45.88683216634382], [1.622336580776282, 45.89626594252188], [1.632501092347854, 45.89001287985742], [1.641483232745468, 45.89239974320376], [1.650311749876486, 45.89002875521738], [1.658929223809875, 45.8931213617131], [1.662442749217164, 45.89077633117679], [1.663589855829922, 45.871120325668635], [1.669700969746316, 45.86631105699881], [1.663567121115785, 45.857160430830405], [1.651402119070034, 45.85230564079366], [1.652828155646909, 45.845631025287894]]]}",12834,012,07,2,23,74
65177,65220,FONTRAILLES,HAUTES-PYRENEES,MIDI-PYRENEES,"Commune simple",257.0,911.0,0.2,"43.3424585482, 0.368909254988","{""type"": ""Polygon"", ""coordinates"": [[[0.38586344578955, 43.333616569397925], [0.367374196294935, 43.330503745098504], [0.335212194575995, 43.337816810483126], [0.331337964648999, 43.342653863970405], [0.33984520740796, 43.34377256135476], [0.34615578401355, 43.34814009482888], [0.363875543013181, 43.349572536778005], [0.378548378550173, 43.35536574300022], [0.39867157205799, 43.3514410844712], [0.393631312606116, 43.33744040660599], [0.386634456134961, 43.336191442580244], [0.38586344578955, 43.333616569397925]]]}",15776,177,24,3,65,73
21357,21520,LOUESME,COTE-D'OR,BOURGOGNE,"Commune simple",313.0,1911.0,0.1,"47.8893078984, 4.76394651159","{""type"": ""Polygon"", ""coordinates"": [[[4.762951875818641, 47.861045846042344], [4.761385313064737, 47.86422911421916], [4.731996359594016, 47.86550383865779], [4.726227293243426, 47.87075599887831], [4.735245164255242, 47.87404373884606], [4.741554588795707, 47.89794040134228], [4.757837614110949, 47.91145257528596], [4.767504771813146, 47.91145149730542], [4.777016288716458, 47.91959865894171], [4.789375933270539, 47.91560321057829], [4.798250115184198, 47.9056105401852], [4.773690647260293, 47.87138044180189], [4.774036553439261, 47.86090575391475], [4.762951875818641, 47.861045846042344]]]}",32932,357,22,3,21,26
50179,50640,FERRIERES,MANCHE,BASSE-NORMANDIE,"Commune simple",167.0,348.0,0.1,"48.5454487171, -0.954974481405","{""type"": ""Polygon"", ""coordinates"": [[[-0.935292400778708, 48.550680113939606], [-0.952643883434805, 48.54313293132317], [-0.96174533013785, 48.53111171925023], [-0.966793383327289, 48.530258716797015], [-0.969366973511449, 48.533262170150316], [-0.969472616236304, 48.543607706680696], [-0.961678029409092, 48.54690318502351], [-0.952399651363199, 48.55715569585574], [-0.939751433671813, 48.556575891791894], [-0.935292400778708, 48.550680113939606]]]}",34611,179,44,1,50,25
94019,94430,CHENNEVIERES-SUR-MARNE,VAL-DE-MARNE,ILE-DE-FRANCE,"Chef-lieu canton",92.0,522.0,18.1,"48.7976502878, 2.54157630073","{""type"": ""Polygon"", ""coordinates"": [[[2.555456854488504, 48.792096885163694], [2.550836296036542, 48.797538875122605], [2.545588002293612, 48.79209574335991], [2.535722912296086, 48.79167108873512], [2.526288290534009, 48.78433100052211], [2.517879872886363, 48.78551155309086], [2.516863820237243, 48.7864698010811], [2.523117967605095, 48.79466138652763], [2.522283140880501, 48.80406560133557], [2.536506336525221, 48.80614519645843], [2.550955979507981, 48.80419473788211], [2.558510958867672, 48.80759553820275], [2.559351919852532, 48.80475661475616], [2.567990673850117, 48.80396971466263], [2.571680824810041, 48.798946475201625], [2.555456854488504, 48.792096885163694]]]}",17603,019,08,2,94,11
92046,92240,MALAKOFF,HAUTS-DE-SEINE,ILE-DE-FRANCE,"Chef-lieu canton",73.0,207.0,31.0,"48.8169695977, 2.29693599517","{""type"": ""Polygon"", ""coordinates"": [[[2.279913901436275, 48.81091886555575], [2.278179169818623, 48.814254149425516], [2.291556285820992, 48.81797669109118], [2.301320806267096, 48.82513028921857], [2.314148423547311, 48.822290551056035], [2.300143619531496, 48.81135378943319], [2.279913901436275, 48.81091886555575]]]}",17639,046,25,1,92,11
38049,38260,BOSSIEU,ISERE,RHONE-ALPES,"Commune simple",444.0,1363.0,0.3,"45.4177469183, 5.14812089926","{""type"": ""Polygon"", ""coordinates"": [[[5.186686852254764, 45.40145492958594], [5.172388678075956, 45.40303017043964], [5.144516918786813, 45.39750471556969], [5.134986735773732, 45.3987135953711], [5.135534293531596, 45.40531491261423], [5.122858037193661, 45.424310019089646], [5.11808271312939, 45.43226416878491], [5.120000820493778, 45.43894776245081], [5.124162193099533, 45.44069760603038], [5.147904774366742, 45.43920944272724], [5.149512856510679, 45.43248574026137], [5.157340796223918, 45.42847999670621], [5.162795485321036, 45.41906968971167], [5.187717189186954, 45.40911864587339], [5.187608534549553, 45.40570673257178], [5.188836622851087, 45.40116974308384], [5.186686852254764, 45.40145492958594]]]}",23162,049,07,3,38,82
67023,67500,BATZENDORF,BAS-RHIN,ALSACE,"Commune simple",187.0,671.0,0.9,"48.7820553601, 7.70964609521","{""type"": ""Polygon"", ""coordinates"": [[[7.704588145943263, 48.76522896448266], [7.700328192257024, 48.77058656041646], [7.686831229521255, 48.77373932266705], [7.684978461531604, 48.78315512565845], [7.684663401372802, 48.785717220219006], [7.688548578702726, 48.78586198157337], [7.717035640788787, 48.791334709888666], [7.723654053588778, 48.796352741950706], [7.718374348502286, 48.80551721434678], [7.736274036616805, 48.80196140397877], [7.737345701869729, 48.79874741113325], [7.728351153680882, 48.79581540496743], [7.719616734858565, 48.78776389685545], [7.720074436735108, 48.78137581425937], [7.724930299120588, 48.78049890553493], [7.728457529413272, 48.778503146639096], [7.725040822271203, 48.77284506206289], [7.718045427026925, 48.76920253274229], [7.704588145943263, 48.76522896448266]]]}",22009,023,09,2,67,42
80326,80500,FONTAINE-SOUS-MONTDIDIER,SOMME,PICARDIE,"Commune simple",86.0,903.0,0.1,"49.6550724443, 2.50539599355","{""type"": ""Polygon"", ""coordinates"": [[[2.473367404563221, 49.63531855713201], [2.465563726300426, 49.637989357525555], [2.487205769170853, 49.65307140657625], [2.495884494757772, 49.65583045314798], [2.504379169101246, 49.663404584522496], [2.507362845116219, 49.672726064712265], [2.515044149144025, 49.673071426948475], [2.527575237324007, 49.676041108779856], [2.53596307825141, 49.67335968035524], [2.537735717902463, 49.66718418017487], [2.533093360062797, 49.66615104891076], [2.525087728958202, 49.654591102461765], [2.522553903482623, 49.651714643713895], [2.508249550058792, 49.649581868792104], [2.505849416322824, 49.640136722726055], [2.473367404563221, 49.63531855713201]]]}",35961,326,27,3,80,22
26322,26770,SAINT-PANTALEON-LES-VIGNES,DROME,RHONE-ALPES,"Commune simple",329.0,855.0,0.4,"44.3954034563, 5.04330124496","{""type"": ""Polygon"", ""coordinates"": [[[5.070881627740628, 44.38322460479703], [5.047599570600622, 44.382120317229436], [5.032759322095075, 44.39089578276284], [5.018616466007352, 44.392587737774555], [5.013497729898993, 44.40544110258748], [5.017716003228697, 44.40713782745559], [5.045496931146679, 44.40594096999726], [5.05322127721692, 44.402105249681824], [5.06247176070861, 44.403643300824356], [5.070881627740628, 44.38322460479703]]]}",22037,322,12,2,26,82
07035,07440,BOFFRES,ARDECHE,RHONE-ALPES,"Commune simple",674.0,3073.0,0.6,"44.919020401, 4.69606511142","{""type"": ""Polygon"", ""coordinates"": [[[4.69313717128369, 44.881968855692286], [4.683524805426049, 44.88540199965307], [4.697089838153224, 44.8995863847832], [4.698381985089799, 44.90627578745108], [4.669361683389, 44.91773841302148], [4.63263654316415, 44.942328730739895], [4.650863927639456, 44.95373077101535], [4.663558586813748, 44.94344627175652], [4.683003294405419, 44.942784360508234], [4.693589164404906, 44.949846145023514], [4.705397247342302, 44.93987644673523], [4.718644591677918, 44.93646638279251], [4.726816312656424, 44.92061575710006], [4.737384187159757, 44.91436317215832], [4.743444593386791, 44.905460664200305], [4.736861571697633, 44.88602152464829], [4.709480371603627, 44.88831053055114], [4.69313717128369, 44.881968855692286]]]}",22099,035,28,3,07,82
79058,79230,BRULAIN,DEUX-SEVRES,POITOU-CHARENTES,"Commune simple",61.0,2489.0,0.7,"46.2053327297, -0.314279915986","{""type"": ""Polygon"", ""coordinates"": [[[-0.291209634395614, 46.19291302255184], [-0.296216911079061, 46.19330864923136], [-0.314456361672754, 46.181809561526606], [-0.3241898651399, 46.16964626546932], [-0.333854726301433, 46.17029133141581], [-0.343321654444998, 46.17832299724217], [-0.355963974102209, 46.18900015167575], [-0.34380709804098, 46.19351351278725], [-0.333565810865914, 46.204584781838996], [-0.335079383816921, 46.21111075901707], [-0.343340625941662, 46.21437409725416], [-0.343204692518031, 46.22044377583999], [-0.320616993690672, 46.22567521994294], [-0.309600794952536, 46.23591941611352], [-0.289526436402079, 46.23384311333481], [-0.268133586516834, 46.22531218992636], [-0.288931377941701, 46.212040737423614], [-0.291609879529708, 46.20562731186214], [-0.28569032777889, 46.20064335792457], [-0.291209634395614, 46.19291302255184]]]}",6023,058,23,2,79,54
10199,10110,LOCHES-SUR-OURCE,AUBE,CHAMPAGNE-ARDENNE,"Commune simple",233.0,1371.0,0.4,"48.0701287498, 4.50451246943","{""type"": ""Polygon"", ""coordinates"": [[[4.492389694681251, 48.04056155722234], [4.47579835015823, 48.04671998551306], [4.494004432759877, 48.08351779793767], [4.514779185930183, 48.09789594305502], [4.523967404618545, 48.10016255270505], [4.528113711896568, 48.098110822498874], [4.525081173001834, 48.08799782410809], [4.52788805841728, 48.0814632468411], [4.52331062061933, 48.06523186793238], [4.511544071614714, 48.054276944946515], [4.502647429687475, 48.052050689463684], [4.492725103862762, 48.04055730503218], [4.492389694681251, 48.04056155722234]]]}",15748,199,10,3,10,21
62449,62990,HESMOND,PAS-DE-CALAIS,NORD-PAS-DE-CALAIS,"Commune simple",81.0,831.0,0.2,"50.4640913287, 1.94222442678","{""type"": ""Polygon"", ""coordinates"": [[[1.971536457662207, 50.44551093797406], [1.955728900107681, 50.444399901298134], [1.931398521995313, 50.45740685169246], [1.926092475208141, 50.45695691158143], [1.916701498694926, 50.46860839052126], [1.928820869165024, 50.484073810845736], [1.938958706037208, 50.485723147670434], [1.933098867459001, 50.480053134375986], [1.939928116677108, 50.47509362362281], [1.955430056951713, 50.473753219547504], [1.961901328522083, 50.47919393877265], [1.968302325752122, 50.479202588148155], [1.952681371870955, 50.46590187392464], [1.952963914336232, 50.46245699759884], [1.971536457662207, 50.44551093797406]]]}",5741,449,18,4,62,31
58284,58190,TALON,NIEVRE,BOURGOGNE,"Commune simple",314.0,625.0,0.1,"47.3349431775, 3.55610298077","{""type"": ""Polygon"", ""coordinates"": [[[3.563499519086695, 47.316642819056526], [3.550799161568472, 47.32519315408001], [3.542487770181057, 47.33733162695477], [3.523916591231342, 47.3423322101011], [3.537621213940406, 47.34463723649087], [3.543608876536613, 47.349956817423646], [3.55533627048015, 47.343977748013344], [3.565172470157129, 47.34352520079525], [3.575233774089371, 47.3418463686876], [3.571261345542906, 47.32450913525827], [3.565532854984507, 47.3186495073351], [3.563499519086695, 47.316642819056526]]]}",36524,284,24,2,58,26
62387,62450,GREVILLERS,PAS-DE-CALAIS,NORD-PAS-DE-CALAIS,"Commune simple",126.0,640.0,0.4,"50.1018030363, 2.7985377862","{""type"": ""Polygon"", ""coordinates"": [[[2.801374353881233, 50.08887343578544], [2.781835751792952, 50.0911124704468], [2.778141935888199, 50.09943124571693], [2.780897749581221, 50.1111562598217], [2.782806903003845, 50.11538062690245], [2.791310271738395, 50.112530501033376], [2.799818063773449, 50.11540055529924], [2.803290023650431, 50.113268740476734], [2.809060575039632, 50.108859287357305], [2.822035535351581, 50.10836687126107], [2.822308662201678, 50.0981559786455], [2.801374353881233, 50.08887343578544]]]}",24371,387,09,1,62,31
39346,39160,MONTAGNA-LE-RECONDUIT,JURA,FRANCHE-COMTE,"Commune simple",447.0,548.0,0.1,"46.4549069839, 5.39107165834","{""type"": ""Polygon"", ""coordinates"": [[[5.408321633902088, 46.438863856809434], [5.398562282067002, 46.440069252955404], [5.388215742192894, 46.4481146821887], [5.375050595639429, 46.45047023130601], [5.373777433270152, 46.46045124160462], [5.376344782296737, 46.46312747699586], [5.385312398939604, 46.47054388399184], [5.398099280763783, 46.46660065254984], [5.396856028017575, 46.46323046357051], [5.407720953735088, 46.447696109077356], [5.408321633902088, 46.438863856809434]]]}",20109,346,25,2,39,43
22092,22480,KERPERT,COTES-D'ARMOR,BRETAGNE,"Commune simple",245.0,2131.0,0.3,"48.3896278473, -3.13681075222","{""type"": ""Polygon"", ""coordinates"": [[[-3.117210466750431, 48.35831027937633], [-3.141061740029396, 48.361838706007326], [-3.155881806056998, 48.36974044002509], [-3.160416010968039, 48.368791430784626], [-3.159338421916095, 48.371843608157484], [-3.167702795313559, 48.37928592617687], [-3.167256159988704, 48.385400575926695], [-3.165243257155088, 48.398022000775946], [-3.15867814550243, 48.40651255691756], [-3.146303973903738, 48.411487259048165], [-3.143813133816019, 48.41730157307771], [-3.124817174138921, 48.418890476347755], [-3.12407732871504, 48.41208883862223], [-3.109998393282536, 48.412238880512284], [-3.103734143420334, 48.40313249362541], [-3.11705310109663, 48.38509223097171], [-3.115835705531394, 48.374759752215134], [-3.119904249682319, 48.36841307169924], [-3.117210466750431, 48.35831027937633]]]}",6186,092,46,2,22,53
13049,13113,LAMANON,BOUCHES-DU-RHONE,"PROVENCE-ALPES-COTE D'AZUR","Commune simple",141.0,1945.0,1.7,"43.704757813, 5.0886270398","{""type"": ""Polygon"", ""coordinates"": [[[5.072756456494343, 43.68381735215033], [5.054618353989714, 43.717241207975576], [5.054473050158749, 43.723913997822315], [5.063175327024851, 43.721544052968525], [5.07110056725581, 43.729620911747205], [5.098463269578517, 43.72396601116418], [5.116587734081977, 43.70825842062079], [5.121974435587743, 43.70259957725207], [5.121901818963899, 43.692267294876274], [5.126043775879547, 43.69055716997273], [5.115793640207813, 43.685086111037265], [5.113160204261507, 43.68800874122215], [5.106030863329916, 43.68370931913475], [5.072756456494343, 43.68381735215033]]]}",20368,049,09,2,13,93
81215,81390,PUYBEGON,TARN,MIDI-PYRENEES,"Commune simple",214.0,1958.0,0.6,"43.7801538016, 1.89684517296","{""type"": ""Polygon"", ""coordinates"": [[[1.893146454839423, 43.75063953264671], [1.888850547040225, 43.74938087045744], [1.885882750975342, 43.751969390389206], [1.885702945537668, 43.75865415382252], [1.869548708863775, 43.76369844142118], [1.873484186858775, 43.77320674412899], [1.865998222926472, 43.784954612368], [1.869037245720845, 43.79334690057559], [1.866419262578225, 43.795677632543004], [1.877570065068287, 43.80170584466776], [1.905157012505087, 43.79643358313058], [1.928085963400646, 43.80078330428569], [1.932559370480482, 43.79944125251764], [1.922875679692584, 43.78779947977839], [1.930789502892881, 43.77580900994985], [1.930964431281233, 43.76910610401332], [1.921812264801993, 43.77040184394215], [1.901072988081969, 43.76261706359636], [1.893146454839423, 43.75063953264671]]]}",10144,215,13,2,81,73
70387,70130,NOIDANS-LE-FERROUX,HAUTE-SAONE,FRANCHE-COMTE,"Commune simple",245.0,1427.0,0.6,"47.5676980089, 5.94846873016","{""type"": ""Polygon"", ""coordinates"": [[[5.9382358951797, 47.551184852543614], [5.919980182155107, 47.553598157060854], [5.917824110611434, 47.56406479407977], [5.920781911799443, 47.57410611993108], [5.935264168909844, 47.588640891380884], [5.981257257133135, 47.5753683401713], [5.98025305052588, 47.56166625112138], [5.973511290002286, 47.552677503017186], [5.953260216862868, 47.55364263544544], [5.9382358951797, 47.551184852543614]]]}",3801,387,24,2,70,43
11438,11150,VILLESISCLE,AUDE,LANGUEDOC-ROUSSILLON,"Commune simple",157.0,563.0,0.3,"43.2278470431, 2.08978989468","{""type"": ""Polygon"", ""coordinates"": [[[2.078310575544982, 43.217211075070935], [2.075116818224194, 43.22309394594693], [2.066777424443528, 43.22533409683605], [2.07694044114675, 43.234444226744706], [2.089151334811095, 43.23874895488938], [2.102263811394494, 43.235836158575125], [2.112371220419362, 43.22903795530979], [2.100484410907657, 43.2197459723638], [2.078310575544982, 43.217211075070935]]]}",19665,438,16,1,11,91
57074,57410,BETTVILLER,MOSELLE,LORRAINE,"Commune simple",327.0,1836.0,0.8,"49.0755681327, 7.29043662433","{""type"": ""Polygon"", ""coordinates"": [[[7.246807365000279, 49.05665758877136], [7.243036223367582, 49.062643880507906], [7.24504104524809, 49.0745759184291], [7.297632351465705, 49.093757918560634], [7.302724366291767, 49.099266503857024], [7.320857329068855, 49.087152695947175], [7.335284860386332, 49.08819060943073], [7.344408490164901, 49.08532155313168], [7.34371619993989, 49.08196975000347], [7.321590492770484, 49.06865741119551], [7.287817252439876, 49.0624754631301], [7.283590988333537, 49.06058226986775], [7.28499655722909, 49.05736242614014], [7.255665154123071, 49.058910177354335], [7.246807365000279, 49.05665758877136]]]}",2300,074,26,6,57,41
14107,14710,BRICQUEVILLE,CALVADOS,BASSE-NORMANDIE,"Commune simple",20.0,694.0,0.1,"49.2893189025, -0.956918427952","{""type"": ""Polygon"", ""coordinates"": [[[-0.955373454246841, 49.272529888373846], [-0.959640461190755, 49.27130972705639], [-0.975950417045134, 49.281079102820634], [-0.976611908136819, 49.28555774441436], [-0.959688218027892, 49.30618609127844], [-0.954453479551109, 49.30595274296145], [-0.943063573754002, 49.30442639142994], [-0.940016408880903, 49.2877758654221], [-0.942354175001499, 49.28109296330017], [-0.955265061866779, 49.27596277432749], [-0.955373454246841, 49.272529888373846]]]}",29229,107,33,1,14,25
42040,42440,"LA CHAMBA",LOIRE,RHONE-ALPES,"Commune simple",1146.0,515.0,0.1,"45.7553340997, 3.76221120048","{""type"": ""Polygon"", ""coordinates"": [[[3.779076826745274, 45.74268734486055], [3.776274523150088, 45.74554334294144], [3.757235102031146, 45.74717667183958], [3.748274458745038, 45.75511610378186], [3.730436481159911, 45.76035702461353], [3.733107827633395, 45.76194263471479], [3.742007382213138, 45.75975019765126], [3.759047506471404, 45.76582346907896], [3.772428932532549, 45.763049060430866], [3.783252543972803, 45.745107867008336], [3.779076826745274, 45.74268734486055]]]}",23531,040,11,1,42,82
24200,24350,GRAND-BRASSAC,DORDOGNE,AQUITAINE,"Commune simple",143.0,3183.0,0.5,"45.3001059626, 0.485790051085","{""type"": ""Polygon"", ""coordinates"": [[[0.53286166107222, 45.26699380166149], [0.521371913812908, 45.26946928004695], [0.519612103062872, 45.27977232655837], [0.511089564261702, 45.28316844755242], [0.503561301822261, 45.2916941719297], [0.450231002448251, 45.274229610463735], [0.440815306623659, 45.27921270017988], [0.440913267378117, 45.28597175316678], [0.43181188230814, 45.29404247628163], [0.441645719875031, 45.30115082464766], [0.441499108225665, 45.311291739847256], [0.448914180353544, 45.32028099698207], [0.460420583765685, 45.32530855802646], [0.458354872027809, 45.32831573866072], [0.471429181266158, 45.32446776763881], [0.486706409813922, 45.316190357089624], [0.508894330529732, 45.32256939439647], [0.510679916145727, 45.32576224695272], [0.52710967948451, 45.317856423335904], [0.5371835269573, 45.30228623224329], [0.537252444077805, 45.30188235521061], [0.536050463278802, 45.3016396735335], [0.529003225255792, 45.297051886751035], [0.533867876176008, 45.28058314893656], [0.53286166107222, 45.26699380166149]]]}",10775,200,21,3,24,72
48014,48190,BAGNOLS-LES-BAINS,LOZERE,LANGUEDOC-ROUSSILLON,"Commune simple",989.0,238.0,0.2,"44.5110337689, 3.66278959249","{""type"": ""Polygon"", ""coordinates"": [[[3.657630928797018, 44.499822643834484], [3.654395228627258, 44.50933950397364], [3.663908740910066, 44.52454197928573], [3.672412991650228, 44.508465965325925], [3.657630928797018, 44.499822643834484]]]}",32733,014,03,2,48,91
70429,70000,PUSY-ET-EPENOUX,HAUTE-SAONE,FRANCHE-COMTE,"Commune simple",244.0,1006.0,0.5,"47.6675589968, 6.15028596157","{""type"": ""Polygon"", ""coordinates"": [[[6.147180545200786, 47.64657924815823], [6.127393030615981, 47.667171512724835], [6.127512368477942, 47.68648117188221], [6.128230155677804, 47.68916430602349], [6.142339209581754, 47.68793910447505], [6.143839529292503, 47.681259938137146], [6.155384001764708, 47.67505758510898], [6.179568059542606, 47.67712247087328], [6.179696276428883, 47.670552067691695], [6.169090047535469, 47.65658038142255], [6.164940383863178, 47.651810478986434], [6.147180545200786, 47.64657924815823]]]}",25000,429,29,2,70,43
38267,38260,MOTTIER,ISERE,RHONE-ALPES,"Commune simple",505.0,1077.0,0.7,"45.4232022991, 5.30860721755","{""type"": ""Polygon"", ""coordinates"": [[[5.313216702719632, 45.40791374234625], [5.29018836986872, 45.41671942034945], [5.27937154423502, 45.41183219649339], [5.274233060814858, 45.42222405922794], [5.281748442789809, 45.426431369860566], [5.287730920125671, 45.43564211010807], [5.296216289860197, 45.4366217331819], [5.308213091381397, 45.432177480303], [5.315150818760983, 45.43532252227226], [5.317772531466377, 45.43283607196175], [5.326246773934698, 45.4344622663247], [5.342349051749975, 45.431262307806676], [5.342551565205468, 45.4278708640947], [5.332464724995876, 45.420730240842495], [5.335820009694019, 45.414426488247614], [5.327747918736677, 45.411342364782364], [5.313888593234855, 45.41115191129393], [5.313216702719632, 45.40791374234625]]]}",30141,267,07,3,38,82
28385,28240,"LE THIEULIN",EURE-ET-LOIR,CENTRE,"Commune simple",226.0,1188.0,0.4,"48.4073892468, 1.13977357716","{""type"": ""Polygon"", ""coordinates"": [[[1.113419560384953, 48.383049291665266], [1.097891391319392, 48.38804769867222], [1.116197013906784, 48.39338861473452], [1.122279279842819, 48.39901961043426], [1.121160931449565, 48.40573325079907], [1.103578293506601, 48.41243667452595], [1.134481695760897, 48.415797535584446], [1.141407075402977, 48.42103568742924], [1.141836845816102, 48.42799859782035], [1.160558842263771, 48.427372501949115], [1.169005517770126, 48.4162365815406], [1.177524384135443, 48.41266024576516], [1.176164137882131, 48.40939971665923], [1.139533325045047, 48.39796875814574], [1.136467241985321, 48.39525685679326], [1.14100540816272, 48.38958664713815], [1.125624991198929, 48.389326435480456], [1.113419560384953, 48.383049291665266]]]}",25868,385,17,4,28,24
54304,54520,LAXOU,MEURTHE-ET-MOSELLE,LORRAINE,"Chef-lieu canton",322.0,1595.0,14.7,"48.6822062614, 6.11358630152","{""type"": ""Polygon"", ""coordinates"": [[[6.080584896086799, 48.66721495432098], [6.073991052660044, 48.692589213807906], [6.103980315870364, 48.69319835283787], [6.106489545151264, 48.696067464625685], [6.136896186437859, 48.700636198560346], [6.136080071345908, 48.69066592050605], [6.15517654147905, 48.68830763741517], [6.161286288595873, 48.679179982298635], [6.137527683921978, 48.67446981058127], [6.126984103823914, 48.667491559143365], [6.090577845193927, 48.667289230630445], [6.080584896086799, 48.66721495432098]]]}",20539,304,39,3,54,41
76191,76720,CRESSY,SEINE-MARITIME,HAUTE-NORMANDIE,"Commune simple",147.0,443.0,0.3,"49.7248563124, 1.16111679423","{""type"": ""Polygon"", ""coordinates"": [[[1.155226280582318, 49.71458868960667], [1.14503658754412, 49.71731891633794], [1.14614000398008, 49.73048455718165], [1.1632132164302, 49.73729507125096], [1.166001961130043, 49.73106386934231], [1.184268543927062, 49.7262057299518], [1.183523570962321, 49.7229771033822], [1.155226280582318, 49.71458868960667]]]}",23405,191,04,1,76,23
31229,31430,GRATENS,HAUTE-GARONNE,MIDI-PYRENEES,"Commune simple",262.0,1551.0,0.7,"43.3258752014, 1.12264895542","{""type"": ""Polygon"", ""coordinates"": [[[1.140288368328851, 43.309042003398645], [1.085387707448193, 43.320726402285224], [1.069660261094375, 43.324442112213084], [1.087943997965985, 43.33097591203541], [1.101872352490406, 43.33998581680014], [1.130481778708814, 43.33710966673485], [1.144025294171952, 43.33802679510969], [1.172055418539654, 43.326878335020005], [1.159224704416808, 43.324168168043606], [1.153342569648109, 43.319262800126474], [1.140288368328851, 43.309042003398645]]]}",7147,229,13,1,31,73
38300,38260,PENOL,ISERE,RHONE-ALPES,"Commune simple",349.0,1210.0,0.3,"45.3732511215, 5.18172674953","{""type"": ""Polygon"", ""coordinates"": [[[5.197611342111609, 45.356588586093395], [5.182363872433153, 45.3489688555576], [5.171751965372418, 45.35987656985251], [5.158183452329587, 45.361219844430785], [5.159641458888239, 45.36421837294595], [5.151408098250815, 45.366754916987446], [5.160105385427006, 45.373865853966684], [5.176373124851455, 45.386234100687936], [5.186686852254764, 45.40145492958594], [5.188836622851087, 45.40116974308384], [5.196426997784537, 45.39715678212339], [5.199662511173016, 45.391030911859765], [5.193630233593224, 45.38233035483667], [5.2027564398684, 45.374890813278846], [5.194021031949492, 45.373440830388866], [5.199365687429109, 45.36541798642334], [5.197611342111609, 45.356588586093395]]]}",29175,300,07,3,38,82
51256,51160,FONTAINE-SUR-AY,MARNE,CHAMPAGNE-ARDENNE,"Commune simple",163.0,772.0,0.3,"49.0919957027, 4.06660970581","{""type"": ""Polygon"", ""coordinates"": [[[4.075543083328377, 49.06666484329298], [4.047476264594809, 49.09792652532407], [4.05939126863873, 49.11610267305907], [4.073245841089468, 49.10644845561528], [4.083786963384609, 49.069540240895066], [4.075543083328377, 49.06666484329298]]]}",15823,256,03,2,51,21
32270,32220,MONGAUSY,GERS,MIDI-PYRENEES,"Commune simple",242.0,743.0,0.1,"43.5015625507, 0.811133329778","{""type"": ""Polygon"", ""coordinates"": [[[0.835935366405294, 43.48630526784235], [0.828070424626439, 43.48540997320288], [0.821768691967827, 43.489261702597126], [0.805774683364891, 43.4937364347696], [0.809781540885328, 43.49954172579684], [0.807742380308296, 43.502434678826084], [0.798654082775816, 43.495662218359065], [0.791945280008379, 43.50359028434878], [0.774111554603276, 43.50303671048824], [0.771012965742948, 43.5054572395004], [0.779997699440955, 43.50622656360408], [0.791821464055215, 43.516143584013804], [0.81289446578692, 43.509037060951], [0.826907301859676, 43.50832866906264], [0.834261052323071, 43.50384053598635], [0.835935366405294, 43.48630526784235]]]}",24269,270,13,1,32,73
57617,57420,SAINT-JURE,MOSELLE,LORRAINE,"Commune simple",241.0,1065.0,0.3,"48.9431905301, 6.23274904029","{""type"": ""Polygon"", ""coordinates"": [[[6.237097084104429, 48.92493014561046], [6.234795425029967, 48.92789039634722], [6.22511691049813, 48.92930342283474], [6.220642920722923, 48.93822586861157], [6.205767506941863, 48.939587857478855], [6.203318899830963, 48.957275077405924], [6.217421238627098, 48.959237253932365], [6.229277058558, 48.95538141712195], [6.236458289123886, 48.95943565557452], [6.24700416073422, 48.956288401056874], [6.262561753861106, 48.933509441706654], [6.247296614207555, 48.924879029109306], [6.237097084104429, 48.92493014561046]]]}",24396,617,33,4,57,41
76412,76116,MARTAINVILLE-EPREVILLE,SEINE-MARITIME,HAUTE-NORMANDIE,"Commune simple",153.0,758.0,0.7,"49.451874767, 1.29465075499","{""type"": ""Polygon"", ""coordinates"": [[[1.275018815365996, 49.432110052638336], [1.272555465278974, 49.43815229762076], [1.273309672141484, 49.444438170405014], [1.277503447496902, 49.446017227539976], [1.274952467898015, 49.461245947998144], [1.297368500936419, 49.464466847529465], [1.29791221376798, 49.46137298657898], [1.307260449848421, 49.46145904135533], [1.315015895706625, 49.46848932159423], [1.31482994516244, 49.46532233220267], [1.323948492646484, 49.46316543663855], [1.322544093120638, 49.451243424565774], [1.302481308623224, 49.45080203526682], [1.301430933566256, 49.44418864379257], [1.29169845815365, 49.44206491668337], [1.289073192828655, 49.435599912173736], [1.275018815365996, 49.432110052638336]]]}",20282,412,13,3,76,23
70310,70200,LURE,HAUTE-SAONE,FRANCHE-COMTE,Sous-préfecture,302.0,2464.0,8.3,"47.6851664568, 6.49651910322","{""type"": ""Polygon"", ""coordinates"": [[[6.526627887190953, 47.63937567365407], [6.508029977669234, 47.64260285853664], [6.498981640585837, 47.657902642769244], [6.489692031591787, 47.65961310393424], [6.492987630907241, 47.665947504624114], [6.489071762576161, 47.67193880588763], [6.48636164349118, 47.674758626679946], [6.476424855703138, 47.67498263579668], [6.466001135197858, 47.68577031725863], [6.458346280900768, 47.69713267447883], [6.469924753770892, 47.70606918700453], [6.478257051344015, 47.71879506474894], [6.483449008729671, 47.72387494570501], [6.496350169892427, 47.71965194448521], [6.500482844634954, 47.710825166643836], [6.513561126787467, 47.70793722483886], [6.513683708121957, 47.69846446411631], [6.519920177689221, 47.69347468308055], [6.520779197769387, 47.687087970881336], [6.525231259997367, 47.685809521495464], [6.524348886459632, 47.67589838218987], [6.514831982537055, 47.66044501283313], [6.519420745671884, 47.659450904669214], [6.519196962318026, 47.65080819548942], [6.528244860164697, 47.64386783894808], [6.526627887190953, 47.63937567365407]]]}",11573,310,95,1,70,43
50197,50450,GAVRAY,MANCHE,BASSE-NORMANDIE,"Chef-lieu canton",104.0,2060.0,1.4,"48.901866947, -1.32927187447","{""type"": ""Polygon"", ""coordinates"": [[[-1.327401995888216, 48.87856165066383], [-1.338072211613681, 48.88370514335026], [-1.350754927376005, 48.88806303456928], [-1.3607723827639, 48.899541989900605], [-1.372599635076093, 48.90454133858605], [-1.37356575843441, 48.91456638882361], [-1.358377678131526, 48.92427095405394], [-1.352668263301857, 48.93410641829751], [-1.344647391590157, 48.91207114107833], [-1.321365700219809, 48.916201331145714], [-1.306061491787224, 48.91604142560651], [-1.292079742604274, 48.911869493714235], [-1.285768599446436, 48.897298676824576], [-1.290646674035301, 48.896655519575525], [-1.296787977245527, 48.88088127809524], [-1.321947327618252, 48.88391060759839], [-1.327401995888216, 48.87856165066383]]]}",10609,197,14,3,50,25
80246,80440,DOMMARTIN,SOMME,PICARDIE,"Commune simple",79.0,668.0,0.4,"49.7953023134, 2.40134941683","{""type"": ""Polygon"", ""coordinates"": [[[2.404627019617235, 49.77975832818138], [2.378109360724232, 49.79248310926865], [2.388014384436304, 49.80096076261991], [2.394595773236159, 49.81369765284545], [2.415219835538372, 49.807131787413574], [2.412356451333068, 49.79416232996514], [2.421634886392102, 49.78616542460206], [2.417877868107046, 49.780972353625415], [2.404627019617235, 49.77975832818138]]]}",23105,246,13,2,80,22
21699,21130,VILLERS-LES-POTS,COTE-D'OR,BOURGOGNE,"Commune simple",196.0,1038.0,1.0,"47.2102286765, 5.34734391445","{""type"": ""Polygon"", ""coordinates"": [[[5.382734370051053, 47.19460600772748], [5.352881057981615, 47.19754912803763], [5.334539432023242, 47.20333331537218], [5.318932239148199, 47.206411857093734], [5.316571352149188, 47.21757322868631], [5.327790644185695, 47.228786732227256], [5.335356008965346, 47.22427532410661], [5.368268457436793, 47.21629385591396], [5.383099537288213, 47.19509387216653], [5.382734370051053, 47.19460600772748]]]}",30067,699,03,2,21,26
62439,62132,HERMELINGHEN,PAS-DE-CALAIS,NORD-PAS-DE-CALAIS,"Commune simple",147.0,646.0,0.3,"50.8043182752, 1.86169968318","{""type"": ""Polygon"", ""coordinates"": [[[1.85647902229318, 50.78745155087365], [1.842426817344938, 50.803186107917305], [1.843270957755521, 50.80954676040574], [1.863635599096358, 50.81951442749989], [1.878313424969254, 50.816201869608314], [1.875896160379633, 50.81032088457816], [1.88015979511709, 50.80142231666581], [1.870596971103767, 50.79287447823039], [1.85647902229318, 50.78745155087365]]]}",7861,439,25,6,62,31
67119,67550,ECKWERSHEIM,BAS-RHIN,ALSACE,"Commune simple",154.0,761.0,1.4,"48.6852852896, 7.69634796304","{""type"": ""Polygon"", ""coordinates"": [[[7.687440885591456, 48.67106284873617], [7.668521299932229, 48.68633075672981], [7.690528158327484, 48.69665713076374], [7.695336437435788, 48.69548560041244], [7.708706027142672, 48.70035521431085], [7.719291913797938, 48.6861501993914], [7.720362249204077, 48.68293603714501], [7.714431549278009, 48.677836627479486], [7.687440885591456, 48.67106284873617]]]}",28840,119,05,6,67,42
68028,68750,BERGHEIM,HAUT-RHIN,ALSACE,"Commune simple",288.0,1944.0,1.9,"48.2125964008, 7.35786517874","{""type"": ""Polygon"", ""coordinates"": [[[7.367663915829709, 48.19051882733142], [7.3574011762744, 48.191583224863294], [7.345384730532094, 48.197703739819346], [7.324359486163504, 48.212687150572485], [7.299002604901764, 48.21389281755961], [7.296868910015811, 48.21997193834186], [7.309351346868043, 48.22915886693323], [7.302200940186093, 48.24399952791473], [7.320976628952499, 48.2396825626395], [7.321770064045679, 48.22994847558087], [7.333368427806525, 48.22321542492018], [7.347606917931436, 48.21975416398444], [7.3630740920383, 48.2127492055227], [7.377650089566804, 48.2145434806555], [7.382845578835107, 48.21946029002016], [7.412694268342601, 48.21743798838537], [7.430930117085815, 48.21139266337855], [7.430507222607365, 48.20459543222513], [7.426612302852392, 48.20236242681768], [7.392104104862471, 48.20563453217267], [7.383076108765056, 48.202446601798236], [7.372783066996894, 48.19065361347512], [7.367663915829709, 48.19051882733142]]]}",8342,028,20,5,68,42
33169,33190,FLOUDES,GIRONDE,AQUITAINE,"Commune simple",12.0,375.0,0.1,"44.5700178825, -0.0629604195492","{""type"": ""Polygon"", ""coordinates"": [[[-0.058316953104961, 44.561306061905064], [-0.080180849816041, 44.56593254058436], [-0.087327764981036, 44.568489751389485], [-0.086258905522375, 44.57314140811333], [-0.083993425398295, 44.57297046757735], [-0.074433315986075, 44.57262445127777], [-0.061538550665129, 44.577018876399286], [-0.038662338402644, 44.57517326026915], [-0.041173146502691, 44.570077052290976], [-0.049913723802893, 44.56879989848419], [-0.058316953104961, 44.561306061905064]]]}",27206,169,38,3,33,72
32407,32220,SAINT-SOULAN,GERS,MIDI-PYRENEES,"Commune simple",225.0,1221.0,0.1,"43.5085067561, 0.860606290499","{""type"": ""Polygon"", ""coordinates"": [[[0.878782597463775, 43.49356915080192], [0.841172410914819, 43.4989201188199], [0.834261052323071, 43.50384053598635], [0.826907301859676, 43.50832866906264], [0.831572716124179, 43.520032676835896], [0.837890471166119, 43.52437102179827], [0.850425387919421, 43.5206058902127], [0.859571836512234, 43.52176778799227], [0.884169570384795, 43.512457931831975], [0.892565651826682, 43.51450244472945], [0.900896867695938, 43.509875843603346], [0.878782597463775, 43.49356915080192]]]}",14651,407,26,1,32,73
28036,28260,BERCHERES-SUR-VESGRE,EURE-ET-LOIR,CENTRE,"Commune simple",119.0,1223.0,0.9,"48.8437900512, 1.55304230439","{""type"": ""Polygon"", ""coordinates"": [[[1.527303784653051, 48.82089984948977], [1.518180375372106, 48.82461902500018], [1.52055622015918, 48.829226912729006], [1.534097277449833, 48.84816603113763], [1.549115152067437, 48.858000483010876], [1.554442785129598, 48.85808295464255], [1.558838679826246, 48.864252356461975], [1.559546339525582, 48.86725608882151], [1.572071757961011, 48.863925278760505], [1.582962132029319, 48.85749764972276], [1.577268587716286, 48.844360765486286], [1.577860596686367, 48.83764869417991], [1.570908497929633, 48.83278056732678], [1.551814036959207, 48.83250589823106], [1.527303784653051, 48.82089984948977]]]}",26308,036,01,3,28,24
43034,43500,BOISSET,HAUTE-LOIRE,AUVERGNE,"Commune simple",844.0,1412.0,0.3,"45.3167286043, 3.9815552467","{""type"": ""Polygon"", ""coordinates"": [[[3.977224809508312, 45.286473113677175], [3.957619115959978, 45.29916868032894], [3.953069879701722, 45.304736621027594], [3.939565420153933, 45.306795921751764], [3.942339166891456, 45.31611982909322], [3.949703983868631, 45.32063214456219], [3.964201010948226, 45.321174568275964], [3.977113391141439, 45.32596136396184], [3.979450020864445, 45.33252368612836], [3.986841237651578, 45.33679024642624], [4.005055860042241, 45.332233685268704], [4.014605694403476, 45.33363339201273], [4.016562645547303, 45.3282305418368], [4.020570596943291, 45.3281940712755], [4.026082591875606, 45.31694123793864], [4.023648615657557, 45.31159645135959], [4.011285675721183, 45.31673372998472], [4.00273460267279, 45.313929031234274], [3.993363813421844, 45.31592168962728], [3.984317175938565, 45.31390343510799], [3.973688832695195, 45.30678334364907], [3.977224809508312, 45.286473113677175]]]}",8510,034,03,3,43,83
41237,41700,SASSAY,LOIR-ET-CHER,CENTRE,"Commune simple",115.0,1672.0,0.9,"47.3923085381, 1.44630857754","{""type"": ""Polygon"", ""coordinates"": [[[1.444085446489403, 47.37323222483446], [1.395952933011061, 47.384499125294916], [1.400287116411193, 47.39341869033242], [1.40926712517285, 47.39554075521205], [1.423888108029009, 47.39615404188959], [1.453653622719445, 47.409600103329716], [1.48965115887538, 47.41050531370451], [1.48176281021099, 47.400552612048116], [1.48841456875848, 47.39650658514024], [1.482262102863281, 47.39088016132037], [1.444085446489403, 47.37323222483446]]]}",22961,237,04,1,41,24
43084,43370,CUSSAC-SUR-LOIRE,HAUTE-LOIRE,AUVERGNE,"Commune simple",832.0,1018.0,1.7,"44.9849156994, 3.87473452853","{""type"": ""Polygon"", ""coordinates"": [[[3.843805336592022, 44.971409334322935], [3.845375097323878, 44.98129303306357], [3.866026488058327, 44.99916072784997], [3.879618931898363, 44.99999057143835], [3.888741482527268, 44.99903567146026], [3.89881229482757, 44.98443084143981], [3.915318222176006, 44.97816434281902], [3.910850841057432, 44.974932454202516], [3.901274342380342, 44.97342570425678], [3.887657893917701, 44.98271053428811], [3.872582281762881, 44.974365806578305], [3.843805336592022, 44.971409334322935]]]}",8891,084,26,2,43,83
30341,30600,VAUVERT,GARD,LANGUEDOC-ROUSSILLON,"Chef-lieu canton",14.0,11052.0,11.0,"43.6258468531, 4.30597093294","{""type"": ""Polygon"", ""coordinates"": [[[4.353637699047087, 43.54739380824169], [4.348482113162633, 43.54226578302019], [4.332422139808505, 43.53572421844641], [4.317340877057897, 43.54365604663424], [4.315768803319514, 43.546851601201624], [4.322079376683601, 43.55174214070185], [4.318520493326353, 43.557319569146884], [4.315305046657856, 43.5627937492858], [4.289496052962703, 43.57070717614174], [4.292474052817654, 43.58424181677286], [4.288847935112857, 43.59035006810703], [4.265276958353529, 43.589295364435415], [4.256196555500717, 43.60600347092089], [4.264261112440253, 43.622422878498206], [4.262509056547058, 43.62498994323795], [4.250342726133345, 43.61981222887813], [4.247406890920693, 43.62094382924897], [4.248137630855402, 43.624355022532704], [4.264463832754235, 43.66196235005801], [4.259537939107382, 43.675851285485926], [4.245940934883891, 43.69431239595466], [4.260697423875566, 43.71672199008821], [4.285559475107772, 43.716026240219314], [4.306269108885204, 43.701389451119056], [4.318083131707576, 43.68650588766395], [4.32727714691331, 43.642270537484805], [4.330637868762826, 43.6397096905463], [4.349573095880761, 43.64292297795877], [4.366884417318927, 43.57325215779474], [4.376268332896886, 43.56507969965378], [4.353637699047087, 43.54739380824169]]]}",10829,341,37,2,30,91
28099,28190,CHUISNES,EURE-ET-LOIR,CENTRE,"Commune simple",194.0,2322.0,1.0,"48.4370118675, 1.1888981198","{""type"": ""Polygon"", ""coordinates"": [[[1.169005517770126, 48.4162365815406], [1.160558842263771, 48.427372501949115], [1.141836845816102, 48.42799859782035], [1.140594827845944, 48.442080358607264], [1.146549059742491, 48.45195517344983], [1.186467032301367, 48.45435358491957], [1.195303009197489, 48.45114079061469], [1.208032742329697, 48.455877953742544], [1.218067579960125, 48.45517417308747], [1.222834585869702, 48.453823880751344], [1.236429425533544, 48.43692043500574], [1.231786644993351, 48.42419022194199], [1.2085344262559, 48.41896398377994], [1.178172358325602, 48.418924436313155], [1.169005517770126, 48.4162365815406]]]}",18171,099,12,1,28,24
02082,02210,BEUGNEUX,AISNE,PICARDIE,"Commune simple",143.0,768.0,0.1,"49.2275759309, 3.41647403702","{""type"": ""Polygon"", ""coordinates"": [[[3.420157959482971, 49.20203831215825], [3.420074340675517, 49.212017862020254], [3.408282309918503, 49.21843246508147], [3.398503677431781, 49.219319258331375], [3.399751419336101, 49.235146739511976], [3.404451805694535, 49.24457956933661], [3.409252227454796, 49.245615201894594], [3.42052043794059, 49.24663725589727], [3.428032468786151, 49.23842992806418], [3.427404932863776, 49.225630253067344], [3.44046241896643, 49.21640425241645], [3.430996801999827, 49.21357057774735], [3.420157959482971, 49.20203831215825]]]}",9613,082,24,4,02,22
03130,03360,ISLE-ET-BARDAIS,ALLIER,AUVERGNE,"Commune simple",239.0,4502.0,0.3,"46.6820455059, 2.77701869373","{""type"": ""Polygon"", ""coordinates"": [[[2.744793386783821, 46.64960280190923], [2.70536612726587, 46.68423773212566], [2.718863351645791, 46.6877922490922], [2.732543321026993, 46.69179580766681], [2.740013515884585, 46.70035795635476], [2.754128533991341, 46.70182072670092], [2.759009666799193, 46.70788188145487], [2.758521155457069, 46.71765936557715], [2.766610131185516, 46.721124678493005], [2.774749707681636, 46.718952931124605], [2.780563011586203, 46.70589917186855], [2.793854086125085, 46.70094450985008], [2.813921766563289, 46.699763237136374], [2.828229805464272, 46.70283795191796], [2.841997093728077, 46.69887789329484], [2.839581368752549, 46.69260764291666], [2.845422545116595, 46.677083437899135], [2.832799757164076, 46.67237454219117], [2.818429212260091, 46.66292526983984], [2.798106357328894, 46.66254913484469], [2.744793386783821, 46.64960280190923]]]}",25620,130,02,1,03,83
56083,56700,HENNEBONT,MORBIHAN,BRETAGNE,"Chef-lieu canton",38.0,1879.0,15.1,"47.807556604, -3.26971559866","{""type"": ""Polygon"", ""coordinates"": [[[-3.282843352267111, 47.7798419826058], [-3.292846368353575, 47.78557905632075], [-3.291287341374276, 47.79220890113937], [-3.275144764082667, 47.795405712512505], [-3.294363088083977, 47.79351508354723], [-3.300154489685101, 47.7959118762298], [-3.307797856328271, 47.79968025349532], [-3.308086563161391, 47.80628291419346], [-3.298823527971317, 47.81428509834709], [-3.29553227953406, 47.823716758805084], [-3.281286678435757, 47.82659509314498], [-3.269134907142393, 47.821333118278616], [-3.258977475011832, 47.82068518815992], [-3.233405800694759, 47.83088893851506], [-3.229826979151277, 47.825644584346044], [-3.231708897690816, 47.81278754204102], [-3.237574519403854, 47.80373553338346], [-3.243509738436487, 47.798254613689075], [-3.253058848895175, 47.797645106791585], [-3.282843352267111, 47.7798419826058]]]}",12717,083,14,1,56,53
42205,42940,SAINT-BONNET-LE-COURREAU,LOIRE,RHONE-ALPES,"Commune simple",992.0,5036.0,0.7,"45.655161946, 3.9261116009","{""type"": ""Polygon"", ""coordinates"": [[[3.868669166201854, 45.613237868356684], [3.86091596821099, 45.615530782676416], [3.856866260473506, 45.62499927441597], [3.837118926801709, 45.62701200270122], [3.823924061941857, 45.63214333760851], [3.820703214582637, 45.637407949363855], [3.854476529589535, 45.635652737328925], [3.87149495276768, 45.64278957438321], [3.879965913083635, 45.654754854425086], [3.893089524964491, 45.65872196168682], [3.901728431390483, 45.66715422090762], [3.910440128626075, 45.67047917603166], [3.914833508197284, 45.676720365147126], [3.913225068543529, 45.6835685467954], [3.933024995511396, 45.69353745108345], [3.943082611675976, 45.68650147881401], [3.96266335767699, 45.68792983560993], [3.970291106288717, 45.69206097332823], [3.990503477133899, 45.68124052917798], [3.988996142412509, 45.67525608139635], [4.005453441352141, 45.66400651558753], [3.987512759991422, 45.65547493743874], [3.988615600905832, 45.65251144718255], [3.966804658913503, 45.64034532369943], [3.947391419421124, 45.64097867413066], [3.943632822961518, 45.63211286227163], [3.925529193300407, 45.6379816376438], [3.913061555727772, 45.63238304192423], [3.89828857921533, 45.630889957215025], [3.868669166201854, 45.613237868356684]]]}",7682,205,25,1,42,82
63358,63440,SAINT-HILAIRE-LA-CROIX,PUY-DE-DOME,AUVERGNE,"Commune simple",523.0,1622.0,0.3,"46.0395388751, 3.04481120336","{""type"": ""Polygon"", ""coordinates"": [[[3.028954087635598, 46.02068190526086], [3.022696198187396, 46.0164690289058], [3.01032738389076, 46.018361863920795], [3.005791202665691, 46.02434145217993], [3.005740554625652, 46.034489995430405], [3.020531452101316, 46.03427216371907], [3.031964488288571, 46.040617981793496], [3.035343419044766, 46.046902408411825], [3.029190572020715, 46.05223506667573], [3.030744396833223, 46.05549443354251], [3.040691837943942, 46.056986115854016], [3.055964095280881, 46.066398743309406], [3.065695092963363, 46.06858171790045], [3.071860030757725, 46.044120638570405], [3.076713858286696, 46.038102173853176], [3.071089645361329, 46.028371522319894], [3.028954087635598, 46.02068190526086]]]}",9821,358,14,4,63,83
43252,43270,VARENNES-SAINT-HONORAT,HAUTE-LOIRE,AUVERGNE,"Commune simple",1059.0,1188.0,0.0,"45.1773120745, 3.64466347824","{""type"": ""Polygon"", ""coordinates"": [[[3.653236016765854, 45.15129002278365], [3.649810382885825, 45.1499773725141], [3.648121456383409, 45.15247240912462], [3.648495533890435, 45.15948467081646], [3.635126467817994, 45.163469465765964], [3.617191310589644, 45.19214112688053], [3.626192238950701, 45.19192893638799], [3.629452071419596, 45.194170730577326], [3.626336099746221, 45.20021224295206], [3.638952113397163, 45.20304923101393], [3.642716220011609, 45.194779519916096], [3.644067281307035, 45.1915661406481], [3.660754734836872, 45.185561702049874], [3.662535752594926, 45.17898688453254], [3.671738599377761, 45.17140415399843], [3.661523218772503, 45.16014657481887], [3.653236016765854, 45.15129002278365]]]}",7222,252,01,2,43,83
80795,80420,VILLE-LE-MARCLET,SOMME,PICARDIE,"Commune simple",63.0,898.0,0.5,"50.0398514949, 2.09051285594","{""type"": ""Polygon"", ""coordinates"": [[[2.099659468606345, 50.02791442319274], [2.089257104136413, 50.020939093063], [2.079597638325124, 50.02005850703494], [2.065304556137989, 50.031618472884375], [2.064801375795908, 50.0324410099496], [2.078924726376405, 50.03566480327557], [2.071640705183887, 50.047367582666006], [2.084985838530839, 50.0568811117105], [2.090288119684958, 50.05995647183418], [2.107151759180731, 50.05306545024812], [2.115705233051573, 50.043327972980414], [2.099659468606345, 50.02791442319274]]]}",14359,795,34,2,80,22
70158,70000,CLANS,HAUTE-SAONE,FRANCHE-COMTE,"Commune simple",241.0,444.0,0.1,"47.5990510677, 6.0303617469","{""type"": ""Polygon"", ""coordinates"": [[[6.038088733540056, 47.5878460443169], [6.030883924231836, 47.591807734070045], [6.003022940932885, 47.595752940142035], [6.017800855809491, 47.60299220025673], [6.021287785396292, 47.6085948536113], [6.045101364931385, 47.60738142097937], [6.048024016745729, 47.59301865189867], [6.038088733540056, 47.5878460443169]]]}",14479,158,24,2,70,43
87137,87150,SAINT-BAZILE,HAUTE-VIENNE,LIMOUSIN,"Commune simple",296.0,857.0,0.1,"45.7346220066, 0.807218203369","{""type"": ""Polygon"", ""coordinates"": [[[0.831066137483122, 45.72002090556934], [0.824065037247885, 45.72014719207182], [0.769270460516832, 45.7385161950911], [0.784409734123066, 45.74372432756008], [0.805941292731891, 45.74874865059632], [0.818621196627175, 45.73849997550989], [0.828212499367925, 45.73766721345503], [0.8357589713844, 45.73418200987287], [0.831066137483122, 45.72002090556934]]]}",1161,137,20,3,87,74
90101,90100,VELLESCOT,"TERRITOIRE DE BELFORT",FRANCHE-COMTE,"Commune simple",375.0,351.0,0.3,"47.5752045188, 7.01784519688","{""type"": ""Polygon"", ""coordinates"": [[[7.002019603311191, 47.5642451775078], [7.008935723492896, 47.58187106890718], [7.018850996127133, 47.58706366872818], [7.029336326022372, 47.58301554484902], [7.033121722634143, 47.57810778889043], [7.02161364922848, 47.56396737215779], [7.009341017857769, 47.567048961985535], [7.002019603311191, 47.5642451775078]]]}",14594,101,13,1,90,43
22154,22400,MORIEUX,COTES-D'ARMOR,BRETAGNE,"Commune simple",68.0,759.0,0.9,"48.520297083, -2.60995239978","{""type"": ""Polygon"", ""coordinates"": [[[-2.592965958157161, 48.5032537076829], [-2.613394390301516, 48.50366861977661], [-2.621137428542723, 48.518787030706584], [-2.630174287707353, 48.52632207572525], [-2.631644059608979, 48.53796751896019], [-2.628061461098719, 48.53988702958822], [-2.601721797860202, 48.5306896269835], [-2.592280321997245, 48.51895107170856], [-2.588811770989, 48.50591153861988], [-2.592965958157161, 48.5032537076829]]]}",4625,154,18,4,22,53
71360,71960,PRISSE,SAONE-ET-LOIRE,BOURGOGNE,"Commune simple",241.0,1090.0,1.7,"46.3243137138, 4.74816143404","{""type"": ""Polygon"", ""coordinates"": [[[4.760350942550176, 46.3132538563862], [4.748170022623626, 46.308730773800875], [4.73495247541284, 46.312436517127466], [4.730656903679523, 46.31100670248675], [4.716008980862534, 46.32386489162902], [4.730199239447971, 46.33270224382205], [4.734953113414952, 46.33253991007905], [4.739060242815276, 46.34188952251107], [4.762539750830467, 46.343267250385914], [4.758947204028043, 46.33023564602461], [4.763675879118502, 46.32970321309779], [4.766915947281277, 46.32374444967233], [4.780865989359436, 46.32295084801391], [4.77990205585848, 46.3129050671243], [4.760350942550176, 46.3132538563862]]]}",32361,360,27,5,71,26
17073,17100,BUSSAC-SUR-CHARENTE,CHARENTE-MARITIME,POITOU-CHARENTES,"Commune simple",29.0,1011.0,1.3,"45.7919880619, -0.624437131463","{""type"": ""Polygon"", ""coordinates"": [[[-0.605641349840875, 45.7787087655628], [-0.607930203087118, 45.77233456422786], [-0.62588599040071, 45.776049445129516], [-0.643190987946822, 45.782748339993894], [-0.647472871704148, 45.789055311317284], [-0.638618464232804, 45.80876748682834], [-0.617257077707048, 45.80990504993225], [-0.607107542754175, 45.80253174962576], [-0.605641349840875, 45.7787087655628]]]}",25624,073,34,4,17,54
72048,72110,BRIOSNE-LES-SABLES,SARTHE,"PAYS DE LA LOIRE","Commune simple",106.0,995.0,0.5,"48.1746234769, 0.392861782624","{""type"": ""Polygon"", ""coordinates"": [[[0.412867845418368, 48.15595588223346], [0.405965760410325, 48.14909702918965], [0.402444873555751, 48.150658108639796], [0.397830286042192, 48.15966751733633], [0.383936441905196, 48.157361557671614], [0.37430404730798, 48.164629167051395], [0.381322052242782, 48.179694166333874], [0.370146410464118, 48.192986176534966], [0.374455197711744, 48.20002332944367], [0.393094993737341, 48.19426040377576], [0.397725076049431, 48.195118790820786], [0.398193265583542, 48.1856220873914], [0.41268831857499, 48.17664974207326], [0.412867845418368, 48.15595588223346]]]}",11850,048,03,2,72,52
11388,11330,TERMES,AUDE,LANGUEDOC-ROUSSILLON,"Commune simple",401.0,1908.0,0.1,"43.0033668711, 2.57033427463","{""type"": ""Polygon"", ""coordinates"": [[[2.558230281221627, 42.97962462326577], [2.534691015673458, 42.986908997825026], [2.548122161632274, 43.01300273995445], [2.557388702220878, 43.01445326733536], [2.566790595691752, 43.022450982370415], [2.58613715034784, 43.030495612194166], [2.598385804743991, 43.026746633231994], [2.597301114125703, 42.99938383080848], [2.588360336594637, 42.99022155235407], [2.572198908420292, 42.9822532203445], [2.558230281221627, 42.97962462326577]]]}",36468,388,23,1,11,91
77449,77700,SERRIS,SEINE-ET-MARNE,ILE-DE-FRANCE,"Commune simple",128.0,569.0,7.4,"48.844790279, 2.78754866071","{""type"": ""Polygon"", ""coordinates"": [[[2.784713375296714, 48.82811963211568], [2.773157509908386, 48.838629582572324], [2.776537471062975, 48.844715459527976], [2.774425337223676, 48.85104279035974], [2.772175944551039, 48.85435704808961], [2.786366061184544, 48.86026480031931], [2.800218190696758, 48.86272588337276], [2.798389686018458, 48.856202736080405], [2.796167202782693, 48.84252016542104], [2.802347486268762, 48.829616009618206], [2.784713375296714, 48.82811963211568]]]}",35732,449,43,5,77,11
88150,88170,DOMMARTIN-SUR-VRAINE,VOSGES,LORRAINE,"Commune simple",335.0,703.0,0.3,"48.3415797506, 5.91405593469","{""type"": ""Polygon"", ""coordinates"": [[[5.933304473472928, 48.331759287247614], [5.923749014334311, 48.332562904301184], [5.916192494237252, 48.32899497167322], [5.91219562134418, 48.33093903657574], [5.89686109718371, 48.332476727491716], [5.885320352483668, 48.33943886445972], [5.908981008914136, 48.35143714783846], [5.913506205822096, 48.357051831577756], [5.924916356517092, 48.355023970654074], [5.937033703379075, 48.338338238432726], [5.933304473472928, 48.331759287247614]]]}",22941,150,07,2,88,41
31380,31560,MONTGEARD,HAUTE-GARONNE,MIDI-PYRENEES,"Commune simple",241.0,937.0,0.4,"43.3434044557, 1.64154767835","{""type"": ""Polygon"", ""coordinates"": [[[1.62964040377616, 43.32740017884402], [1.62555057364732, 43.32939064955789], [1.609383563496406, 43.34050258944712], [1.616859997651224, 43.34846212750081], [1.639598927932123, 43.346699052197465], [1.651223436786293, 43.36412852624605], [1.661725249513008, 43.35373199365854], [1.670666101298613, 43.3531224258756], [1.676371227956874, 43.348981642579126], [1.668425377586381, 43.34337781573471], [1.657806205483781, 43.34941872047158], [1.659426998302047, 43.3364557748673], [1.646028237934773, 43.33541615605618], [1.641535001168403, 43.32994349173806], [1.632655690309409, 43.328095138728855], [1.62964040377616, 43.32740017884402]]]}",10485,380,24,3,31,73
65265,65350,LASLADES,HAUTES-PYRENEES,MIDI-PYRENEES,"Commune simple",335.0,528.0,0.4,"43.2304728913, 0.165662705335","{""type"": ""Polygon"", ""coordinates"": [[[0.149342655747927, 43.219911423618036], [0.144814479893315, 43.220637814116294], [0.136463929359435, 43.23713157243343], [0.149828480392861, 43.23798930879039], [0.157673918009645, 43.23467674564076], [0.175761862694726, 43.23359432018807], [0.192825240760438, 43.23710870188472], [0.200112294335256, 43.23408463293872], [0.199762457364107, 43.23038521302413], [0.19721028330442, 43.227681731597464], [0.193012381443086, 43.228958774215904], [0.185419949678901, 43.22537674067767], [0.158270694162409, 43.22680757990852], [0.149342655747927, 43.219911423618036]]]}",19354,265,17,3,65,73
24565,24360,VARAIGNES,DORDOGNE,AQUITAINE,"Commune simple",169.0,1725.0,0.4,"45.6108636989, 0.530300494504","{""type"": ""Polygon"", ""coordinates"": [[[0.544644412739342, 45.578168900716136], [0.525706264314962, 45.587997064809144], [0.516323686922416, 45.588060454983626], [0.512188624322032, 45.5938520596757], [0.516143180638553, 45.59924592475506], [0.513311838427933, 45.605426753310525], [0.501440621489658, 45.61535314380878], [0.500403299732158, 45.61956446911197], [0.505231160757954, 45.61869864168061], [0.508421997343342, 45.621400072369354], [0.512656628411834, 45.63145803356204], [0.525832888237969, 45.64178483039928], [0.535417870915184, 45.64286003905075], [0.538447578900784, 45.62873688770508], [0.548759200982926, 45.62350248353841], [0.553841015944094, 45.60495523175807], [0.552417167172014, 45.591861056947074], [0.543009797486964, 45.5843674923186], [0.544644412739342, 45.578168900716136]]]}",10077,565,06,2,24,72
49067,49220,CHAMPTEUSSE-SUR-BACONNE,MAINE-ET-LOIRE,"PAYS DE LA LOIRE","Commune simple",50.0,1167.0,0.2,"47.6694970175, -0.65425867074","{""type"": ""Polygon"", ""coordinates"": [[[-0.639949027777681, 47.649764799558554], [-0.642323718643099, 47.6527092721165], [-0.656646126881022, 47.65543340030944], [-0.685904971524658, 47.65329715932121], [-0.681920105687139, 47.66627208151856], [-0.674103110315585, 47.671879515297825], [-0.661239625894651, 47.67649126634085], [-0.662564564678176, 47.688586828250436], [-0.645345800391874, 47.69242299614992], [-0.631122188899303, 47.68364828138433], [-0.636604919590818, 47.6615375239403], [-0.632221716469379, 47.652212970556285], [-0.639949027777681, 47.649764799558554]]]}",29790,067,10,4,49,52
89272,89130,MOULINS-SUR-OUANNE,YONNE,BOURGOGNE,"Commune simple",225.0,1008.0,0.3,"47.7036850443, 3.34308179335","{""type"": ""Polygon"", ""coordinates"": [[[3.343471707366275, 47.68736218584939], [3.311175414751416, 47.69459921856033], [3.311930672387661, 47.696082334982336], [3.313230092152858, 47.70621370680192], [3.3280499392403, 47.71352667085585], [3.332735097273917, 47.712037325317375], [3.345996458111018, 47.71694924415537], [3.361406606636899, 47.71578657403263], [3.371166577769301, 47.713469838978895], [3.380939025972796, 47.70555377764978], [3.36458981114899, 47.697604187633814], [3.350711120814986, 47.69970780438437], [3.343471707366275, 47.68736218584939]]]}",24291,272,33,1,89,26
11425,11600,VILLEGAILHENC,AUDE,LANGUEDOC-ROUSSILLON,"Commune simple",146.0,504.0,1.6,"43.2718025661, 2.34692667896","{""type"": ""Polygon"", ""coordinates"": [[[2.340103182751674, 43.26053514618687], [2.33357442939632, 43.26418331638346], [2.333575190092186, 43.27584184220406], [2.333373909953194, 43.284737491485444], [2.349948440219423, 43.28362400693806], [2.361763287205522, 43.2741588640065], [2.363189440368444, 43.267645358139696], [2.362063563930111, 43.26147665748394], [2.340103182751674, 43.26053514618687]]]}",24436,425,12,1,11,91
47175,47150,MONFLANQUIN,LOT-ET-GARONNE,AQUITAINE,"Chef-lieu canton",108.0,6235.0,2.3,"44.5202002935, 0.758095744834","{""type"": ""Polygon"", ""coordinates"": [[[0.778164624677094, 44.461482999699676], [0.780080779903261, 44.455595951979745], [0.773275760041345, 44.45119905047446], [0.760856771023745, 44.4562157003103], [0.757974076887917, 44.465495941254424], [0.746842481497104, 44.471861149179475], [0.747125350540199, 44.478333041049225], [0.735315110132578, 44.483017257635076], [0.728655170812037, 44.502242859067536], [0.720841249411897, 44.50565703085698], [0.713496409190454, 44.50958473153843], [0.709503361779946, 44.518670004181146], [0.700985681682871, 44.521041563179814], [0.698674475224411, 44.52740570718157], [0.696813071346918, 44.53384226137056], [0.701903115289477, 44.53964023086632], [0.711195191445104, 44.53873456652015], [0.714919992303467, 44.54097320400156], [0.719749917711996, 44.56106664182285], [0.727852890835287, 44.56943826792461], [0.746753598262286, 44.55864900664822], [0.759800782627845, 44.562841118148434], [0.764312241895801, 44.561527618275996], [0.769481871520231, 44.54865458470757], [0.778470321784444, 44.54618809732318], [0.783250723196827, 44.54695963861279], [0.794099498519867, 44.55841628521015], [0.80458873326715, 44.55267248305338], [0.808558404793499, 44.54385361343735], [0.817364923341457, 44.542443081183535], [0.821941734349418, 44.52173030725009], [0.792497383409256, 44.509203569402395], [0.77838355500442, 44.50039180888137], [0.774967131633215, 44.49416303098511], [0.77761107134621, 44.48420202099733], [0.774215436635063, 44.4710843492716], [0.778164624677094, 44.461482999699676]]]}",4243,175,24,3,47,72
89246,89440,MASSANGIS,YONNE,BOURGOGNE,"Commune simple",266.0,4183.0,0.4,"47.6250901149, 3.98513574014","{""type"": ""Polygon"", ""coordinates"": [[[4.042087173436864, 47.598426696317894], [4.004996036410584, 47.5927926543951], [4.000726113840065, 47.59430565370042], [3.990970382782674, 47.59567615461364], [3.981679103983039, 47.611480866954935], [3.967968649716519, 47.60712144149114], [3.952926281401016, 47.60780329271419], [3.933193868562878, 47.61890876775841], [3.912508349535772, 47.61991838834184], [3.921748944376206, 47.63769606373126], [3.927386691613992, 47.64329544166944], [3.942460532417341, 47.64381393423427], [3.946808732532655, 47.650151900850055], [3.956599338280248, 47.65234055851703], [3.9718789754274, 47.65229549316784], [4.010470433003452, 47.64300249365804], [4.029294634735196, 47.65421631437973], [4.035012649792249, 47.639240972028794], [4.036449230603978, 47.62885819300934], [4.032338696795724, 47.61874955032445], [4.043028400911263, 47.607096148346585], [4.042087173436864, 47.598426696317894]]]}",5425,246,18,2,89,26
04081,04800,ESPARRON-DE-VERDON,ALPES-DE-HAUTE-PROVENCE,"PROVENCE-ALPES-COTE D'AZUR","Commune simple",473.0,3643.0,0.4,"43.7438250286, 5.98891639232","{""type"": ""Polygon"", ""coordinates"": [[[5.984534232154555, 43.71449218112282], [5.975232094019967, 43.71490000697668], [5.965626695294031, 43.72263612691525], [5.951862352928497, 43.721533579457535], [5.944047087173687, 43.725527235435216], [5.939572069410269, 43.7314742073794], [5.941732934418511, 43.7382413881307], [5.938253286564796, 43.74835763449095], [5.925918761709497, 43.75248980462478], [5.92566161290757, 43.75596354055665], [5.961397139970337, 43.76375930442061], [6.00298830910915, 43.76335876858102], [6.016553714085557, 43.7644787083477], [6.024099571662617, 43.76078440966979], [6.037585486804766, 43.75970664664412], [6.041744336736407, 43.75403430994675], [6.046170721218303, 43.75480208428626], [6.047788015840244, 43.751812104329694], [6.060958377359647, 43.75068618371779], [6.064274749658472, 43.74139848872397], [6.062923937065226, 43.7395994323718], [6.039198493885261, 43.74025541704854], [6.000929538635113, 43.726485969682436], [5.984534232154555, 43.71449218112282]]]}",14080,081,21,3,04,93
03236,03260,SAINT-GERMAIN-DES-FOSSES,ALLIER,AUVERGNE,"Commune simple",268.0,799.0,3.7,"46.1959477042, 3.42997700831","{""type"": ""Polygon"", ""coordinates"": [[[3.413122091268195, 46.174854972688856], [3.412355165017999, 46.18146740708126], [3.41860651620674, 46.19031445505521], [3.416955433564748, 46.20679059561286], [3.421383186899088, 46.21250142822678], [3.421100592334943, 46.21286267294188], [3.441958420181655, 46.21444045370863], [3.443115873785449, 46.20517884232953], [3.450806257306875, 46.19406348588419], [3.433482665122848, 46.18262248792721], [3.426743192051462, 46.1778753479997], [3.413122091268195, 46.174854972688856]]]}",35554,236,28,3,03,83
51071,51310,BOUCHY-SAINT-GENEST,MARNE,CHAMPAGNE-ARDENNE,"Commune simple",171.0,1960.0,0.2,"48.6567156677, 3.48974064428","{""type"": ""Polygon"", ""coordinates"": [[[3.451090614365093, 48.63465089605866], [3.458809170112622, 48.651280208738626], [3.442561208610123, 48.66435728094063], [3.446181312602114, 48.66689832246468], [3.454229281950431, 48.67104152854313], [3.479306860106247, 48.66890151649823], [3.500850473364939, 48.67655750227156], [3.521809826288427, 48.671313575402905], [3.539601866974872, 48.6490438194163], [3.533236461310149, 48.646508885482895], [3.517898111066819, 48.643842040988645], [3.492137340963068, 48.646955564201214], [3.476739412517408, 48.63752839174937], [3.451090614365093, 48.63465089605866]]]}",20873,071,12,2,51,21
43240,43130,SOLIGNAC-SOUS-ROCHE,HAUTE-LOIRE,AUVERGNE,"Commune simple",727.0,869.0,0.2,"45.2521425669, 3.99655287323","{""type"": ""Polygon"", ""coordinates"": [[[4.020109200410648, 45.25769719945847], [4.021136540102105, 45.24417124649425], [3.99871045695029, 45.23753909258505], [3.984100453020491, 45.23877631094588], [3.984495539421977, 45.24527442423908], [3.974455043590247, 45.25208912684976], [3.972637058846646, 45.26188437602071], [3.977926633635795, 45.26685402413511], [3.985794362936726, 45.26394835466932], [3.997646779851446, 45.26714807502153], [4.006211384482716, 45.2591018648362], [4.020109200410648, 45.25769719945847]]]}",10062,240,21,3,43,83
70532,70000,VELLEFAUX,HAUTE-SAONE,FRANCHE-COMTE,"Commune simple",361.0,1011.0,0.5,"47.5529035792, 6.13885306049","{""type"": ""Polygon"", ""coordinates"": [[[6.153390571152803, 47.5299873116187], [6.128995000140463, 47.547689017386325], [6.110517479116762, 47.55255259931295], [6.116241895807309, 47.56947954249762], [6.121071135998593, 47.574674309250476], [6.139665583101078, 47.56919356814087], [6.153754613046202, 47.554868213021265], [6.15622116234618, 47.54593702585029], [6.162505502091693, 47.55050521998835], [6.170732203155992, 47.54652513751535], [6.161800924158623, 47.53410159230479], [6.153390571152803, 47.5299873116187]]]}",18317,532,17,2,70,43
25504,25380,ROSUREUX,DOUBS,FRANCHE-COMTE,"Commune simple",637.0,615.0,0.1,"47.2139578431, 6.68360932268","{""type"": ""Polygon"", ""coordinates"": [[[6.681358879846563, 47.19979299118853], [6.680242838463466, 47.20300088786957], [6.671030192193151, 47.205005731803254], [6.664856077647645, 47.210077050219496], [6.641821457767729, 47.20604528362658], [6.651993286599816, 47.21094306375086], [6.661635822929149, 47.21270239812658], [6.671956302118053, 47.22011729161622], [6.691041949950466, 47.223926743929646], [6.69265287782828, 47.227155954057416], [6.69964008151514, 47.22698706914764], [6.7040775531919, 47.226872288568295], [6.707656858073814, 47.221413296727334], [6.692387672605804, 47.20365065198686], [6.681358879846563, 47.19979299118853]]]}",18499,504,25,3,25,43
50192,50420,FOURNEAUX,MANCHE,BASSE-NORMANDIE,"Commune simple",83.0,339.0,0.1,"48.9664383524, -1.04146315344","{""type"": ""Polygon"", ""coordinates"": [[[-1.056539331423219, 48.95862267402072], [-1.059549630870639, 48.96739887795797], [-1.054550222843282, 48.97255643975937], [-1.016977999988098, 48.970949474363366], [-1.027543899386121, 48.962581263734535], [-1.056539331423219, 48.95862267402072]]]}",34418,192,45,4,50,25
21049,21580,BARJON,COTE-D'OR,BOURGOGNE,"Commune simple",406.0,459.0,0.0,"47.6163680497, 4.9625109297","{""type"": ""Polygon"", ""coordinates"": [[[4.972815138932904, 47.59593167578348], [4.969032643742116, 47.597679293483964], [4.967467442175215, 47.606862694704226], [4.954603891390621, 47.60970791890695], [4.949869826147109, 47.61570260837539], [4.952523433061288, 47.622357104190336], [4.944000689321205, 47.630782761102516], [4.951395361043519, 47.633756732755074], [4.959551316892406, 47.633133977386535], [4.958442702367629, 47.62978515870689], [4.969741518360867, 47.62303134304358], [4.971538720244675, 47.61291666928823], [4.981273471709972, 47.60541365586652], [4.972815138932904, 47.59593167578348]]]}",27042,049,16,2,21,26
61151,61270,ECORCEI,ORNE,BASSE-NORMANDIE,"Commune simple",261.0,958.0,0.4,"48.7192657885, 0.575658478261","{""type"": ""Polygon"", ""coordinates"": [[[0.575449977903279, 48.70231680064937], [0.56770912720837, 48.70301405045362], [0.552460868581974, 48.7037639368311], [0.5549650294873, 48.70661390324808], [0.548884121851558, 48.71537979585576], [0.552095008168543, 48.72143881346835], [0.56474964472538, 48.72509024526173], [0.571351614782825, 48.73257656895078], [0.584606826321304, 48.73862256509859], [0.60000331364285, 48.731599540886975], [0.602195253183478, 48.725632694717355], [0.597430929101168, 48.724241080899745], [0.59403901637325, 48.71431940315946], [0.575449977903279, 48.70231680064937]]]}",14310,151,37,3,61,25
05101,05340,PELVOUX,HAUTES-ALPES,"PROVENCE-ALPES-COTE D'AZUR","Commune simple",2515.0,12285.0,0.5,"44.899639207, 6.43586430867","{""type"": ""Polygon"", ""coordinates"": [[[6.533611395209185, 44.85417421708354], [6.51376722499145, 44.85493970776295], [6.494830929450373, 44.8509596713863], [6.478603031966665, 44.858544225027565], [6.467112528291403, 44.870060835923795], [6.46279852180826, 44.87182672067534], [6.457867591939171, 44.87222379947826], [6.448446806996977, 44.87009271497571], [6.432649271385289, 44.856514935199435], [6.419123258887272, 44.85223745585382], [6.39765936224055, 44.85993503258088], [6.382911307786715, 44.86141299741954], [6.365299521384906, 44.85508175478662], [6.355364141171076, 44.85482396604511], [6.350469728291001, 44.87513059233008], [6.3519973030726, 44.882032363348166], [6.35855018246407, 44.887322338115865], [6.354660106644944, 44.89710038955424], [6.357945457650989, 44.90729236131251], [6.354169484876567, 44.92430332964783], [6.358159616175429, 44.9415753908306], [6.385317993822294, 44.95488190767304], [6.408209771008133, 44.95167691019662], [6.427266181746846, 44.95157749717912], [6.436915531365907, 44.935913799750075], [6.447807240606316, 44.928988435421616], [6.467747911698726, 44.93838035598906], [6.500822040667818, 44.93381924506963], [6.508959956765415, 44.93754601327386], [6.515890952683642, 44.91736422600652], [6.528913039065158, 44.90701041054532], [6.519122767440226, 44.896506197110384], [6.525119630922929, 44.88862833337998], [6.528782038153742, 44.86562944560202], [6.535727178344028, 44.85718904072087], [6.533611395209185, 44.85417421708354]]]}",4870,101,02,1,05,93
54465,54290,ROVILLE-DEVANT-BAYON,MEURTHE-ET-MOSELLE,LORRAINE,"Commune simple",260.0,446.0,0.8,"48.4673083609, 6.29365271914","{""type"": ""Polygon"", ""coordinates"": [[[6.305646662996995, 48.45551871108153], [6.285622956353483, 48.45957748567901], [6.275552613653175, 48.45764994986125], [6.278844266388761, 48.47047066717565], [6.282885607899905, 48.472519878914675], [6.29177492574855, 48.47974690041598], [6.301792859921692, 48.48033303482278], [6.308913592452554, 48.46589940655119], [6.305646662996995, 48.45551871108153]]]}",35321,465,14,3,54,41
47277,47180,SAINT-SAUVEUR-DE-MEILHAN,LOT-ET-GARONNE,AQUITAINE,"Commune simple",71.0,708.0,0.3,"44.4853614152, -0.00584375673838","{""type"": ""Polygon"", ""coordinates"": [[[-0.002774959071411, 44.46074406070564], [-0.011696433877731, 44.45986099929768], [-0.016043499759808, 44.489704812960056], [-0.015564992756321, 44.504789481749235], [3.421352137e-05, 44.51920542869585], [0.003421015700705, 44.51327966544949], [-0.004718518684433, 44.50487832603351], [-0.003917929182221, 44.49100877036956], [0.001024766647979, 44.48135097003829], [0.012593489400027, 44.475070838200125], [0.004384317473096, 44.46687550396512], [-0.004077979117169, 44.46396062733837], [-0.002774959071411, 44.46074406070564]]]}",1538,277,21,2,47,72
07287,07580,SAINT-PONS,ARDECHE,RHONE-ALPES,"Commune simple",427.0,1664.0,0.3,"44.5987337858, 4.57192531163","{""type"": ""Polygon"", ""coordinates"": [[[4.560080667083635, 44.56769963526287], [4.551576668597483, 44.57587815770699], [4.559320115259544, 44.591688587558494], [4.555839450227344, 44.60849461191554], [4.549765667092169, 44.61314512666868], [4.551077452514815, 44.61867338830689], [4.560365175762787, 44.62491776571803], [4.576815168557658, 44.62837617597797], [4.581019498036682, 44.622274166394945], [4.5895438818831, 44.62366467014109], [4.592767212341552, 44.621277122712485], [4.58919725669827, 44.60107762562992], [4.594046992734364, 44.596082392333436], [4.587961504390492, 44.59075841457951], [4.58314010040507, 44.57072107287772], [4.560080667083635, 44.56769963526287]]]}",1716,287,29,1,07,82
68262,68470,RANSPACH,HAUT-RHIN,ALSACE,"Commune simple",789.0,1125.0,0.9,"47.9046781432, 7.02202271046","{""type"": ""Polygon"", ""coordinates"": [[[7.013582107593012, 47.87661652371069], [7.004226314688454, 47.87901797900871], [7.005629292909255, 47.89423525257143], [7.003768562711752, 47.90118337221554], [7.009232856837952, 47.92206498658558], [7.017517087178377, 47.92612511461433], [7.037559908811132, 47.922589836713065], [7.05054825128597, 47.910445491942916], [7.032879905383728, 47.897365739722105], [7.013582107593012, 47.87661652371069]]]}",28015,262,22,6,68,42
51307,51600,JONCHERY-SUR-SUIPPE,MARNE,CHAMPAGNE-ARDENNE,"Commune simple",136.0,2477.0,0.2,"49.1397315843, 4.47372094597","{""type"": ""Polygon"", ""coordinates"": [[[4.455477516173818, 49.10091886804173], [4.446214015014895, 49.11152501280122], [4.429240652111761, 49.12190740231404], [4.444730229922828, 49.13593935923343], [4.444990291263415, 49.14280636163382], [4.458113182480257, 49.15762016049815], [4.489719126915032, 49.1686982286513], [4.510774627630635, 49.16982067687109], [4.519981100985662, 49.16950698288258], [4.524836404805288, 49.15742293391422], [4.502596220005276, 49.14838656011796], [4.490646330848903, 49.137555465549845], [4.475681226078041, 49.112569909193084], [4.460793521268909, 49.102940703348], [4.455477516173818, 49.10091886804173]]]}",16512,307,27,1,51,21
45122,45570,DAMPIERRE-EN-BURLY,LOIRET,CENTRE,"Commune simple",143.0,4831.0,1.2,"47.76127445, 2.54303804345","{""type"": ""Polygon"", ""coordinates"": [[[2.538401812180685, 47.72073564293878], [2.512337537979985, 47.7222950615741], [2.490605541493202, 47.73795374694117], [2.484212832360152, 47.747754480904526], [2.49988765727915, 47.75690410163028], [2.512561222598003, 47.77220445482416], [2.516706730450214, 47.79647780562684], [2.526760140678721, 47.804520143412184], [2.544020517796255, 47.79673127358339], [2.574626226717655, 47.792922214549755], [2.579634165561986, 47.78794508536282], [2.597225206834711, 47.78765586237129], [2.601604845769945, 47.76993102927391], [2.598491789960283, 47.76316104398641], [2.562028025808265, 47.738116762643855], [2.55536872331641, 47.72867696184389], [2.538401812180685, 47.72073564293878]]]}",20499,122,27,2,45,24
62776,62121,SAPIGNIES,PAS-DE-CALAIS,NORD-PAS-DE-CALAIS,"Commune simple",110.0,342.0,0.2,"50.1316392726, 2.83675199369","{""type"": ""Polygon"", ""coordinates"": [[[2.844630960442068, 50.12182377948538], [2.839899129110534, 50.120740019619454], [2.822323406564308, 50.12587075429365], [2.81688373797441, 50.13128705270976], [2.839238789058955, 50.13959838446219], [2.844937387737208, 50.14497601210169], [2.848934606306465, 50.144819344015765], [2.850472679447536, 50.13978319905163], [2.844630960442068, 50.12182377948538]]]}",16815,776,09,1,62,31
57341,57480,HUNTING,MOSELLE,LORRAINE,"Commune simple",213.0,376.0,0.6,"49.4144357167, 6.32945827777","{""type"": ""Polygon"", ""coordinates"": [[[6.324450620530859, 49.40309518451511], [6.311903783869036, 49.4133532923208], [6.317015202172219, 49.41906972856875], [6.330518412984032, 49.42423135337288], [6.339501523720339, 49.42260729727516], [6.346589893687562, 49.41475557663489], [6.342131921438254, 49.408743341417285], [6.331933315899795, 49.40773827139706], [6.324450620530859, 49.40309518451511]]]}",20319,341,31,7,57,41
57219,57365,FLEVY,MOSELLE,LORRAINE,"Commune simple",213.0,1152.0,0.6,"49.2400453527, 6.26395844495","{""type"": ""Polygon"", ""coordinates"": [[[6.279413192801185, 49.22013881367782], [6.262870517357356, 49.22943271716013], [6.242771855341173, 49.22704204279339], [6.228059959000204, 49.23652452470211], [6.236173095896477, 49.24101261829691], [6.242570539236587, 49.25054890477939], [6.263226779408676, 49.25378846616437], [6.279787951793161, 49.262633470700685], [6.284421294762855, 49.257882646695364], [6.280472346600737, 49.25176386964885], [6.287730327595012, 49.24291943368238], [6.29014147477572, 49.22963596471334], [6.279413192801185, 49.22013881367782]]]}",23549,219,35,4,57,41
2B213,20272,PIANELLO,HAUTE-CORSE,CORSE,"Commune simple",962.0,1700.0,0.1,"42.2974342822, 9.3564849258","{""type"": ""Polygon"", ""coordinates"": [[[9.358277108095084, 42.27233215161244], [9.35389755321596, 42.27124209307467], [9.335034680255074, 42.279898646047506], [9.334276568755236, 42.2835503952683], [9.34447004091542, 42.32828560009555], [9.347158528783886, 42.32943236687372], [9.35328388184793, 42.32765041421756], [9.368112855208711, 42.31586066731833], [9.379709185113414, 42.30633686939387], [9.379127391995391, 42.29955510579072], [9.372069762351298, 42.27780714787226], [9.378005290577688, 42.273113537376766], [9.358277108095084, 42.27233215161244]]]}",11871,213,24,3,2B,94
70312,70400,LUZE,HAUTE-SAONE,FRANCHE-COMTE,"Commune simple",397.0,1058.0,0.7,"47.606620843, 6.7184633564","{""type"": ""Polygon"", ""coordinates"": [[[6.740507488134892, 47.58512151118646], [6.723902750479874, 47.59740351302414], [6.719499305364429, 47.59902183108755], [6.715568829255719, 47.596912322853875], [6.710129562005404, 47.60145583127824], [6.702001509521409, 47.602786352856114], [6.697893637994488, 47.6011865135696], [6.689587690472978, 47.60881145408967], [6.680445095764449, 47.61052391925316], [6.680399955113278, 47.61373321825387], [6.681104421086514, 47.618342585231666], [6.69619472968373, 47.61936142896928], [6.699763787190106, 47.62566412560227], [6.713658711634878, 47.62383515063068], [6.726653038724206, 47.61389622270214], [6.725336345410596, 47.607062771072584], [6.729430928558743, 47.60502159171975], [6.749290912820626, 47.607394822225494], [6.755350564295478, 47.597125266608664], [6.748811507020616, 47.58843239137474], [6.740507488134892, 47.58512151118646]]]}",23136,312,30,1,70,43
89197,89420,GUILLON,YONNE,BOURGOGNE,"Chef-lieu canton",241.0,1218.0,0.5,"47.5289305152, 4.09122331538","{""type"": ""Polygon"", ""coordinates"": [[[4.112403898450226, 47.503497033093595], [4.104543179585116, 47.49919661140905], [4.079300293470279, 47.51025408721874], [4.087305215031433, 47.513825646297676], [4.092828149553871, 47.522695348094885], [4.076131762943918, 47.5271177883875], [4.060613423866715, 47.5421497455932], [4.076403940282701, 47.54922484538], [4.080937501936547, 47.55840117272231], [4.090089458553444, 47.56177284465947], [4.091084383206441, 47.55969303904213], [4.08485312119643, 47.55082097022687], [4.103120647430864, 47.545536329279294], [4.1050955931774, 47.52208455984774], [4.114631259842838, 47.514755823354676], [4.117216120307037, 47.508726440836476], [4.112403898450226, 47.503497033093595]]]}",17750,197,17,2,89,26
22221,22220,PLOUGUIEL,COTES-D'ARMOR,BRETAGNE,"Commune simple",50.0,1981.0,1.8,"48.8047926753, -3.2454956347","{""type"": ""Polygon"", ""coordinates"": [[[-3.282404900676134, 48.77483121187786], [-3.288340449274797, 48.77899340457189], [-3.288174020754516, 48.79502589245462], [-3.287295916628153, 48.79815780515944], [-3.264433312171726, 48.80904138586957], [-3.234107616846126, 48.82795139130985], [-3.223861468554463, 48.82808019032321], [-3.218747242733407, 48.83387688450507], [-3.214738192459754, 48.83600722560478], [-3.206086116504322, 48.83771131685842], [-3.202743263662356, 48.82641006344731], [-3.209734280633701, 48.81091762967325], [-3.236463340606902, 48.78981080493947], [-3.244070022344393, 48.785154405514916], [-3.24780234901797, 48.78735875922212], [-3.282404900676134, 48.77483121187786]]]}",7924,221,47,3,22,53
84037,84230,CHATEAUNEUF-DU-PAPE,VAUCLUSE,"PROVENCE-ALPES-COTE D'AZUR","Commune simple",71.0,2477.0,2.1,"44.0595884031, 4.82728435607","{""type"": ""Polygon"", ""coordinates"": [[[4.862340190520515, 44.036014269230165], [4.839086887209229, 44.033166602812535], [4.818256707211336, 44.0416529363366], [4.809657991315145, 44.049906707301105], [4.795864776338329, 44.047910255144224], [4.787321527611841, 44.05527907692744], [4.787978307541306, 44.06506309540105], [4.804023362830005, 44.0851998810101], [4.82278304060989, 44.08597861786004], [4.839545731044756, 44.079828565838426], [4.865372202581566, 44.056956825374435], [4.862340190520515, 44.036014269230165]]]}",28873,037,17,2,84,93
70383,70190,NEUVELLE-LES-CROMARY,HAUTE-SAONE,FRANCHE-COMTE,"Commune simple",267.0,626.0,0.3,"47.4079331287, 6.06801697703","{""type"": ""Polygon"", ""coordinates"": [[[6.082054705183336, 47.3873795027316], [6.066415971144012, 47.39644168711347], [6.054246134119168, 47.41174363417976], [6.030373253123661, 47.4251514633566], [6.034862039138661, 47.42635866961819], [6.051067010697637, 47.41953852792784], [6.079305843651485, 47.41619061532363], [6.08942591770958, 47.405715123549086], [6.087830910284294, 47.40267646292109], [6.081867991967632, 47.39474473214041], [6.082754005528894, 47.38892850702108], [6.082054705183336, 47.3873795027316]]]}",23240,383,21,2,70,43
80784,80800,VAUX-SUR-SOMME,SOMME,PICARDIE,"Commune simple",72.0,519.0,0.3,"49.9273645021, 2.55257487917","{""type"": ""Polygon"", ""coordinates"": [[[2.562318574868294, 49.91901174756753], [2.551942859927389, 49.91705178116382], [2.532675926959151, 49.9229354882345], [2.528427099238471, 49.927994616804305], [2.538226197958942, 49.9353800954797], [2.553798854358452, 49.933892817143985], [2.578710433598212, 49.937232964486924], [2.572418536815681, 49.93237831351811], [2.570383164875459, 49.92289409296376], [2.562318574868294, 49.91901174756753]]]}",23103,784,18,2,80,22
60507,60400,PONTOISE-LES-NOYON,OISE,PICARDIE,"Commune simple",48.0,663.0,0.5,"49.5434848302, 3.04751072551","{""type"": ""Polygon"", ""coordinates"": [[[3.050107453101002, 49.53056011046529], [3.043801612100155, 49.53547848259546], [3.028764480880461, 49.536705217704544], [3.017111698728581, 49.54316009176239], [3.02714180201692, 49.54958392676941], [3.03750145733286, 49.54984178813815], [3.044232956683315, 49.555321518709725], [3.048919064138529, 49.55858194233876], [3.061649797823772, 49.55296834984896], [3.073425239139224, 49.53805243970637], [3.074292380229174, 49.53607476313179], [3.065512248247318, 49.537949125861594], [3.059662246544275, 49.53055578774184], [3.050107453101002, 49.53056011046529]]]}",34757,507,29,3,60,22
47319,47380,VILLEBRAMAR,LOT-ET-GARONNE,AQUITAINE,"Commune simple",96.0,1007.0,0.1,"44.5252006493, 0.476034019359","{""type"": ""Polygon"", ""coordinates"": [[[0.473569799125746, 44.49993723161826], [0.464811319832636, 44.515912519218716], [0.45412408301891, 44.522889952225206], [0.460987670530048, 44.53180283261106], [0.460848182609991, 44.54218464064547], [0.469655562399715, 44.55024097159384], [0.501442863125005, 44.52217027371992], [0.473569799125746, 44.49993723161826]]]}",24536,319,23,3,47,72
70471,70700,SAINTE-REINE,HAUTE-SAONE,FRANCHE-COMTE,"Commune simple",235.0,575.0,0.0,"47.5000576886, 5.77812589576","{""type"": ""Polygon"", ""coordinates"": [[[5.786541793071319, 47.485212054714154], [5.775519682601158, 47.492257732622726], [5.760941503681172, 47.493036606730904], [5.756653864642074, 47.50525271178141], [5.783017335096963, 47.51427248131201], [5.790222044201149, 47.510173029424394], [5.796349856312347, 47.48905722837907], [5.786541793071319, 47.485212054714154]]]}",24656,471,08,2,70,43
27257,27510,FORET-LA-FOLIE,EURE,HAUTE-NORMANDIE,"Commune simple",113.0,1095.0,0.5,"49.220590531, 1.51722809302","{""type"": ""Polygon"", ""coordinates"": [[[1.515232121939335, 49.19736294504508], [1.506895831861027, 49.20095558036194], [1.496433709965019, 49.2129644419509], [1.49472618369822, 49.23013525112418], [1.508583486084716, 49.23380519692533], [1.510249998878652, 49.23982314636415], [1.543514793270585, 49.23524827237045], [1.54966981253237, 49.23659026141509], [1.539785599029146, 49.22921482537057], [1.532327014747802, 49.217246348255735], [1.53424290049597, 49.2106697689131], [1.517486084092747, 49.19819097778796], [1.515232121939335, 49.19736294504508]]]}",24771,257,14,1,27,23
86136,86400,LIZANT,VIENNE,POITOU-CHARENTES,"Commune simple",134.0,1684.0,0.5,"46.0800915192, 0.283290344941","{""type"": ""Polygon"", ""coordinates"": [[[0.291330646538567, 46.05954824189689], [0.276918797730124, 46.06124835516209], [0.274376051905054, 46.06736830628356], [0.26152253648912, 46.07203232418562], [0.256862180736516, 46.077992660027526], [0.239679862452821, 46.083171243870844], [0.250654684944275, 46.093628503799394], [0.262462083734107, 46.09812184217216], [0.291492700948785, 46.09380889909424], [0.304135450258182, 46.09929085463886], [0.307460168447646, 46.096729832036246], [0.306488217862053, 46.08987707862718], [0.313687013497741, 46.085137260941345], [0.314395413969414, 46.06508851357635], [0.30619975213364, 46.06117291904685], [0.291330646538567, 46.05954824189689]]]}",24916,136,05,2,86,54
66102,66360,MANTET,PYRENEES-ORIENTALES,LANGUEDOC-ROUSSILLON,"Commune simple",2116.0,3224.0,0.0,"42.4532803899, 2.29477774171","{""type"": ""Polygon"", ""coordinates"": [[[2.318743372678856, 42.42501177043859], [2.310598118647103, 42.42844709961658], [2.293943973627478, 42.42298066843226], [2.257070433144841, 42.43848775912987], [2.250989713813338, 42.44801864808191], [2.257837642364639, 42.45262406307321], [2.258450140923619, 42.46271428602754], [2.269164049454242, 42.46905381445496], [2.275661425382366, 42.481683318840325], [2.298059888484229, 42.48239040225408], [2.30954160461653, 42.48814667977242], [2.327420369712804, 42.468106684884795], [2.325048763678319, 42.4474165352122], [2.333441305531812, 42.42776542418648], [2.318743372678856, 42.42501177043859]]]}",3561,102,07,3,66,91
88349,88230,PLAINFAING,VOSGES,LORRAINE,"Commune simple",852.0,3858.0,1.8,"48.1425830967, 7.03749465114","{""type"": ""Polygon"", ""coordinates"": [[[7.070401852087159, 48.106442159773145], [7.062159448117178, 48.11070027450157], [7.051869765673419, 48.10968506869326], [7.03795770940826, 48.114253404135255], [7.015379237029706, 48.106096075979515], [7.005381194406887, 48.10801322411877], [7.002592588903693, 48.11098221107343], [7.01056833903286, 48.12743357306991], [6.998673072179261, 48.13776668445957], [7.002609928649878, 48.172302641686706], [7.014225954398675, 48.17874624357632], [7.024251681328356, 48.17984620346913], [7.067399572778636, 48.17020324832693], [7.077557523372636, 48.17092469570361], [7.078437500668438, 48.164010527800635], [7.059046502262297, 48.13918093916415], [7.068587493209654, 48.13075175268099], [7.084163065741952, 48.12922184900298], [7.076707714940896, 48.108485720036704], [7.070401852087159, 48.106442159773145]]]}",5712,349,13,3,88,41
02133,02350,BUCY-LES-PIERREPONT,AISNE,PICARDIE,"Commune simple",105.0,1469.0,0.4,"49.6467998089, 3.90358311553","{""type"": ""Polygon"", ""coordinates"": [[[3.896168294060109, 49.6255983509902], [3.871965603390218, 49.641456002743105], [3.862956276580934, 49.6438837270369], [3.871448962276814, 49.65421148211858], [3.876919728897057, 49.65602335422928], [3.90315628009664, 49.66027063205286], [3.913316629599983, 49.671885963617406], [3.923961872843725, 49.673270346275785], [3.92236010733178, 49.65659486635054], [3.930436971488732, 49.652390588431366], [3.935098777049761, 49.639342300770856], [3.945319880362986, 49.63831966221442], [3.945368689950741, 49.63571315104985], [3.929353947196411, 49.63616913496865], [3.896168294060109, 49.6255983509902]]]}",16761,133,30,2,02,22
02147,02540,"LA CELLE-SOUS-MONTMIRAIL",AISNE,PICARDIE,"Commune simple",149.0,576.0,0.1,"48.8550537617, 3.46590587982","{""type"": ""Polygon"", ""coordinates"": [[[3.461955476972202, 48.83847428845602], [3.445360809339022, 48.84323181982875], [3.452232494244525, 48.85630044836749], [3.456904497829788, 48.857541770550554], [3.45634980089803, 48.86423492058721], [3.461930559378051, 48.869483572777646], [3.481301683394164, 48.866466443116366], [3.486791454596546, 48.85730701040305], [3.485187443658684, 48.851908494372864], [3.470198126053119, 48.850547378022554], [3.461955476972202, 48.83847428845602]]]}",30409,147,10,1,02,22
62369,62580,GAVRELLE,PAS-DE-CALAIS,NORD-PAS-DE-CALAIS,"Commune simple",65.0,900.0,0.6,"50.3261836927, 2.88569261923","{""type"": ""Polygon"", ""coordinates"": [[[2.890802590359241, 50.31361337214497], [2.876446311644321, 50.31300725098193], [2.864584172812455, 50.31835486722464], [2.849902456619338, 50.31838276383885], [2.848901946483623, 50.32002457192725], [2.870002531216755, 50.33251935697079], [2.872302107582528, 50.338375479940346], [2.896062354476775, 50.34002281119108], [2.903069713792163, 50.33632057594907], [2.907921601600547, 50.337222100323224], [2.914305968505641, 50.32793433654223], [2.912929165701475, 50.32114583169076], [2.903287412517975, 50.317852593075564], [2.896097040581395, 50.31632940815655], [2.890802590359241, 50.31361337214497]]]}",33410,369,45,1,62,31
29122,29520,LAZ,FINISTERE,BRETAGNE,"Commune simple",166.0,3386.0,0.7,"48.135398381, -3.83990955332","{""type"": ""Polygon"", ""coordinates"": [[[-3.835560528372849, 48.102813005112495], [-3.842500315177338, 48.122632812979006], [-3.852644039702875, 48.12335205562156], [-3.859975854839769, 48.12775709429484], [-3.875194215177756, 48.126408076720814], [-3.897731871024543, 48.11872063984599], [-3.905856605514038, 48.1208092626937], [-3.908956227064049, 48.126345098011114], [-3.895029163115598, 48.13003459910229], [-3.884397301530171, 48.15525289709376], [-3.867056160874633, 48.166273586148066], [-3.838218327100394, 48.15858579843627], [-3.822519836145053, 48.15838570511175], [-3.825369008474747, 48.15182595546935], [-3.819449156668982, 48.146235118039606], [-3.804637078602088, 48.14492478151258], [-3.799813700835649, 48.1356750551488], [-3.774540540690015, 48.13608507395335], [-3.763799066372456, 48.12460983866693], [-3.78890251172884, 48.12177302843691], [-3.808516784101515, 48.11091202222926], [-3.818772677845837, 48.110227555438], [-3.835560528372849, 48.102813005112495]]]}",8483,122,09,2,29,53
22370,22290,TREMEVEN,COTES-D'ARMOR,BRETAGNE,"Commune simple",58.0,522.0,0.4,"48.671108578, -3.0320602067","{""type"": ""Polygon"", ""coordinates"": [[[-3.037670618628076, 48.653725281112], [-3.03827033433889, 48.656085442752314], [-3.037017750782555, 48.66244575037451], [-3.048350990292402, 48.675753621419844], [-3.043929654447304, 48.68015499540667], [-3.045262410875118, 48.68554500701424], [-3.038503622947383, 48.6860053713864], [-3.033846836668082, 48.68720676792239], [-3.026396796452016, 48.678734764087935], [-3.021421699527441, 48.678472405578454], [-3.016010381388764, 48.66615301272033], [-3.020240518772229, 48.66008446112888], [-3.037670618628076, 48.653725281112]]]}",739,370,20,4,22,53
55129,55260,COUROUVRE,MEUSE,LORRAINE,"Commune simple",304.0,859.0,0.0,"48.9406652212, 5.35286669289","{""type"": ""Polygon"", ""coordinates"": [[[5.375696865249851, 48.92759230062798], [5.367151923346768, 48.928841046578505], [5.355740806002191, 48.92379394083542], [5.351417727873474, 48.92480553219324], [5.348237041917833, 48.92723403384611], [5.333932794647693, 48.927333630968384], [5.332445811849088, 48.9367999343432], [5.341257449276922, 48.95083347395068], [5.341424401088676, 48.96030336739338], [5.35858431627104, 48.967236020491676], [5.352681273086319, 48.95545884138345], [5.360800056508278, 48.95134078516616], [5.37210098217409, 48.936165389622175], [5.382164749232802, 48.93466121699263], [5.375696865249851, 48.92759230062798]]]}",3761,129,15,2,55,41
40202,40180,NARROSSE,LANDES,AQUITAINE,"Commune simple",27.0,1053.0,2.9,"43.6936975467, -1.00852335605","{""type"": ""Polygon"", ""coordinates"": [[[-1.011204484380002, 43.6769322180119], [-1.031550755535844, 43.68222511881097], [-1.028094339601892, 43.69185867924898], [-1.032271422375449, 43.70127243461939], [-1.026849721006873, 43.70664506714142], [-1.001726306871778, 43.707212003746044], [-0.988528528544828, 43.70460646316753], [-0.976430246434754, 43.69439106198918], [-0.996739840128741, 43.68667290548814], [-1.002136618568466, 43.67773495773274], [-1.011204484380002, 43.6769322180119]]]}",33565,202,29,1,40,72
59450,59360,ORS,NORD,NORD-PAS-DE-CALAIS,"Commune simple",146.0,1788.0,0.7,"50.1050821078, 3.6311053836","{""type"": ""Polygon"", ""coordinates"": [[[3.624051911354474, 50.080873187506505], [3.611534089709334, 50.08683697513428], [3.601761644082752, 50.10206358644054], [3.604962134410987, 50.10465238824106], [3.603132847528133, 50.11758512183761], [3.595530924924779, 50.12204084651584], [3.606713221083646, 50.128497258464684], [3.612021044424787, 50.13073409843638], [3.643604794929489, 50.119319574603686], [3.657630255004554, 50.110812058145285], [3.667458155511679, 50.10944778301797], [3.67505687766809, 50.10116151107472], [3.669681931059551, 50.09910730239809], [3.646833741203618, 50.085515362822704], [3.637004849728385, 50.08647389444051], [3.624051911354474, 50.080873187506505]]]}",8596,450,17,2,59,31
83042,83310,COGOLIN,VAR,"PROVENCE-ALPES-COTE D'AZUR","Commune simple",58.0,2785.0,11.1,"43.2464550515, 6.52192234084","{""type"": ""Polygon"", ""coordinates"": [[[6.524403312266164, 43.20793006998678], [6.510233826038927, 43.22996561246704], [6.473488487959808, 43.257149050644145], [6.470626810571347, 43.26732566282496], [6.487796900148413, 43.272724245326565], [6.50200652805814, 43.271733134553585], [6.533384755211453, 43.256321947796906], [6.547175119763769, 43.25419491117875], [6.560550152580887, 43.257527504506655], [6.568189676169771, 43.26630688820186], [6.586693948164712, 43.269223670841825], [6.586011488354996, 43.2659776235689], [6.593457215355497, 43.26227227115562], [6.574598199011239, 43.262348997676234], [6.565096996963617, 43.25455003530466], [6.554597188678032, 43.23150286795143], [6.538841482915782, 43.22378183967739], [6.530379505432387, 43.20803178993064], [6.524403312266164, 43.20793006998678]]]}",4052,042,14,1,83,93
60383,60490,MARGNY-SUR-MATZ,OISE,PICARDIE,"Commune simple",83.0,734.0,0.5,"49.5293175273, 2.77915218245","{""type"": ""Polygon"", ""coordinates"": [[[2.776623786466178, 49.51422376182031], [2.756283235243187, 49.52765646386013], [2.761321130467822, 49.54286365804037], [2.767301499422419, 49.54890554116933], [2.779695823160041, 49.53818920187919], [2.794883346450122, 49.53549274539097], [2.80491776679004, 49.53671356238841], [2.798460845604748, 49.51763224629017], [2.776623786466178, 49.51422376182031]]]}",16144,383,31,3,60,22
51060,51340,BIGNICOURT-SUR-SAULX,MARNE,CHAMPAGNE-ARDENNE,"Commune simple",121.0,1105.0,0.2,"48.755771866, 4.78740225896","{""type"": ""Polygon"", ""coordinates"": [[[4.817314914858687, 48.73561483081902], [4.796039999764472, 48.734335494904634], [4.785068806653928, 48.74162527572095], [4.769969817559958, 48.745223751589705], [4.762762428619442, 48.761811561850955], [4.764737137132025, 48.77192108089295], [4.772261988154608, 48.773878777599585], [4.801540610563197, 48.78260787422902], [4.806782670891173, 48.78145816621866], [4.789664249444573, 48.77053361087149], [4.797213368142514, 48.75104221992026], [4.804813631735461, 48.74657330427875], [4.814881481322371, 48.7477791360119], [4.820189767097645, 48.742003544228794], [4.817314914858687, 48.73561483081902]]]}",19261,060,28,4,51,21
38395,38660,SAINT-HILAIRE,ISERE,RHONE-ALPES,"Commune simple",1158.0,866.0,1.5,"45.3128224472, 5.87842750871","{""type"": ""Polygon"", ""coordinates"": [[[5.888220592415495, 45.30537248052372], [5.874167725030558, 45.29359754422104], [5.870177094435248, 45.29493445667977], [5.855344891657319, 45.308171819059886], [5.874021068864688, 45.33084116706682], [5.8987681855301, 45.32059762520757], [5.903092878647209, 45.32221550400873], [5.905084671930981, 45.31608170821876], [5.888220592415495, 45.30537248052372]]]}",19381,395,34,1,38,82
33049,33750,BEYCHAC-ET-CAILLAU,GIRONDE,AQUITAINE,"Commune simple",47.0,1576.0,2.0,"44.8720986802, -0.371061505246","{""type"": ""Polygon"", ""coordinates"": [[[-0.360685377498512, 44.85207660231937], [-0.38972290611012, 44.86405280213113], [-0.413325063697412, 44.86314002368681], [-0.410553533465511, 44.87237221887837], [-0.40951947879278, 44.88121754840993], [-0.381792088234856, 44.883003021081656], [-0.373995473487778, 44.886989138026706], [-0.350315927131613, 44.88953567924382], [-0.331514245519818, 44.87007807898137], [-0.360685377498512, 44.85207660231937]]]}",19444,049,55,2,33,72
13104,13960,SAUSSET-LES-PINS,BOUCHES-DU-RHONE,"PROVENCE-ALPES-COTE D'AZUR","Commune simple",70.0,1229.0,7.5,"43.3456690305, 5.11765506999","{""type"": ""Polygon"", ""coordinates"": [[[5.135188054712175, 43.329221250600156], [5.096865059049284, 43.3292872075494], [5.088464740673092, 43.33253643103284], [5.102090321229063, 43.345807119320874], [5.10298936588767, 43.36233022350762], [5.131490870959751, 43.366245194474224], [5.14080819304472, 43.347774550557176], [5.135715885544985, 43.34213368006594], [5.135188054712175, 43.329221250600156]]]}",23227,104,48,4,13,93
27153,27150,CHAUVINCOURT-PROVEMONT,EURE,HAUTE-NORMANDIE,"Commune simple",89.0,1093.0,0.3,"49.2808952315, 1.64529134367","{""type"": ""Polygon"", ""coordinates"": [[[1.646411656604764, 49.26154157659892], [1.630826761810166, 49.27474428982651], [1.62857923516953, 49.28124615982575], [1.613642601462997, 49.279636956133665], [1.609568106547427, 49.28907545612207], [1.629896503497785, 49.29790306997683], [1.644345756848552, 49.29682547219236], [1.660096599013212, 49.284764950531226], [1.675245675887008, 49.28516593757495], [1.681996739329066, 49.27589843704766], [1.658247466803856, 49.26547697938834], [1.652723313296386, 49.26288895180918], [1.646411656604764, 49.26154157659892]]]}",23347,153,15,1,27,23
53272,53250,VILLEPAIL,MAYENNE,"PAYS DE LA LOIRE","Commune simple",259.0,1549.0,0.2,"48.4031461586, -0.264153409415","{""type"": ""Polygon"", ""coordinates"": [[[-0.302648664862579, 48.38462993539928], [-0.30663025551213, 48.394414905921266], [-0.296643416231923, 48.40182470161984], [-0.301045104315837, 48.407960271418354], [-0.278479522873368, 48.41456541603343], [-0.232988022454761, 48.41603085780401], [-0.221033950788651, 48.42225384938041], [-0.211255628091082, 48.42029512144837], [-0.219978669306492, 48.408569434620226], [-0.262343057595952, 48.38907825086799], [-0.302648664862579, 48.38462993539928]]]}",22928,272,27,3,53,52
65250,65220,LALANNE-TRIE,HAUTES-PYRENEES,MIDI-PYRENEES,"Commune simple",308.0,507.0,0.1,"43.3116930661, 0.336259044414","{""type"": ""Polygon"", ""coordinates"": [[[0.348596586380326, 43.302079291299606], [0.313764485255575, 43.30984201034913], [0.316128296788866, 43.32022483809993], [0.348696352208648, 43.31598797258697], [0.362059088751747, 43.31517178145768], [0.348596586380326, 43.302079291299606]]]}",22382,250,24,3,65,73
80526,80370,"LE MEILLARD",SOMME,PICARDIE,"Commune simple",102.0,702.0,0.2,"50.1708867861, 2.19859474382","{""type"": ""Polygon"", ""coordinates"": [[[2.206712994333254, 50.155939296852885], [2.193072925905787, 50.156640800615925], [2.191000906869123, 50.16297652485992], [2.177754675962514, 50.167711231635465], [2.178983370966385, 50.18422561971565], [2.188775111878328, 50.186760209062534], [2.190440723617219, 50.18405910915037], [2.199074439333472, 50.182903290559445], [2.213870560680945, 50.182055829384595], [2.211916359712435, 50.175514542543446], [2.220542787803176, 50.1665171691539], [2.223911397030715, 50.16291930441582], [2.206712994333254, 50.155939296852885]]]}",16518,526,12,2,80,22
32334,32600,PUJAUDRAN,GERS,MIDI-PYRENEES,"Commune simple",244.0,1758.0,1.3,"43.5897953804, 1.17106411645","{""type"": ""Polygon"", ""coordinates"": [[[1.199342708925358, 43.56918429556796], [1.18677054613063, 43.57260200417588], [1.173621119326773, 43.5707706532098], [1.16120876115634, 43.574548122401474], [1.148832827945729, 43.580214827822665], [1.134186687379245, 43.58099018469601], [1.141829766111941, 43.602649419292355], [1.158654087249557, 43.605176907295075], [1.171418228895334, 43.60689550401044], [1.180900159332147, 43.61410174667741], [1.188439251216213, 43.60562363261575], [1.200300644882249, 43.59587578326014], [1.199342708925358, 43.56918429556796]]]}",10766,334,10,1,32,73
76649,76270,SAINT-SAIRE,SEINE-MARITIME,HAUTE-NORMANDIE,"Commune simple",134.0,1331.0,0.6,"49.6816711457, 1.48096971774","{""type"": ""Polygon"", ""coordinates"": [[[1.494607539705191, 49.66230627910153], [1.476060032126508, 49.65979249608677], [1.473119195669507, 49.66230804728005], [1.473394404698407, 49.66561887114478], [1.463825664679604, 49.66749360909133], [1.460435762435714, 49.6770852009631], [1.44831673469247, 49.68213489659382], [1.4549670366825, 49.687126554309], [1.470899245785646, 49.706083824312955], [1.482567827840701, 49.70091851975527], [1.50694966840928, 49.68967170185766], [1.505463067979317, 49.6694053283943], [1.494607539705191, 49.66230627910153]]]}",5554,649,38,1,76,23
2B180,20226,NOVELLA,HAUTE-CORSE,CORSE,"Commune simple",306.0,3018.0,0.1,"42.5972996408, 9.1035165681","{""type"": ""Polygon"", ""coordinates"": [[[9.126589492611355, 42.56124697313317], [9.109523368848462, 42.562623167136664], [9.102151820291908, 42.56619222251886], [9.094237152099087, 42.56422847299747], [9.093447916180047, 42.570909875975175], [9.074555878669676, 42.57902084391705], [9.070401299907854, 42.585163321235086], [9.078050510196885, 42.615547230685415], [9.087348302343793, 42.62320469356528], [9.08934812786409, 42.63695004563759], [9.096345491749513, 42.64591964811347], [9.101294014876004, 42.63615060832235], [9.13483528877835, 42.60758108435185], [9.135062047713836, 42.60081401920656], [9.125892200588082, 42.58547073592017], [9.133818182648529, 42.56989339428841], [9.126589492611355, 42.56124697313317]]]}",5494,180,05,5,2B,94
16188,16310,"LE LINDOIS",CHARENTE,POITOU-CHARENTES,"Commune simple",282.0,1802.0,0.3,"45.7508746711, 0.590773518888","{""type"": ""Polygon"", ""coordinates"": [[[0.59372652371469, 45.728329235267445], [0.579987096705333, 45.73099906831265], [0.569440425942785, 45.73768214846693], [0.555465264930919, 45.739199820271544], [0.549128255156679, 45.74457586764904], [0.551535170081681, 45.751240924803916], [0.569018907585747, 45.75604271168094], [0.578622020753387, 45.76333949925564], [0.584232862446218, 45.768667083346976], [0.582375441551111, 45.77787063707586], [0.59240623277431, 45.77991399930363], [0.593351944772638, 45.773871068762475], [0.606885382065053, 45.775591423590086], [0.600647778188386, 45.766548976675644], [0.606900460369427, 45.76127640081614], [0.62970508265317, 45.76104628489915], [0.636951392321456, 45.75713532612087], [0.633680629877265, 45.75116589462982], [0.610061552170624, 45.75187496363357], [0.614485247087911, 45.735851557060386], [0.59372652371469, 45.728329235267445]]]}",1172,188,20,3,16,54
62221,62127,CHELERS,PAS-DE-CALAIS,NORD-PAS-DE-CALAIS,"Commune simple",147.0,832.0,0.3,"50.3815791457, 2.48784596215","{""type"": ""Polygon"", ""coordinates"": [[[2.47242536323832, 50.36676167897408], [2.46743756337669, 50.36589633899279], [2.459379038743873, 50.37000012067423], [2.465375586136009, 50.37903097538838], [2.462416248009819, 50.38533843863087], [2.479953099647034, 50.39224549794213], [2.505412840257841, 50.3937685199784], [2.524400733088285, 50.38623908632319], [2.512374093523413, 50.379692354630016], [2.47242536323832, 50.36676167897408]]]}",6758,221,05,1,62,31
50112,50370,"LA CHAISE-BAUDOUIN",MANCHE,BASSE-NORMANDIE,"Commune simple",162.0,1217.0,0.4,"48.7649742891, -1.23764812549","{""type"": ""Polygon"", ""coordinates"": [[[-1.241962104050607, 48.747217870423405], [-1.260996324587071, 48.742801479541185], [-1.262577673674036, 48.745987576573576], [-1.249487916873258, 48.755002344835724], [-1.248011642768058, 48.76514276761253], [-1.251840267709659, 48.76748333159599], [-1.26200426579741, 48.7669766471926], [-1.271942733181555, 48.759892951487274], [-1.28030738273162, 48.76337619491344], [-1.27309319002214, 48.77193930687381], [-1.263484322004359, 48.77058063411766], [-1.254225362111896, 48.777846388062464], [-1.23441918799292, 48.77929823051764], [-1.222719047928037, 48.78459433371454], [-1.208711703974268, 48.784134289044296], [-1.211360024036293, 48.774232666777934], [-1.220538260493034, 48.76624370631182], [-1.208671863842513, 48.75662927168448], [-1.216710250543367, 48.75394962515309], [-1.222864444258111, 48.748868213370216], [-1.241962104050607, 48.747217870423405]]]}",10610,112,05,1,50,25
42231,42640,SAINT-GERMAIN-LESPINASSE,LOIRE,RHONE-ALPES,"Commune simple",320.0,1477.0,1.2,"46.1088139575, 3.96414737669","{""type"": ""Polygon"", ""coordinates"": [[[3.942175307155172, 46.08678763522999], [3.943525340846349, 46.09003642349772], [3.933970433398606, 46.0974819820529], [3.936203787003952, 46.11459208521926], [3.949862002914027, 46.115919523419436], [3.969615911710424, 46.12873855896045], [3.976874219175017, 46.13338626565574], [3.986609336335437, 46.13449985536072], [3.994150012509344, 46.10740830697624], [3.984988669225654, 46.10554296126495], [3.967131126918353, 46.089153280152416], [3.952852503157347, 46.08677052623665], [3.942175307155172, 46.08678763522999]]]}",24964,231,27,2,42,82
15205,15140,SAINT-PAUL-DE-SALERS,CANTAL,AUVERGNE,"Commune simple",1108.0,3647.0,0.1,"45.1371845632, 2.5580296522","{""type"": ""Polygon"", ""coordinates"": [[[2.559958804248691, 45.115993430013155], [2.525744966532724, 45.118095222016606], [2.511802747132061, 45.12144765367488], [2.50585490058065, 45.12671593777902], [2.481961271215494, 45.130155197391176], [2.473801660158555, 45.13213395778007], [2.472706195601947, 45.137684414518624], [2.481658447325039, 45.135376255842246], [2.495441886261463, 45.13470109889709], [2.504303763354639, 45.14242144989867], [2.531061261858664, 45.15595345254039], [2.565463850264055, 45.16035171713603], [2.585437266009872, 45.15972536364994], [2.624425086241181, 45.13810924291005], [2.629895201950533, 45.12471133658028], [2.605614994306319, 45.12468215265911], [2.591728186569012, 45.127855676449556], [2.578472640376505, 45.11795581682283], [2.559958804248691, 45.115993430013155]]]}",11630,205,22,2,15,83
80069,80300,BEAUMONT-HAMEL,SOMME,PICARDIE,"Commune simple",117.0,838.0,0.2,"50.0765625531, 2.65959457808","{""type"": ""Polygon"", ""coordinates"": [[[2.664954310944682, 50.052283222497515], [2.65511440363808, 50.05311817404919], [2.644615314808519, 50.070377500777475], [2.649685006142318, 50.07987633214979], [2.642910540545945, 50.08858652679641], [2.647546486370064, 50.09441070489841], [2.656525493212301, 50.100282813282305], [2.672080710520485, 50.09363448122883], [2.66850201162034, 50.087948808983796], [2.677236043994434, 50.07325186888853], [2.667716682544487, 50.05862270753756], [2.664954310944682, 50.052283222497515]]]}",21051,069,06,4,80,22
74291,74270,VANZY,HAUTE-SAVOIE,RHONE-ALPES,"Commune simple",402.0,561.0,0.3,"46.0345033012, 5.87850321489","{""type"": ""Polygon"", ""coordinates"": [[[5.870798146927867, 46.018479100813856], [5.853797993140101, 46.03557859040809], [5.873324697330816, 46.03465265896161], [5.882365244467361, 46.037063273494745], [5.876421001470517, 46.05747979143845], [5.894337483077599, 46.04746316845083], [5.889304834959328, 46.026812321932915], [5.87950536565272, 46.02025854539083], [5.870798146927867, 46.018479100813856]]]}",20167,291,15,3,74,82
65194,65150,GENEREST,HAUTES-PYRENEES,MIDI-PYRENEES,"Commune simple",683.0,1202.0,0.1,"43.025453129, 0.516625299091","{""type"": ""Polygon"", ""coordinates"": [[[0.514475837908338, 43.003319552338354], [0.493673934419675, 43.01090803847033], [0.493640384070764, 43.024719376838426], [0.502756979649368, 43.02490437638607], [0.509993724632168, 43.040288027181006], [0.510965469788205, 43.04992965866235], [0.51975822098371, 43.05003365343127], [0.52551673493721, 43.04563108294522], [0.529365576400219, 43.0468622785997], [0.535120186810642, 43.03705125645353], [0.53475470068223, 43.01711220873412], [0.526949743811694, 43.008924872428196], [0.518824401937482, 43.00826985139422], [0.514475837908338, 43.003319552338354]]]}",23145,194,19,2,65,73
10003,10160,AIX-EN-OTHE,AUBE,CHAMPAGNE-ARDENNE,"Chef-lieu canton",197.0,3478.0,2.4,"48.1975745771, 3.73632794113","{""type"": ""Polygon"", ""coordinates"": [[[3.74547999893513, 48.16753353192346], [3.716541654838958, 48.174182648296146], [3.714400275814328, 48.1710281709154], [3.720890005005125, 48.16158528498579], [3.720515167449894, 48.15481166700658], [3.705728109562007, 48.14520055410199], [3.700583997926965, 48.14562715044608], [3.694415099256016, 48.15504912770505], [3.695400230630665, 48.15837278333745], [3.689173976685054, 48.16358344443032], [3.699159890728137, 48.1751867143239], [3.704330904840278, 48.17555190695629], [3.713444527712757, 48.18392869064623], [3.708083938747345, 48.200598863032276], [3.715335822051686, 48.22421145161729], [3.723536789252508, 48.23306065574836], [3.733043825908505, 48.235854465190656], [3.74846877504601, 48.23890712181632], [3.767643121767584, 48.228265337092054], [3.7726679949857, 48.228376560502504], [3.782252961210512, 48.22086299072811], [3.79207956607768, 48.21976272854969], [3.75933021662722, 48.19900275849259], [3.768409810766681, 48.18011936905174], [3.74547999893513, 48.16753353192346]]]}",12480,003,01,3,10,21
91390,91660,MEREVILLE,ESSONNE,ILE-DE-FRANCE,"Chef-lieu canton",129.0,2729.0,3.2,"48.3183780776, 2.07369929257","{""type"": ""Polygon"", ""coordinates"": [[[2.113716853702258, 48.30724786045628], [2.103783617854091, 48.306831145359816], [2.087542402758889, 48.294505933055625], [2.052708364877964, 48.29547390947903], [2.037179941801892, 48.297364122952786], [2.030569569588521, 48.31069907215188], [2.034811329129583, 48.3243384627428], [2.043787116219623, 48.33305813030643], [2.061831565321016, 48.34351378085326], [2.072970578741462, 48.34021838198893], [2.08744788499712, 48.3435609547665], [2.102947035256989, 48.34328346163951], [2.105052166285983, 48.33060375577401], [2.119967989396257, 48.327854297113774], [2.11876592312506, 48.323895380677875], [2.113716853702258, 48.30724786045628]]]}",11769,390,17,1,91,11
76574,76890,SAINT-DENIS-SUR-SCIE,SEINE-MARITIME,HAUTE-NORMANDIE,"Commune simple",137.0,851.0,0.5,"49.7031340848, 1.08565728763","{""type"": ""Polygon"", ""coordinates"": [[[1.057721083046075, 49.68954150235183], [1.048216939935916, 49.69062980885424], [1.051361818718513, 49.706292559499396], [1.064124424948401, 49.711466534652885], [1.07353854761061, 49.70844312603662], [1.098225568480042, 49.71470034651354], [1.111545756539296, 49.70907459141374], [1.121717202875454, 49.70911510591927], [1.124209437104199, 49.69934778652571], [1.131461950966391, 49.694264328790396], [1.13042460674926, 49.693834952463845], [1.10936393253031, 49.69910011704007], [1.096653197047253, 49.69547758463333], [1.086092789143411, 49.701837271074304], [1.066886180385795, 49.69705770116369], [1.057721083046075, 49.68954150235183]]]}",13088,574,52,1,76,23
90019,90130,BRETAGNE,"TERRITOIRE DE BELFORT",FRANCHE-COMTE,"Commune simple",359.0,467.0,0.2,"47.5906442362, 7.00045774264","{""type"": ""Polygon"", ""coordinates"": [[[6.993236802384474, 47.580706337933336], [6.996463928010807, 47.58324553121542], [6.984396668385051, 47.588975969039296], [6.974897286749437, 47.58789416119689], [6.979612805314793, 47.59521382843233], [7.009212608036143, 47.599391468904], [7.017367446263209, 47.59691175779957], [7.019561317978309, 47.58853532598128], [7.018850996127133, 47.58706366872818], [7.008935723492896, 47.58187106890718], [6.993236802384474, 47.580706337933336]]]}",23974,019,13,1,90,43
42181,42630,REGNY,LOIRE,RHONE-ALPES,"Commune simple",402.0,1377.0,1.5,"45.9973316564, 4.21374559587","{""type"": ""Polygon"", ""coordinates"": [[[4.248042892999482, 45.98672359849846], [4.234514361185902, 45.984341164267825], [4.228766072809456, 45.97916217213705], [4.21185003131694, 45.98355024254129], [4.205064726423918, 45.986954850415714], [4.189910153399415, 45.98157641073195], [4.182629145654652, 45.98601154613558], [4.197810221193053, 46.01870575417409], [4.201856784032088, 46.02050012995851], [4.208565057912316, 46.015745687960454], [4.222082436550708, 46.01325916593818], [4.241238646223204, 45.99894751100128], [4.243839568735388, 45.99738795808686], [4.248042892999482, 45.98672359849846]]]}",6086,181,32,2,42,82
47076,47220,CUQ,LOT-ET-GARONNE,AQUITAINE,"Commune simple",115.0,1686.0,0.3,"44.0810900261, 0.716495336369","{""type"": ""Polygon"", ""coordinates"": [[[0.741884791205002, 44.06519923501574], [0.717152514206282, 44.05760018396537], [0.707922779359657, 44.05828970503872], [0.707337795342036, 44.06165395765854], [0.698510342065628, 44.063800779669876], [0.693003431320544, 44.06934844273431], [0.693445684329561, 44.07908221536625], [0.688409964915507, 44.08866453748748], [0.690013064619112, 44.09533447395584], [0.7092715827088, 44.10544545043602], [0.713648826307613, 44.111263576178054], [0.720457370440652, 44.09480173741313], [0.748003462010418, 44.09329159759962], [0.747659268070382, 44.08652249855158], [0.738908962885049, 44.07472702653153], [0.741884791205002, 44.06519923501574]]]}",5916,076,03,1,47,72
49278,49130,SAINTE-GEMMES-SUR-LOIRE,MAINE-ET-LOIRE,"PAYS DE LA LOIRE","Commune simple",24.0,1482.0,3.9,"47.4281722672, -0.575792781781","{""type"": ""Polygon"", ""coordinates"": [[[-0.615487695666713, 47.40857286283418], [-0.604518228151702, 47.42349388326049], [-0.60248580177051, 47.43690255784329], [-0.589169930310096, 47.45104724056271], [-0.565337294344479, 47.43928182717646], [-0.552135899090357, 47.44109147061038], [-0.552979662337889, 47.43779471629848], [-0.54298153812783, 47.42639449573381], [-0.529610487225078, 47.42236776771392], [-0.530867039346408, 47.41987864194151], [-0.545394832025295, 47.41812092524734], [-0.566544264229601, 47.41313967732048], [-0.586592672268833, 47.41575788698564], [-0.601884863213114, 47.41454616073153], [-0.615487695666713, 47.40857286283418]]]}",26243,278,23,1,49,52
81017,81360,ARIFAT,TARN,MIDI-PYRENEES,"Commune simple",468.0,2015.0,0.2,"43.7758760162, 2.3529229423","{""type"": ""Polygon"", ""coordinates"": [[[2.317636225522536, 43.752272042778436], [2.312460211718687, 43.76150838281673], [2.32329798637882, 43.78370477877109], [2.330424985675202, 43.78818533831291], [2.350807049468156, 43.798270636481185], [2.360022316307064, 43.79747920871098], [2.383099452805362, 43.78659740036853], [2.399563789993842, 43.78133494309257], [2.391273351140978, 43.76905037869357], [2.383518025020391, 43.765047255457134], [2.373968225180472, 43.76514578354592], [2.364310016763125, 43.758232700818496], [2.355600165342494, 43.76101618052505], [2.343367123714987, 43.771021951959824], [2.331063911331366, 43.7526702903126], [2.317636225522536, 43.752272042778436]]]}",3337,017,21,2,81,73
16375,16260,SUAUX,CHARENTE,POITOU-CHARENTES,"Commune simple",180.0,1194.0,0.4,"45.8479006288, 0.513524239877","{""type"": ""Polygon"", ""coordinates"": [[[0.500598066495075, 45.8272258570753], [0.498366152061414, 45.83268119256244], [0.490325167015463, 45.83236762566983], [0.485923921919508, 45.83872951841047], [0.492252621035871, 45.8435551460987], [0.487796446921329, 45.859601097888756], [0.494092532100733, 45.86406546485087], [0.497253768232426, 45.861468737963435], [0.520897766390502, 45.864746888029195], [0.538468660137512, 45.85996872175175], [0.539723056446412, 45.85323907640694], [0.535503976818206, 45.854750765835], [0.533454312108568, 45.85185908882648], [0.543378775749241, 45.840633574615175], [0.540642350920967, 45.83493420770984], [0.508064542523598, 45.83482364279059], [0.500598066495075, 45.8272258570753]]]}",34514,375,26,3,16,54
62724,62320,ROUVROY,PAS-DE-CALAIS,NORD-PAS-DE-CALAIS,"Chef-lieu canton",48.0,650.0,8.9,"50.3992080459, 2.90489431252","{""type"": ""Polygon"", ""coordinates"": [[[2.897976485948644, 50.38556856510576], [2.890616539328213, 50.39313023575095], [2.885911565089752, 50.39333245936956], [2.885701762136674, 50.40536184893691], [2.890929699052071, 50.41068107187813], [2.915274953957057, 50.41086175145975], [2.921632333128137, 50.40599133707561], [2.926766236838628, 50.401317343910165], [2.91695693809499, 50.38756680416394], [2.897976485948644, 50.38556856510576]]]}",34691,724,67,7,62,31
74235,74910,SAINT-GERMAIN-SUR-RHONE,HAUTE-SAVOIE,RHONE-ALPES,"Commune simple",468.0,784.0,0.4,"46.0700297768, 5.82592326437","{""type"": ""Polygon"", ""coordinates"": [[[5.81361404827114, 46.05429826812661], [5.808073678192915, 46.06086019901082], [5.811406026063173, 46.07842941233895], [5.821692975148863, 46.089896805654156], [5.830274123308406, 46.087286191644004], [5.843223386267683, 46.070013151655566], [5.850981120087545, 46.06633120556546], [5.842233978820788, 46.05839607525995], [5.833518892137597, 46.06082184630775], [5.828557163139707, 46.05545822919606], [5.81361404827114, 46.05429826812661]]]}",19215,235,24,3,74,82
69061,69640,COGNY,RHONE,RHONE-ALPES,"Commune simple",424.0,580.0,1.1,"45.987704614, 4.61029755022","{""type"": ""Polygon"", ""coordinates"": [[[4.617980959481277, 45.978269037242974], [4.60368790262353, 45.979427070444025], [4.588845688260423, 45.98798553744478], [4.565291407761617, 45.988907947956044], [4.561922870028279, 45.99496190954862], [4.606052491469081, 45.989625270927036], [4.625885234333535, 45.99919578900921], [4.635719059529573, 45.99307367286577], [4.638126798588933, 45.98757171270461], [4.635306715498816, 45.98267670824961], [4.638492975904226, 45.98077524068641], [4.617980959481277, 45.978269037242974]]]}",19805,061,53,2,69,82
53192,53390,"LA ROUAUDIERE",MAYENNE,"PAYS DE LA LOIRE","Commune simple",95.0,1934.0,0.3,"47.8380947101, -1.18557298037","{""type"": ""Polygon"", ""coordinates"": [[[-1.171495672291335, 47.822194133418954], [-1.186392122433711, 47.82391587315655], [-1.198488788791303, 47.81898553815081], [-1.223153463575231, 47.819009132607505], [-1.216083304094219, 47.836153992512095], [-1.21564714695965, 47.845669194845], [-1.222196133584925, 47.85040849932182], [-1.213082232169663, 47.85721663425044], [-1.203022811757395, 47.85684774373157], [-1.194439754489385, 47.85329779703335], [-1.160380415186353, 47.85746776134886], [-1.153015931937173, 47.85302446105308], [-1.153248962999878, 47.83956968731651], [-1.148935054363893, 47.837811875642025], [-1.148205561650933, 47.821444025245576], [-1.167519393368709, 47.824219305613866], [-1.171495672291335, 47.822194133418954]]]}",2175,192,25,1,53,52
85159,85370,NALLIERS,VENDEE,"PAYS DE LA LOIRE","Commune simple",11.0,3284.0,2.2,"46.4658962703, -1.03958611312","{""type"": ""Polygon"", ""coordinates"": [[[-1.016450632823027, 46.429122718724464], [-1.027062462708096, 46.4320937249195], [-1.059053397706948, 46.43861518071575], [-1.077591404048692, 46.44129944296703], [-1.070481067490707, 46.45962243787974], [-1.079226208065505, 46.47466551545904], [-1.067899750719179, 46.48902708563174], [-1.038481371460067, 46.498438105939385], [-1.010887275160308, 46.4942710065075], [-0.998598915547149, 46.48941837659434], [-1.012961128085766, 46.45631220098408], [-1.019364625526151, 46.45097470572173], [-1.019512755071711, 46.447498232656145], [-1.007292018824464, 46.44148137383456], [-1.016450632823027, 46.429122718724464]]]}",19925,159,09,1,85,52
37264,37190,VALLERES,INDRE-ET-LOIRE,CENTRE,"Commune simple",76.0,1466.0,1.1,"47.3068592905, 0.473611615141","{""type"": ""Polygon"", ""coordinates"": [[[0.491686827056938, 47.28484497046588], [0.475523595304255, 47.292474591600744], [0.460792514547537, 47.294639076652146], [0.44604372741065, 47.29297329693177], [0.446185341732894, 47.308369558119956], [0.437667722185295, 47.310919972046456], [0.43743501916955, 47.31413036677205], [0.445165209384441, 47.317840549819174], [0.464283658868129, 47.32079973682747], [0.474281535080968, 47.328736622973715], [0.479330209717517, 47.32814380821483], [0.4942896205326, 47.31417375650979], [0.508209423664989, 47.31016815509262], [0.491686827056938, 47.28484497046588]]]}",22543,264,02,1,37,24
46297,46340,SALVIAC,LOT,MIDI-PYRENEES,"Chef-lieu canton",211.0,2968.0,1.2,"44.6854910837, 1.26478802676","{""type"": ""Polygon"", ""coordinates"": [[[1.270381836965771, 44.65468156135156], [1.253025534518458, 44.6533642204401], [1.2486217915934, 44.65826530256489], [1.236159472193813, 44.66260579407369], [1.222545032471533, 44.66340544565985], [1.22455005545425, 44.68426634892959], [1.224706522804275, 44.68570967479072], [1.230001162578646, 44.69115251586184], [1.242933082578624, 44.694636421361245], [1.244637820778173, 44.70474917792028], [1.261541986351572, 44.71017583633867], [1.270040944184354, 44.72208761514787], [1.287021436289563, 44.7144631591753], [1.297913850339924, 44.70047529496592], [1.316259908201607, 44.697919316604946], [1.318408010445927, 44.69489930882471], [1.314848215240959, 44.68855975282433], [1.296727027213209, 44.69337914381305], [1.29685333896777, 44.683358602708985], [1.290620736777447, 44.67037648692846], [1.277342142054426, 44.66676667759177], [1.270381836965771, 44.65468156135156]]]}",4106,297,27,3,46,73
24285,24140,MONTAGNAC-LA-CREMPSE,DORDOGNE,AQUITAINE,"Commune simple",152.0,2547.0,0.4,"44.978515633, 0.542942043095","{""type"": ""Polygon"", ""coordinates"": [[[0.549669230171379, 44.94995500701025], [0.534293539821883, 44.9580555286714], [0.526390994287665, 44.96635657495899], [0.50665712370412, 44.96612300560042], [0.489493278570062, 44.96120567226854], [0.49525677398544, 44.97391110377879], [0.524466592162862, 44.99124821970478], [0.528522237931609, 45.00434617131286], [0.532794379347883, 45.00594534465281], [0.554803980927623, 45.00817875382192], [0.561646441342896, 45.00326637457187], [0.565463861748148, 44.99022528289485], [0.583077727575673, 44.97917831268245], [0.586784893572231, 44.96589111428697], [0.567023892224398, 44.964829930386585], [0.558757524526512, 44.95215472758296], [0.549669230171379, 44.94995500701025]]]}",33161,285,45,1,24,72
40195,40500,MONTGAILLARD,LANDES,AQUITAINE,"Commune simple",80.0,2077.0,0.6,"43.7574145049, -0.480089194679","{""type"": ""Polygon"", ""coordinates"": [[[-0.434442972561977, 43.741443968167296], [-0.452105731533, 43.73994846476371], [-0.458185119595534, 43.73508979481876], [-0.471614963127321, 43.737571534229396], [-0.484846702555001, 43.73453656684998], [-0.500081191594077, 43.752080374639625], [-0.511399102761002, 43.758318368509244], [-0.517105510833275, 43.76744797431057], [-0.526324363038201, 43.76839286386418], [-0.528897161858411, 43.77120997683809], [-0.527441863191328, 43.77441881586293], [-0.515278690271466, 43.779180812287265], [-0.507075682555806, 43.77617551883359], [-0.489412757444722, 43.77702211728093], [-0.461091235183545, 43.77204406625679], [-0.456754878246648, 43.76240891479356], [-0.439684696429418, 43.750934013303414], [-0.434442972561977, 43.741443968167296]]]}",5754,195,22,2,40,72
44040,44680,CHEMERE,LOIRE-ATLANTIQUE,"PAYS DE LA LOIRE","Commune simple",24.0,3763.0,2.2,"47.138874575, -1.88952152249","{""type"": ""Polygon"", ""coordinates"": [[[-1.833765982635519, 47.13076699013609], [-1.849540892397555, 47.11353627178535], [-1.889511737766759, 47.11762436196608], [-1.898226683337257, 47.11464829455473], [-1.898227009179249, 47.11116640755888], [-1.916291215408891, 47.10496862412178], [-1.931510181302317, 47.10582625711083], [-1.935470599535667, 47.11213393448019], [-1.924632758850259, 47.1313141385189], [-1.913507463656633, 47.138309499522215], [-1.930956814401788, 47.15056489846471], [-1.932902299543888, 47.15375634186981], [-1.933574384566462, 47.15719153713902], [-1.924518988726338, 47.165461457898], [-1.896055436044217, 47.17475224178792], [-1.869682821862978, 47.165014613223], [-1.852332702747184, 47.15374748302636], [-1.845288587051667, 47.137491376101885], [-1.833765982635519, 47.13076699013609]]]}",286,040,05,3,44,52
25462,25300,PONTARLIER,DOUBS,FRANCHE-COMTE,Sous-préfecture,989.0,4130.0,18.3,"46.9119730882, 6.38914602031","{""type"": ""Polygon"", ""coordinates"": [[[6.362910432398649, 46.875768626288554], [6.342174271216455, 46.88515920444487], [6.334124082585577, 46.89295351369935], [6.321142107890833, 46.89797878077968], [6.311535971801222, 46.89697583873127], [6.328580481402851, 46.911605877941156], [6.335379296268181, 46.91906907891266], [6.349140643074281, 46.91743513041699], [6.372720433571134, 46.92267680327661], [6.39597621861889, 46.93545729233237], [6.396623815204713, 46.93885371342483], [6.416301592691293, 46.94916740306477], [6.417067719960914, 46.952542200009866], [6.426218815152308, 46.95613664923559], [6.428014954345536, 46.94980186368742], [6.444749541960627, 46.93340543536324], [6.433014228284723, 46.927816768917026], [6.447445016276617, 46.91110072586632], [6.424379698383422, 46.894719955812626], [6.392147748862036, 46.88640086241267], [6.368660816598664, 46.89087563286612], [6.364411653256705, 46.88913444396098], [6.362910432398649, 46.875768626288554]]]}",407,462,20,3,25,43
35337,35190,TINTENIAC,ILLE-ET-VILAINE,BRETAGNE,"Chef-lieu canton",54.0,2339.0,3.3,"48.3231993668, -1.83043308458","{""type"": ""Polygon"", ""coordinates"": [[[-1.825642695190224, 48.29237299984507], [-1.831194091856971, 48.302079798372276], [-1.824112439117874, 48.31502473330248], [-1.827077078922704, 48.31787835716795], [-1.841877818668273, 48.321131228700864], [-1.863224030188055, 48.312412818138654], [-1.870354831704319, 48.31367875546545], [-1.875132257701396, 48.31360805565091], [-1.884188227148552, 48.32031960636847], [-1.890036558899435, 48.33176053345042], [-1.883760997618075, 48.3397360607113], [-1.869502155959844, 48.336438797186545], [-1.849943086380625, 48.34058659401319], [-1.847392833941838, 48.343575599293125], [-1.830551556224237, 48.335403833998654], [-1.815211056407949, 48.33736337228959], [-1.800970385833499, 48.33346240967402], [-1.792589790440177, 48.3376240654723], [-1.777660448119633, 48.33638923529151], [-1.771004550715185, 48.32382261960853], [-1.798129574834614, 48.31551412554039], [-1.807417310831752, 48.29677546253208], [-1.825642695190224, 48.29237299984507]]]}",31697,337,41,4,35,53
31078,31580,BOUDRAC,HAUTE-GARONNE,MIDI-PYRENEES,"Commune simple",481.0,1147.0,0.1,"43.1873792108, 0.517345335704","{""type"": ""Polygon"", ""coordinates"": [[[0.456453525914963, 43.144835025452274], [0.459566394764162, 43.14894908003776], [0.499290624411212, 43.17421164813475], [0.520654866021427, 43.19326138740859], [0.50576395362993, 43.19971270828579], [0.517385287471228, 43.21238196191198], [0.533798755863865, 43.208060592846664], [0.544979174590509, 43.213049197480146], [0.551874895718064, 43.209147130092866], [0.544752159596388, 43.20536757171716], [0.541720890961732, 43.199125019222954], [0.545674537722705, 43.19032375440198], [0.528300715016566, 43.17813808756176], [0.505751495921844, 43.1718054730859], [0.477169319326898, 43.15339408735543], [0.456453525914963, 43.144835025452274]]]}",4496,078,22,2,31,73
31046,31440,BAREN,HAUTE-GARONNE,MIDI-PYRENEES,"Commune simple",1269.0,305.0,0.0,"42.8676983193, 0.634971126368","{""type"": ""Polygon"", ""coordinates"": [[[0.657879575950287, 42.8642608939262], [0.624213965588275, 42.86270215048831], [0.615144595641669, 42.86496600301108], [0.613278572825395, 42.870196473658886], [0.615304381946091, 42.87239168007645], [0.630133625476226, 42.87167656419456], [0.65018160557491, 42.87255821022395], [0.658203670679511, 42.86653504565279], [0.657879575950287, 42.8642608939262]]]}",4034,046,28,2,31,73
28134,28100,DREUX,EURE-ET-LOIR,CENTRE,Sous-préfecture,119.0,2427.0,30.7,"48.7485203213, 1.35931854112","{""type"": ""Polygon"", ""coordinates"": [[[1.38433581685273, 48.721233245547914], [1.375641420514892, 48.71881217949161], [1.353884111263502, 48.73274598463889], [1.335203493478861, 48.7377046525327], [1.325692409771512, 48.73528658698801], [1.322586998783454, 48.73796882991661], [1.321697737080177, 48.744478543157456], [1.309915660257943, 48.75463087065961], [1.313623275566655, 48.76410214083619], [1.327389351456727, 48.76043646118913], [1.355771873045039, 48.77904722484704], [1.367867913540483, 48.76526960257717], [1.390010682787455, 48.75768080823279], [1.400127330553819, 48.75787975083095], [1.40331769777204, 48.747433263154555], [1.401547841442381, 48.74081555203159], [1.38978484760579, 48.73456715027596], [1.389066811651155, 48.72786438190809], [1.38433581685273, 48.721233245547914]]]}",4161,134,97,3,28,24
78623,78490,"LE TREMBLAY-SUR-MAULDRE",YVELINES,ILE-DE-FRANCE,"Commune simple",102.0,605.0,1.0,"48.7834999157, 1.878022372","{""type"": ""Polygon"", ""coordinates"": [[[1.869040323003764, 48.765489805296134], [1.863228557498298, 48.77057069002367], [1.870019834953439, 48.779324086598024], [1.866002617090788, 48.78569027041826], [1.87262370699577, 48.79865124092132], [1.87582151118509, 48.80504951039532], [1.885899950898868, 48.80431637499487], [1.889945589429817, 48.770336241357604], [1.882620923831742, 48.766697007639365], [1.869040323003764, 48.765489805296134]]]}",31493,623,15,2,78,11
52200,52250,FLAGEY,HAUTE-MARNE,CHAMPAGNE-ARDENNE,"Commune simple",446.0,832.0,0.1,"47.7865880267, 5.24538753249","{""type"": ""Polygon"", ""coordinates"": [[[5.253578334559147, 47.768235310117404], [5.246697210270543, 47.77196013201368], [5.234744544614428, 47.77676283734733], [5.220231209309905, 47.78715919434663], [5.230407805095153, 47.799814301821456], [5.239570390792865, 47.80224161831069], [5.248856446589832, 47.80029900613726], [5.257429574873242, 47.79826133526307], [5.266251254812357, 47.79109497982729], [5.261489954507161, 47.786270844990085], [5.267228967019502, 47.78111767124795], [5.266104818320049, 47.777934003572305], [5.253578334559147, 47.768235310117404]]]}",33196,200,17,2,52,21
38535,38460,VERNAS,ISERE,RHONE-ALPES,"Commune simple",241.0,584.0,0.2,"45.7770907345, 5.26765483745","{""type"": ""Polygon"", ""coordinates"": [[[5.275791763161791, 45.76496570841561], [5.267647267026092, 45.76880525779728], [5.257996903134536, 45.76889975757399], [5.241704608284203, 45.77661170599775], [5.240203401975359, 45.777371216021095], [5.255626706340478, 45.78430678775152], [5.266894883868229, 45.789369010990164], [5.288975910500866, 45.77996862176251], [5.289225982926948, 45.773576394797125], [5.275791763161791, 45.76496570841561]]]}",32768,535,08,2,38,82
07016,07600,ASPERJOC,ARDECHE,RHONE-ALPES,"Commune simple",521.0,848.0,0.4,"44.6950645443, 4.35089629456","{""type"": ""Polygon"", ""coordinates"": [[[4.366962888670516, 44.684527996333664], [4.364845369093252, 44.67839528837607], [4.355241007013618, 44.67836926243365], [4.33588562091637, 44.68862618180797], [4.326594143642337, 44.68855785558122], [4.33522887867604, 44.69553127250832], [4.32855283036144, 44.698285828731166], [4.330747202842967, 44.70406715091727], [4.348785002519771, 44.711799583068235], [4.35465808867114, 44.707657973068436], [4.36295815614074, 44.70732199721391], [4.37065909263904, 44.698456799673814], [4.366962888670516, 44.684527996333664]]]}",23071,016,02,1,07,82
59512,59100,ROUBAIX,NORD,NORD-PAS-DE-CALAIS,"Chef-lieu canton",31.0,1323.0,95.0,"50.6879774811, 3.18258434623","{""type"": ""Polygon"", ""coordinates"": [[[3.199404380345153, 50.67113621849972], [3.19590761357197, 50.66887140624513], [3.173320524247335, 50.6705292267876], [3.159594294179442, 50.67476528633913], [3.161042025969959, 50.681430874555694], [3.152423478706497, 50.68977821156913], [3.153733194544922, 50.69306987891884], [3.161724829258207, 50.704841834784055], [3.175597723363778, 50.70790983966166], [3.191746062175741, 50.706872004118814], [3.202098214721732, 50.69485817281292], [3.215566751412957, 50.68937964612947], [3.214307812413308, 50.68567573285371], [3.212052103048624, 50.68001723112309], [3.199404380345153, 50.67113621849972]]]}",23216,512,95,5,59,31
10338,10700,SAINT-ETIENNE-SOUS-BARBUISE,AUBE,CHAMPAGNE-ARDENNE,"Commune simple",114.0,1095.0,0.1,"48.4925522857, 4.11536192405","{""type"": ""Polygon"", ""coordinates"": [[[4.073181372673125, 48.466720580447436], [4.066519403744205, 48.46976760097172], [4.104185904715651, 48.502567857574256], [4.129063289405201, 48.50669750633377], [4.155944701422211, 48.509416984886], [4.158065899619952, 48.495100308034125], [4.113628315039138, 48.487553961722114], [4.073181372673125, 48.466720580447436]]]}",20208,338,02,3,10,21
49086,49380,CHAVAGNES,MAINE-ET-LOIRE,"PAYS DE LA LOIRE","Commune simple",76.0,1646.0,1.0,"47.274007949, -0.439804383087","{""type"": ""Polygon"", ""coordinates"": [[[-0.405253295051679, 47.265227939616985], [-0.420001285912755, 47.26358632155503], [-0.45048830895562, 47.250833192775715], [-0.473244770253577, 47.258101380603726], [-0.466810641393277, 47.27387437731163], [-0.462788714332964, 47.275769762883506], [-0.445445728739367, 47.295200553911215], [-0.442609533848758, 47.30488143843235], [-0.424174939829785, 47.297497439614055], [-0.426435092073821, 47.28393234910007], [-0.412918778100454, 47.279410975277344], [-0.402577936794726, 47.27189344633764], [-0.405253295051679, 47.265227939616985]]]}",35589,086,32,1,49,52
63329,63390,SAINTE-CHRISTINE,PUY-DE-DOME,AUVERGNE,"Commune simple",669.0,1290.0,0.2,"46.0723087961, 2.83140486418","{""type"": ""Polygon"", ""coordinates"": [[[2.85272226450323, 46.054322385637704], [2.84535119467226, 46.05848185485422], [2.831453376472958, 46.06037109890848], [2.814268294877488, 46.05478821716681], [2.809840535821181, 46.0560415706328], [2.803936057405549, 46.0687284747803], [2.807925062070263, 46.07489467087058], [2.798942827442695, 46.0827224029182], [2.828155130705416, 46.089253944310414], [2.87142363740233, 46.07686642738603], [2.854554785957239, 46.070533609833156], [2.856495513802824, 46.060594649223795], [2.85272226450323, 46.054322385637704]]]}",30198,329,42,4,63,83
80666,80600,REMAISNIL,SOMME,PICARDIE,"Commune simple",120.0,298.0,0.0,"50.2057113096, 2.24244191691","{""type"": ""Polygon"", ""coordinates"": [[[2.249952955429046, 50.1971974286188], [2.233560764354703, 50.19880261832953], [2.226923436656276, 50.202865016330534], [2.230807079919493, 50.210630190758], [2.253430612256153, 50.214684814907876], [2.25631281783047, 50.20900895218036], [2.249952955429046, 50.1971974286188]]]}",23072,666,12,2,80,22
12049,12580,CAMPUAC,AVEYRON,MIDI-PYRENEES,"Commune simple",591.0,1913.0,0.5,"44.5663603478, 2.5847677536","{""type"": ""Polygon"", ""coordinates"": [[[2.603719545719776, 44.53988904017101], [2.596977381112525, 44.544536897594355], [2.587368246857717, 44.545122573987186], [2.585594865931001, 44.55519869910464], [2.570059277598181, 44.568255983766264], [2.555872140857369, 44.56591320386407], [2.547946258599225, 44.5696621247873], [2.538312970343481, 44.56953225558833], [2.530586355536616, 44.57637766899815], [2.532301710543187, 44.57913073904275], [2.535337760607521, 44.582141420433345], [2.56117338452552, 44.59026838733155], [2.602750092527784, 44.57213244580427], [2.616508737069946, 44.57131682356091], [2.631296136295301, 44.557548336764064], [2.622572519525497, 44.555358274698705], [2.626816145936923, 44.54955711027537], [2.625099712324928, 44.54640944467617], [2.603719545719776, 44.53988904017101]]]}",4171,049,13,2,12,73
77266,77133,MACHAULT,SEINE-ET-MARNE,ILE-DE-FRANCE,"Commune simple",108.0,1635.0,0.7,"48.445996968, 2.84112295871","{""type"": ""Polygon"", ""coordinates"": [[[2.832431626760507, 48.42472535043469], [2.82062832520928, 48.42562573104271], [2.81624916335712, 48.448712738045266], [2.826158902724055, 48.478118236271065], [2.832666379420955, 48.48259863275879], [2.842512263775631, 48.47532526887084], [2.839822407799942, 48.465605836813324], [2.846910815785703, 48.460946164304296], [2.84688875415475, 48.45459479738943], [2.85980342535752, 48.45000466445213], [2.868466072658928, 48.441531060549195], [2.884425455926696, 48.43338797381877], [2.867003030227954, 48.42659542204394], [2.832431626760507, 48.42472535043469]]]}",35652,266,05,2,77,11
55557,55160,VILLE-EN-WOEVRE,MEUSE,LORRAINE,"Commune simple",217.0,1428.0,0.1,"49.1384249835, 5.61392700414","{""type"": ""Polygon"", ""coordinates"": [[[5.650858974121165, 49.114299411853935], [5.640394979454642, 49.113612044713506], [5.615902819901743, 49.11870831275696], [5.613615266223829, 49.12525308188413], [5.605377242609596, 49.1290661264335], [5.604700133568205, 49.13577363689099], [5.578341106157153, 49.14605670472956], [5.569974654022426, 49.14960900310222], [5.581880460774668, 49.15956400470426], [5.582451425941377, 49.16578557192496], [5.592093475027069, 49.165209512004274], [5.60028344249283, 49.1567570161566], [5.60535646541115, 49.156179531519406], [5.614933468834453, 49.15408274481724], [5.616615185250454, 49.148010116641025], [5.629262187833334, 49.14294869753693], [5.639147207526145, 49.14427055043343], [5.642045859212117, 49.128788020202904], [5.653019139315369, 49.12303193022674], [5.650858974121165, 49.114299411853935]]]}",9609,557,09,3,55,41
62077,62150,BAJUS,PAS-DE-CALAIS,NORD-PAS-DE-CALAIS,"Commune simple",128.0,300.0,0.3,"50.4205764325, 2.47224510422","{""type"": ""Polygon"", ""coordinates"": [[[2.486635582874572, 50.41869395336481], [2.471217992799314, 50.41102517699336], [2.458539352746795, 50.41558461664954], [2.454139510606926, 50.419685830083615], [2.459052235616475, 50.420165270099396], [2.47422902479728, 50.432152424843856], [2.487206160763832, 50.42199993790356], [2.486635582874572, 50.41869395336481]]]}",25900,077,05,1,62,31
72216,72240,NEUVILLALAIS,SARTHE,"PAYS DE LA LOIRE","Commune simple",104.0,1897.0,0.6,"48.1540701215, -0.00726100705973","{""type"": ""Polygon"", ""coordinates"": [[[0.035993988093585, 48.137263558050954], [0.013635880131537, 48.13082830873534], [-0.002247953540162, 48.13860127792046], [-0.021913000858825, 48.142061085626665], [-0.028581294713566, 48.137513626737345], [-0.037956310474264, 48.13794782582563], [-0.048464447697253, 48.14425926522819], [-0.039487234942866, 48.15192904086011], [-0.045390827466485, 48.16049348049271], [-0.029017847483668, 48.1671823458739], [-0.016962256233736, 48.17763949248674], [-0.011981378042583, 48.177649670764715], [0.001771410949164, 48.16876120691835], [0.025114767869722, 48.173980396423424], [0.031642603157927, 48.168976234919526], [0.020769566202524, 48.161759684134815], [0.011818266703544, 48.149647164536326], [0.035993988093585, 48.137263558050954]]]}",12446,216,08,2,72,52
86213,86480,ROUILLE,VIENNE,POITOU-CHARENTES,"Commune simple",150.0,5199.0,2.5,"46.4200390624, 0.0268226076765","{""type"": ""Polygon"", ""coordinates"": [[[0.079859556591934, 46.3954716785156], [0.057201919617824, 46.3828418340645], [0.043578073130105, 46.37955189808119], [0.043066931358702, 46.372879528511746], [0.034219979012945, 46.37349679947992], [0.02266199753218, 46.379422244052556], [0.014567186138623, 46.390789873234105], [0.00041748720991, 46.392338016997954], [-0.008010412075047, 46.38906128221746], [-0.00798841497052, 46.39599146322734], [-0.020217953855906, 46.40587804364533], [-0.012776357797803, 46.42588135588766], [-0.010582339522909, 46.449890851157384], [-0.019243777922206, 46.45327563034042], [-0.010465724920213, 46.46833065043756], [-0.012532533694209, 46.47127685599466], [-0.008106149671172, 46.47236670080277], [0.002048028206319, 46.46654217768504], [0.019766682060365, 46.4668526737751], [0.03348663452318, 46.46587620777708], [0.039583062115285, 46.46095224056532], [0.030042469579043, 46.45345074016054], [0.035223374909848, 46.433689230827305], [0.049569744023815, 46.43133063243856], [0.063599741783494, 46.43458488027668], [0.06953288439828, 46.44010777520294], [0.079229496995247, 46.438662234982694], [0.074590901350409, 46.42891094719731], [0.079859556591934, 46.3954716785156]]]}",9342,213,13,3,86,54
87056,87210,DINSAC,HAUTE-VIENNE,LIMOUSIN,"Commune simple",216.0,1935.0,0.3,"46.240726366, 1.11014815937","{""type"": ""Polygon"", ""coordinates"": [[[1.145117312671363, 46.25863829367114], [1.135088431758597, 46.247314361081855], [1.137047891887161, 46.230547821047615], [1.118991928993634, 46.22607127877689], [1.116879248808252, 46.21617324185719], [1.110458399105484, 46.21084245025307], [1.105458932860458, 46.21096643941844], [1.089077639127766, 46.22308661015009], [1.079692669599127, 46.224261658573205], [1.063031731205003, 46.23520253026585], [1.065557479552442, 46.237929742599086], [1.074477747894333, 46.2408193351132], [1.083818304738172, 46.23840089186043], [1.097987908346216, 46.24006182380678], [1.104520913607927, 46.2669768318618], [1.122416674081354, 46.27042597260682], [1.145117312671363, 46.25863829367114]]]}",3594,056,08,1,87,74
74164,74970,MARIGNIER,HAUTE-SAVOIE,RHONE-ALPES,"Commune simple",695.0,2062.0,6.1,"46.0950289167, 6.4944693169","{""type"": ""Polygon"", ""coordinates"": [[[6.513531903811, 46.07285322561183], [6.490313237602146, 46.06901845358046], [6.466949608620609, 46.07226814460672], [6.468786379421519, 46.095403942780884], [6.457695194622658, 46.10567549913737], [6.472332364418551, 46.10660751914976], [6.499277398163504, 46.12536645159498], [6.528854895303884, 46.10634169544413], [6.527494720060025, 46.09969569507475], [6.515488786464292, 46.08966645836296], [6.513531903811, 46.07285322561183]]]}",31237,164,08,2,74,82
30080,30530,CHAMBORIGAUD,GARD,LANGUEDOC-ROUSSILLON,"Commune simple",460.0,1784.0,0.8,"44.299833692, 3.96212811106","{""type"": ""Polygon"", ""coordinates"": [[[3.987992327418559, 44.278420138943574], [3.962644220565676, 44.28581061811564], [3.954183743260217, 44.28273371399386], [3.940030157686337, 44.283872888715415], [3.935860721871836, 44.293954610953016], [3.924943424417407, 44.30082546986888], [3.922859060237588, 44.305226941770115], [3.943703793488236, 44.31788690867922], [3.948082718595184, 44.32705837755556], [3.948819029159969, 44.323847282285634], [3.9571753903433, 44.327096657396865], [3.968523553313043, 44.30867806623095], [3.977132349918579, 44.305541204975476], [4.002978731148569, 44.30395816693332], [4.008909425034092, 44.295576992562914], [4.000951629784673, 44.29280509205333], [3.992289274376188, 44.29484606413761], [3.989126963942585, 44.2924710240925], [3.993520566847718, 44.287147227282205], [3.987992327418559, 44.278420138943574]]]}",3664,080,11,1,30,91
81003,81250,ALBAN,TARN,MIDI-PYRENEES,"Chef-lieu canton",580.0,986.0,1.0,"43.8843961225, 2.45700986389","{""type"": ""Polygon"", ""coordinates"": [[[2.475065151387816, 43.876423204493065], [2.454471028621651, 43.86902367600374], [2.445303361157182, 43.870273387999184], [2.437854614525452, 43.866203531922814], [2.428947920325177, 43.87370783253794], [2.43935808728871, 43.88031342101533], [2.443096978628543, 43.893705865216006], [2.456014265581546, 43.897685796006314], [2.465855262704286, 43.90472706026354], [2.474266056418557, 43.905118857655395], [2.473809882178908, 43.895190123300495], [2.478412393626793, 43.88589769678211], [2.475065151387816, 43.876423204493065]]]}",2636,003,01,1,81,73
68117,68140,GUNSBACH,HAUT-RHIN,ALSACE,"Commune simple",591.0,615.0,1.0,"48.0614208106, 7.16506568008","{""type"": ""Polygon"", ""coordinates"": [[[7.166332232356877, 48.04149623501301], [7.166069723621197, 48.051643333166055], [7.149106446506172, 48.06395729815435], [7.146774955663782, 48.0733119263995], [7.149751385070227, 48.07919942148624], [7.162906712802462, 48.079762241483586], [7.164809331970895, 48.073017651088584], [7.177567212703877, 48.06737504659758], [7.176726226131277, 48.05400500016767], [7.185140901594103, 48.04161259191391], [7.166332232356877, 48.04149623501301]]]}",28418,117,18,2,68,42
01045,01330,BIRIEUX,AIN,RHONE-ALPES,"Commune simple",281.0,1576.0,0.2,"45.9533995502, 5.03666479984","{""type"": ""Polygon"", ""coordinates"": [[[5.041149753414163, 45.92858074696356], [5.038183036469114, 45.931084391396546], [5.011578055442462, 45.93464124420665], [5.008388282971143, 45.961523260757325], [5.003545071695816, 45.96188832854374], [5.012646691199071, 45.96706852740234], [5.022161738349769, 45.965872070494044], [5.033154949756283, 45.971133965340606], [5.047403417775251, 45.9697241773536], [5.056326591474655, 45.972399970284684], [5.075173130858466, 45.96925460549518], [5.072514378092033, 45.96657387583459], [5.067542866772212, 45.958710704087814], [5.069701518281219, 45.952915128108394], [5.060648420461064, 45.954638701557236], [5.057230879688726, 45.952349786683214], [5.041149753414163, 45.92858074696356]]]}",16883,045,35,2,01,82
90002,90150,ANGEOT,"TERRITOIRE DE BELFORT",FRANCHE-COMTE,"Commune simple",379.0,661.0,0.3,"47.6955037352, 7.00609340402","{""type"": ""Polygon"", ""coordinates"": [[[6.983602492113652, 47.68578777584855], [6.967519151773596, 47.690255294595126], [6.978297327148284, 47.69427775313315], [7.00060470651132, 47.70461026928875], [7.027565261265177, 47.70536964874257], [7.038652418760988, 47.69258590273875], [7.036342389574307, 47.69222410774161], [7.009740055623937, 47.687804675834435], [6.996297064350603, 47.68866177188704], [6.983602492113652, 47.68578777584855]]]}",13291,002,03,1,90,43
52009,52360,ANDILLY-EN-BASSIGNY,HAUTE-MARNE,CHAMPAGNE-ARDENNE,"Commune simple",367.0,856.0,0.1,"47.9283690025, 5.52049253052","{""type"": ""Polygon"", ""coordinates"": [[[5.507077726145712, 47.90854989314143], [5.502106673462578, 47.910483779419664], [5.501050109127262, 47.920176688357714], [5.507975875622136, 47.93237354403582], [5.508759738544337, 47.94243228176146], [5.527175002957026, 47.94614342406927], [5.532544442859082, 47.947729567865935], [5.536752564835561, 47.94604506946119], [5.541742976930912, 47.93384469596545], [5.537153499189137, 47.93257529111064], [5.537586776242211, 47.925947880228684], [5.530725392316405, 47.92112563911303], [5.527416201189003, 47.91155342613282], [5.51883420255481, 47.91217905627977], [5.507077726145712, 47.90854989314143]]]}",13983,009,20,2,52,21
04214,04330,TARTONNE,ALPES-DE-HAUTE-PROVENCE,"PROVENCE-ALPES-COTE D'AZUR","Commune simple",1298.0,4511.0,0.1,"44.0784663763, 6.3839310068","{""type"": ""Polygon"", ""coordinates"": [[[6.418109950206691, 44.04699750701119], [6.399029544717187, 44.046646052528125], [6.362108207829029, 44.05421880217231], [6.329310352903693, 44.055771104223815], [6.338522455702404, 44.078020190838565], [6.340864317115969, 44.09470437878238], [6.36227604157653, 44.106958297673714], [6.362251861760752, 44.110355289100255], [6.380590648257666, 44.11113309292466], [6.387886124974383, 44.10703391590288], [6.418404617047244, 44.11408550812284], [6.422647750431588, 44.0948361298966], [6.4289601176249, 44.09026933594], [6.421545524845531, 44.081294303479275], [6.430260145633362, 44.061463544578146], [6.427781795584506, 44.054748648374115], [6.418109950206691, 44.04699750701119]]]}",165,214,05,3,04,93
38213,38690,LONGECHENAL,ISERE,RHONE-ALPES,"Commune simple",535.0,819.0,0.6,"45.4228948785, 5.3603298976","{""type"": ""Polygon"", ""coordinates"": [[[5.355480012390513, 45.411726863629866], [5.335820009694019, 45.414426488247614], [5.332464724995876, 45.420730240842495], [5.342551565205468, 45.4278708640947], [5.342349051749975, 45.431262307806676], [5.355512229298837, 45.43694120393048], [5.391828321628998, 45.42537094558614], [5.38943823004401, 45.423638193589426], [5.386962822329549, 45.42051086499471], [5.383072213271297, 45.41987295305434], [5.381315770063121, 45.4144059908543], [5.355480012390513, 45.411726863629866]]]}",10562,213,11,2,38,82
89409,89450,THAROISEAU,YONNE,BOURGOGNE,"Commune simple",282.0,347.0,0.1,"47.4635077803, 3.8130360009","{""type"": ""Polygon"", ""coordinates"": [[[3.811237949706107, 47.4539594420477], [3.802928267492087, 47.4583111239633], [3.799161843149676, 47.46475562188139], [3.801879628357526, 47.47160561252536], [3.810254220407459, 47.47578767333131], [3.818246860725462, 47.474876585028355], [3.81795753267399, 47.46202345631702], [3.820958696733369, 47.459499708497745], [3.829924369954122, 47.461587683831276], [3.833099305905063, 47.459179409070565], [3.827221845607771, 47.45420705123002], [3.811237949706107, 47.4539594420477]]]}",17862,409,35,2,89,26
31303,31410,LONGAGES,HAUTE-GARONNE,MIDI-PYRENEES,"Commune simple",210.0,2147.0,2.6,"43.3574229585, 1.21425495972","{""type"": ""Polygon"", ""coordinates"": [[[1.203824598767549, 43.33261162508825], [1.191764481277886, 43.341399939412725], [1.183258436379392, 43.34802417132504], [1.166670235047587, 43.35009291011806], [1.172821549129223, 43.35908744573724], [1.210101375006422, 43.378175383744036], [1.211770464860809, 43.381235473395655], [1.227519251962691, 43.37500661672719], [1.235669897045083, 43.37672351723129], [1.250149293051127, 43.369111998391226], [1.254422795681566, 43.35996674904293], [1.247073244892927, 43.348195195843594], [1.232252180330137, 43.33936972443142], [1.230043588692434, 43.34224002709979], [1.217210742854082, 43.34139940870236], [1.203824598767549, 43.33261162508825]]]}",3311,303,09,1,31,73
24457,24400,SAINT-MARTIN-L'ASTIER,DORDOGNE,AQUITAINE,"Commune simple",78.0,941.0,0.1,"45.0589553311, 0.323281642748","{""type"": ""Polygon"", ""coordinates"": [[[0.299708935565706, 45.03944269554755], [0.304141066336329, 45.06508196616251], [0.302452481664121, 45.071626784158866], [0.331006526459465, 45.069530803413045], [0.343299835404822, 45.074896763161384], [0.347922803344001, 45.06240333591128], [0.340642834751594, 45.04654509873443], [0.328411926520419, 45.049855908055825], [0.310541019115949, 45.045930173146516], [0.299708935565706, 45.03944269554755]]]}",13867,457,24,3,24,72
01027,01360,BALAN,AIN,RHONE-ALPES,"Commune simple",194.0,1794.0,2.4,"45.8311226453, 5.10780019249","{""type"": ""Polygon"", ""coordinates"": [[[5.121735945101945, 45.81118088507036], [5.112801486902299, 45.80963690984906], [5.113482051150283, 45.799823324176586], [5.109081222501015, 45.79857244600669], [5.101067478338776, 45.813378082643645], [5.09255837739662, 45.811833600409734], [5.074286414221965, 45.83533042804718], [5.076801966254726, 45.84156279497394], [5.09242020686768, 45.84829183904669], [5.095395670130844, 45.85434417039682], [5.111184200265356, 45.85323950172994], [5.110045313556866, 45.850089915604705], [5.140904990864411, 45.844761953679345], [5.136026218874346, 45.82827921177263], [5.121735945101945, 45.81118088507036]]]}",11919,027,20,2,01,82
30293,30430,SAINT-PRIVAT-DE-CHAMPCLOS,GARD,LANGUEDOC-ROUSSILLON,"Commune simple",194.0,1180.0,0.3,"44.2763763526, 4.35555026236","{""type"": ""Polygon"", ""coordinates"": [[[4.335215004652361, 44.25785241880233], [4.328849344908329, 44.280219728414146], [4.331691548852406, 44.28652311692266], [4.344889050351435, 44.28972039354772], [4.381683588319867, 44.28854383413753], [4.386165210577807, 44.26730422821675], [4.382460656560926, 44.26952052171041], [4.368130536259343, 44.26808842224767], [4.35673270702103, 44.26193699208784], [4.347493457965905, 44.26323902422188], [4.34378340574488, 44.26104284721909], [4.335215004652361, 44.25785241880233]]]}",17117,293,08,1,30,91
14364,14250,LINGEVRES,CALVADOS,BASSE-NORMANDIE,"Commune simple",100.0,1452.0,0.5,"49.1732681991, -0.674509816697","{""type"": ""Polygon"", ""coordinates"": [[[-0.67889548907759, 49.148847944739785], [-0.692785890751811, 49.162958113924425], [-0.709946017438329, 49.170485658732645], [-0.714075861330079, 49.179637719811154], [-0.708973252322108, 49.178553016963235], [-0.684267711177143, 49.18461293713286], [-0.660920782140241, 49.1983032535401], [-0.650667855943147, 49.19683257000588], [-0.654261020414696, 49.19073860304608], [-0.652204636895643, 49.17814696879664], [-0.645169883873649, 49.17416619843521], [-0.643574510613398, 49.17119948010925], [-0.656591636043871, 49.158834356276344], [-0.67889548907759, 49.148847944739785]]]}",21652,364,02,1,14,25
42176,42155,POUILLY-LES-NONAINS,LOIRE,RHONE-ALPES,"Commune simple",333.0,1037.0,1.8,"46.0446906414, 3.97809193807","{""type"": ""Polygon"", ""coordinates"": [[[3.969322542105616, 46.021160412142365], [3.9667847266886, 46.03784243167473], [3.968095740482056, 46.04767435401383], [3.955717783254553, 46.05134555925301], [3.954122029443014, 46.06448010537861], [3.982848867500942, 46.062658849088905], [4.004658334249747, 46.05547039057913], [3.991779097694125, 46.05211658716057], [3.988956796501416, 46.03902905446829], [3.990509022916889, 46.03259449488085], [4.004039096308408, 46.03077340237283], [4.003396535668725, 46.02673555782715], [3.969322542105616, 46.021160412142365]]]}",34199,176,34,2,42,82
01288,01630,PERON,AIN,RHONE-ALPES,"Commune simple",750.0,2600.0,2.0,"46.1913554154, 5.91968751164","{""type"": ""Polygon"", ""coordinates"": [[[5.950998451671802, 46.163237617143444], [5.922145754172857, 46.16936311905872], [5.890717991448701, 46.18113342454429], [5.875895204709438, 46.18394247604425], [5.866085657754473, 46.18191960069378], [5.863834838389375, 46.18502199180384], [5.879134367820267, 46.19374533315565], [5.904903869803737, 46.22337531721222], [5.934708835141469, 46.21071543591247], [5.940210771201046, 46.20101252358094], [5.964200525089598, 46.1980285126576], [5.963676109845355, 46.196969857319246], [5.954923540633261, 46.17831938497224], [5.957205175279825, 46.16867213679779], [5.952165930662198, 46.16324332468348], [5.950998451671802, 46.163237617143444]]]}",11784,288,12,3,01,82
27671,27210,VANNECROCQ,EURE,HAUTE-NORMANDIE,"Commune simple",130.0,489.0,0.1,"49.3030779386, 0.428281652185","{""type"": ""Polygon"", ""coordinates"": [[[0.441778121283865, 49.30085423278734], [0.434819971632167, 49.29612856354621], [0.431366233071726, 49.286494298105076], [0.426381185386442, 49.28582144187442], [0.420003158040702, 49.29486834710849], [0.412867883899068, 49.30306219639669], [0.413722407342647, 49.30934040387885], [0.412680197807166, 49.31503828815938], [0.421297788847041, 49.31217368138922], [0.445289047272798, 49.31467138036914], [0.441778121283865, 49.30085423278734]]]}",24944,671,06,2,27,23
36142,36250,NIHERNE,INDRE,CENTRE,"Commune simple",141.0,4441.0,1.6,"46.8018622942, 1.55801304217","{""type"": ""Polygon"", ""coordinates"": [[[1.555971308421467, 46.75409294907726], [1.532368486736666, 46.75717091652615], [1.525890604966781, 46.762167124175654], [1.516379330807377, 46.784108340335536], [1.50948526171328, 46.788810099779035], [1.540635205654097, 46.82885170765992], [1.587757016860412, 46.85534796557094], [1.591886549737428, 46.85556065621265], [1.594703099309235, 46.85021896735405], [1.591036613576584, 46.82919189256951], [1.606396483750885, 46.82069792195721], [1.607876522217263, 46.81415099944025], [1.598264607654235, 46.80592046033884], [1.588330433549504, 46.8056458392621], [1.585549051813946, 46.802666909029526], [1.574692003076523, 46.78663831111353], [1.577549728263313, 46.76915815100215], [1.555971308421467, 46.75409294907726]]]}",9175,142,25,2,36,24
45315,45600,SULLY-SUR-LOIRE,LOIRET,CENTRE,"Chef-lieu canton",125.0,4369.0,5.6,"47.7526229305, 2.35647713689","{""type"": ""Polygon"", ""coordinates"": [[[2.39510062016425, 47.71651825994052], [2.370403558592933, 47.7139127259225], [2.337392652229582, 47.722650334353226], [2.336945633457272, 47.732845784327154], [2.320629483179265, 47.75789143603684], [2.301077417867417, 47.76174569534383], [2.284998939892361, 47.77016332012709], [2.298781772361616, 47.78806793021618], [2.323550551769144, 47.788528568847575], [2.339985832917916, 47.78143984194894], [2.354813030881296, 47.76785950284288], [2.388775595415112, 47.77375705265598], [2.41289717118595, 47.76818306982499], [2.415636040609495, 47.76799875397574], [2.39510062016425, 47.71651825994052]]]}",33644,315,31,2,45,24
82031,82210,CASTELMAYRAN,TARN-ET-GARONNE,MIDI-PYRENEES,"Commune simple",95.0,1596.0,1.1,"44.0227123316, 1.04707174068","{""type"": ""Polygon"", ""coordinates"": [[[1.068042990662669, 43.99575376078485], [1.058594675524752, 44.00001572536238], [1.04309811982655, 44.00711274672715], [1.02029625976645, 44.00928622063205], [1.016970597305521, 44.01523985690123], [1.032025820973195, 44.02794461899609], [1.032885387512561, 44.031237114150784], [1.028621360786398, 44.032573828741754], [1.032498520686903, 44.04604893242271], [1.045343195629032, 44.04274993829986], [1.0488289673402, 44.047745719175865], [1.063573197828869, 44.04692721469976], [1.064068284808128, 44.038239237625675], [1.058985506068885, 44.0295515315711], [1.060033491391768, 44.022962090883716], [1.071248766080039, 44.0174706703407], [1.068648172231197, 44.00512715788887], [1.068042990662669, 43.99575376078485]]]}",4231,031,21,1,82,73
68264,68220,RANSPACH-LE-HAUT,HAUT-RHIN,ALSACE,"Commune simple",402.0,443.0,0.6,"47.5802864143, 7.42000987982","{""type"": ""Polygon"", ""coordinates"": [[[7.4149687759665, 47.567732869119986], [7.407416522627644, 47.571128993882425], [7.404932705806191, 47.57719101312139], [7.410128790120988, 47.58976921406988], [7.414564653877637, 47.588780962010034], [7.426130441045503, 47.59406723791162], [7.437915447743134, 47.577283309737844], [7.4149687759665, 47.567732869119986]]]}",28057,264,11,4,68,42
08124,08460,CLAVY-WARBY,ARDENNES,CHAMPAGNE-ARDENNE,"Commune simple",223.0,1184.0,0.4,"49.7451097313, 4.54792951567","{""type"": ""Polygon"", ""coordinates"": [[[4.570203573772051, 49.73731137070535], [4.560260611722446, 49.73500372226673], [4.554292071578099, 49.72566187956745], [4.544940856378454, 49.72357010414328], [4.518278104452286, 49.74346939365394], [4.528014739525592, 49.75141758239484], [4.532513824378019, 49.765020464032354], [4.556857998226745, 49.7612521732962], [4.568626603056503, 49.75055107579468], [4.583951889963956, 49.749633894585365], [4.570203573772051, 49.73731137070535]]]}",35369,124,28,1,08,21
78123,78955,CARRIERES-SOUS-POISSY,YVELINES,ILE-DE-FRANCE,"Commune simple",28.0,724.0,15.0,"48.9455638989, 2.02913706544","{""type"": ""Polygon"", ""coordinates"": [[[2.049002092999002, 48.957097509348024], [2.047268460412285, 48.94662479534304], [2.036390265131146, 48.934639857207415], [2.022226503649573, 48.9300015197011], [2.008405582969258, 48.934717353626134], [2.00356966027465, 48.941323260653284], [2.008322700987479, 48.94192925180972], [2.028235253402299, 48.95906235160968], [2.036007939979965, 48.95895422508815], [2.035319459458853, 48.96146673519714], [2.045555519141095, 48.96184541568554], [2.048854206529895, 48.9592096969921], [2.049002092999002, 48.957097509348024]]]}",30032,123,16,3,78,11
09253,09350,SABARAT,ARIEGE,MIDI-PYRENEES,"Commune simple",352.0,969.0,0.4,"43.0975088252, 1.39998085844","{""type"": ""Polygon"", ""coordinates"": [[[1.414438724345314, 43.0815280954081], [1.394733955187225, 43.085329379841546], [1.372612535241152, 43.09378657324305], [1.38694104021802, 43.10996116295223], [1.402043812602227, 43.11662742805253], [1.405066815820369, 43.11521482901769], [1.404963039608945, 43.114079776889305], [1.404776704970803, 43.11059551117667], [1.425480276788326, 43.09655133292506], [1.414438724345314, 43.0815280954081]]]}",21313,253,08,2,09,73
04102,04340,"LE LAUZET-UBAYE",ALPES-DE-HAUTE-PROVENCE,"PROVENCE-ALPES-COTE D'AZUR","Chef-lieu canton",1575.0,6715.0,0.2,"44.432913878, 6.41942527455","{""type"": ""Polygon"", ""coordinates"": [[[6.412263770297162, 44.36680359071185], [6.387197935327847, 44.397734616568705], [6.386485275964013, 44.40934348178076], [6.399156491877848, 44.41981922941445], [6.404801603050557, 44.429429930074505], [6.401429529736271, 44.4498793428917], [6.366212938370088, 44.46071003094724], [6.333112894571365, 44.4628424958426], [6.32711010181819, 44.463456383906156], [6.329482007128815, 44.46890789419581], [6.337659955142119, 44.47081393114674], [6.340235429485383, 44.47989919652291], [6.356472563934315, 44.47400883961637], [6.385320988447117, 44.48398397267682], [6.408369040896209, 44.48048047840237], [6.409319712492239, 44.473918489482536], [6.415901608371363, 44.469137363805174], [6.438481177042416, 44.47212047988427], [6.445131861213873, 44.4670650655217], [6.458981990752436, 44.464333470220275], [6.46807405846334, 44.45236083057592], [6.481649387187606, 44.45402313197741], [6.481731490835533, 44.44391952496019], [6.468560024640025, 44.43363046187334], [6.464964794897211, 44.42359775314986], [6.455295156989786, 44.41576515252218], [6.454355939209445, 44.412325605808206], [6.466344021029037, 44.4015867650443], [6.462971471175948, 44.39145709519453], [6.436041008697489, 44.383984744112155], [6.412263770297162, 44.36680359071185]]]}",58,102,12,1,04,93
31574,31810,VERNET,HAUTE-GARONNE,MIDI-PYRENEES,"Commune simple",168.0,1067.0,2.1,"43.4279795368, 1.42137431875","{""type"": ""Polygon"", ""coordinates"": [[[1.440498880279895, 43.40653877455686], [1.41406511040236, 43.406451810496016], [1.414898104854744, 43.413401639365595], [1.405417498896482, 43.42546417649181], [1.40262715682623, 43.435699228945445], [1.398994104667447, 43.44467106244823], [1.420683160439055, 43.44638410914151], [1.426032427885997, 43.44903549733329], [1.427407995470487, 43.44660788970572], [1.438288141964702, 43.436165144780105], [1.439623476187933, 43.42335280525172], [1.431556671304913, 43.4162986467514], [1.440498880279895, 43.40653877455686]]]}",34781,574,03,1,31,73
50304,50510,"LE MESNIL-AUBERT",MANCHE,BASSE-NORMANDIE,"Commune simple",64.0,595.0,0.2,"48.9444549365, -1.41515417901","{""type"": ""Polygon"", ""coordinates"": [[[-1.411173958505967, 48.93697280840968], [-1.435524580181753, 48.93507345171173], [-1.446129030477303, 48.94189457470965], [-1.415636381801264, 48.954254021114444], [-1.396283445983435, 48.95035465377769], [-1.381699764631709, 48.95400525933301], [-1.379330629308051, 48.95331736629561], [-1.387891158777836, 48.95007700257249], [-1.389037704188591, 48.94357741928685], [-1.411173958505967, 48.93697280840968]]]}",18580,304,06,3,50,25
85284,85300,SOULLANS,VENDEE,"PAYS DE LA LOIRE","Commune simple",6.0,4138.0,4.1,"46.7951288466, -1.91392699457","{""type"": ""Polygon"", ""coordinates"": [[[-1.876904859800052, 46.7777421102523], [-1.895725159371337, 46.77588549516732], [-1.904086599226388, 46.76366545593404], [-1.913564194351277, 46.76162717042725], [-1.92822831276946, 46.76105247605634], [-1.935090062268845, 46.76562023526591], [-1.947753358679623, 46.78381301152886], [-1.962142407336808, 46.78547446550045], [-1.963075084586602, 46.79536710009989], [-1.967413928633447, 46.79698383497024], [-1.974283778420041, 46.79211237715223], [-1.979097051010843, 46.79288713192889], [-1.979981566730182, 46.802935209306376], [-1.965871700800328, 46.81282956363402], [-1.938843291817308, 46.82206914024995], [-1.919262356282261, 46.81832638456243], [-1.905400125323277, 46.82241038069178], [-1.895455044752862, 46.82172497157946], [-1.875463863089822, 46.80652658451639], [-1.855969186145711, 46.80567455128999], [-1.837727139891183, 46.8005988579739], [-1.838000813054117, 46.79101620384162], [-1.846983392585174, 46.792910649701014], [-1.850447671720228, 46.790527170206715], [-1.864753861990207, 46.79070676477511], [-1.868821400679937, 46.781017104994504], [-1.876904859800052, 46.7777421102523]]]}",11242,284,29,3,85,52
61335,61190,"LA POTERIE-AU-PERCHE",ORNE,BASSE-NORMANDIE,"Commune simple",253.0,784.0,0.2,"48.6271092188, 0.69467143271","{""type"": ""Polygon"", ""coordinates"": [[[0.713963135409716, 48.61444618269978], [0.688989915647107, 48.62523965200886], [0.659063598286124, 48.6135863107144], [0.646060531399913, 48.62086213026719], [0.685596726381213, 48.630141117333956], [0.687844814976426, 48.64347598071625], [0.695326867250413, 48.63977852112859], [0.704329264625198, 48.64101421137927], [0.716601536997121, 48.63702972316515], [0.725055327276309, 48.62933564206985], [0.726101587475629, 48.623065511559034], [0.713963135409716, 48.61444618269978]]]}",11362,335,34,3,61,25
62027,62127,AMBRINES,PAS-DE-CALAIS,NORD-PAS-DE-CALAIS,"Commune simple",129.0,458.0,0.2,"50.3081142295, 2.46698289083","{""type"": ""Polygon"", ""coordinates"": [[[2.457357803398505, 50.29682688481778], [2.449316521027288, 50.304144809585026], [2.446271294030542, 50.30186853526278], [2.444462579602273, 50.30700518884858], [2.449582904390165, 50.308006826559335], [2.461337079985647, 50.319344795544], [2.476771046908978, 50.318522371545285], [2.489444767966994, 50.306319757296826], [2.474343230879893, 50.29981857859771], [2.457357803398505, 50.29682688481778]]]}",17311,027,05,1,62,31
73326,73160,VIMINES,SAVOIE,RHONE-ALPES,"Commune simple",628.0,1410.0,1.7,"45.5387653179, 5.85041519179","{""type"": ""Polygon"", ""coordinates"": [[[5.854508971873459, 45.52306517688961], [5.846822106881056, 45.51440296504017], [5.83982850737761, 45.5184906534312], [5.81567784920873, 45.51944130600254], [5.817732831689289, 45.52154324496722], [5.81872677782208, 45.52218506931247], [5.825687495733198, 45.53175943920043], [5.829930913528629, 45.54934921174768], [5.841202851375586, 45.55509275178739], [5.859351139351508, 45.55359610063471], [5.870574578697155, 45.5590677105479], [5.875173742992899, 45.558463532945616], [5.883422820267957, 45.556765359550596], [5.888568716040444, 45.548442395859006], [5.86828695575826, 45.537906011819615], [5.854508971873459, 45.52306517688961]]]}",33341,326,37,2,73,82
69138,69610,MONTROMANT,RHONE,RHONE-ALPES,"Commune simple",665.0,1119.0,0.4,"45.7109243581, 4.53559681383","{""type"": ""Polygon"", ""coordinates"": [[[4.510511027117467, 45.693426205990875], [4.505743543671224, 45.7161143329802], [4.521161370932929, 45.72881366726573], [4.530969244386771, 45.721223467296745], [4.540430547807828, 45.7220582676233], [4.557914321935242, 45.71644102671061], [4.566278661665932, 45.719414374823494], [4.573580630479815, 45.71213436953347], [4.563578968094824, 45.702150132888704], [4.559498089693811, 45.70375582393854], [4.547707397888171, 45.69858649089023], [4.538531153127222, 45.69769442456044], [4.522200630362819, 45.70350028251291], [4.510511027117467, 45.693426205990875]]]}",22176,138,27,1,69,82
50492,50810,SAINT-JEAN-DES-BAISANTS,MANCHE,BASSE-NORMANDIE,"Commune simple",145.0,1354.0,1.2,"49.0936069017, -0.991213654539","{""type"": ""Polygon"", ""coordinates"": [[[-0.992040681888862, 49.066966249865935], [-1.001596846560153, 49.06899793165666], [-1.0125918040147, 49.0800468146707], [-1.026722127942816, 49.0834001691044], [-1.032378902937062, 49.088810262602905], [-1.028835347966992, 49.091188905982726], [-1.008962797027255, 49.09372632434694], [-1.004960127810128, 49.09585844450443], [-1.005830127264702, 49.10250047180655], [-0.98309020267649, 49.11524778373889], [-0.973635903048515, 49.117325199684736], [-0.959199048082939, 49.11971910279422], [-0.967403411579158, 49.102208953240975], [-0.958612564861953, 49.100743411105015], [-0.962722796931251, 49.09855535702079], [-0.970806078654422, 49.09401226410403], [-0.977968421867703, 49.08088347255616], [-0.990301592500459, 49.074811566438996], [-0.99168547102382, 49.06786935013809], [-0.992040681888862, 49.066966249865935]]]}",11419,492,46,4,50,25
86054,86400,CHAMPNIERS,VIENNE,POITOU-CHARENTES,"Commune simple",141.0,2005.0,0.4,"46.2148195994, 0.327805032659","{""type"": ""Polygon"", ""coordinates"": [[[0.364674594426463, 46.19261389397603], [0.35579981444567, 46.19558826560491], [0.336230540512413, 46.195131336532384], [0.325726495535624, 46.20566064331105], [0.304761963867075, 46.19761509891549], [0.2999832192471, 46.19848378801128], [0.287308697784378, 46.204200799137], [0.30035320355465, 46.23048740202315], [0.305042069931016, 46.23123831454621], [0.30960923669067, 46.23711286347678], [0.338095228143343, 46.235548571669824], [0.351457528293703, 46.231751983467326], [0.353079359687157, 46.218608287270484], [0.368905795315258, 46.201496512259], [0.367894063287148, 46.19500402538279], [0.364674594426463, 46.19261389397603]]]}",32374,054,05,2,86,54
14092,14540,BOURGUEBUS,CALVADOS,BASSE-NORMANDIE,"Chef-lieu canton",55.0,553.0,1.4,"49.1159775311, -0.289489702409","{""type"": ""Polygon"", ""coordinates"": [[[-0.275501796435894, 49.103122766779485], [-0.282120257692181, 49.10396809061649], [-0.319007711570639, 49.119666280002384], [-0.303012576574165, 49.13156223176784], [-0.305615999522209, 49.125299534120295], [-0.267771272551061, 49.11984590776471], [-0.262830522146433, 49.117586442569895], [-0.275501796435894, 49.103122766779485]]]}",14573,092,06,2,14,25
25311,25250,HYEMONDANS,DOUBS,FRANCHE-COMTE,"Commune simple",506.0,688.0,0.2,"47.3809106703, 6.63896940193","{""type"": ""Polygon"", ""coordinates"": [[[6.63704367605321, 47.358886081190256], [6.620714232283687, 47.360207417432306], [6.621781223745976, 47.38012584376839], [6.638291055876786, 47.38801781772858], [6.635686667625738, 47.39793999696826], [6.640214671631077, 47.40305200271938], [6.652796174024321, 47.40361248672158], [6.648946723250162, 47.39756945343892], [6.661694220795896, 47.38853525012939], [6.65796681398527, 47.38233543117085], [6.635519142489188, 47.37063100693941], [6.640053528477631, 47.36512702295057], [6.63704367605321, 47.358886081190256]]]}",32438,311,10,2,25,43
57319,57580,HERNY,MOSELLE,LORRAINE,"Commune simple",249.0,975.0,0.5,"49.003612296, 6.48054105293","{""type"": ""Polygon"", ""coordinates"": [[[6.502288754229845, 48.98696647270231], [6.49843599714792, 48.98479270308259], [6.4555983060684, 48.98985130263492], [6.451933259231422, 48.99849849978841], [6.45750694667205, 49.001263153981135], [6.479070070990402, 49.01029735240936], [6.473261734943889, 49.026756689982605], [6.474367909538907, 49.03346602101719], [6.481597128377782, 49.03777475130493], [6.488472897922371, 49.03192278966585], [6.490255548807839, 49.02260936465165], [6.482793009120646, 49.01398760251215], [6.497090417535471, 49.00096157917139], [6.502121529707647, 49.00050874507942], [6.506548291309983, 48.990298355593964], [6.502288754229845, 48.98696647270231]]]}",26437,319,09,1,57,41
71050,71520,BOURGVILAIN,SAONE-ET-LOIRE,BOURGOGNE,"Commune simple",405.0,1181.0,0.3,"46.3647474088, 4.63745643185","{""type"": ""Polygon"", ""coordinates"": [[[4.650345805424439, 46.34635169302378], [4.640568003919254, 46.347735732979814], [4.624540489986558, 46.35547674312594], [4.605711432487942, 46.35834634040177], [4.606813545337077, 46.364419243042846], [4.612789109077494, 46.368964265100544], [4.616416115324427, 46.375019366596206], [4.63698732985455, 46.382786907297366], [4.649772085057431, 46.37819850010401], [4.659340612008803, 46.37832090759161], [4.66233797103233, 46.3754671892965], [4.656976662781576, 46.35486589781122], [4.659642905238909, 46.35185491597701], [4.657832843504462, 46.346639359428195], [4.650345805424439, 46.34635169302378]]]}",30886,050,50,5,71,26
63233,63700,MONTAIGUT,PUY-DE-DOME,AUVERGNE,"Chef-lieu canton",615.0,820.0,1.0,"46.1800902439, 2.80149714867","{""type"": ""Polygon"", ""coordinates"": [[[2.808839873625991, 46.16526947317638], [2.792937117898698, 46.162044874864655], [2.783933317327136, 46.167890296324785], [2.782560155321129, 46.17753191133866], [2.795254246513088, 46.18704662533202], [2.791523191637702, 46.19310012412172], [2.782271946125349, 46.194622618568665], [2.786768805337645, 46.198647312277096], [2.810404786971928, 46.196212839908966], [2.82204296764541, 46.18622724629998], [2.818302700588466, 46.184231254163265], [2.818680560936666, 46.171895181334506], [2.808839873625991, 46.16526947317638]]]}",19478,233,26,4,63,83
54201,54122,FONTENOY-LA-JOUTE,MEURTHE-ET-MOSELLE,LORRAINE,"Commune simple",307.0,1113.0,0.3,"48.4492444301, 6.65552222431","{""type"": ""Polygon"", ""coordinates"": [[[6.679525084015453, 48.42170684170425], [6.669410236889405, 48.42605512673908], [6.644797880308951, 48.42861553868181], [6.647618535884523, 48.43513019235496], [6.636455721003746, 48.45021564871645], [6.638709038602791, 48.46045817569162], [6.635383314348717, 48.470502425612345], [6.65056598634852, 48.47518758642128], [6.654782033931894, 48.475436059292626], [6.671405609398848, 48.454983878439556], [6.670108945908946, 48.44476617572777], [6.679525084015453, 48.42170684170425]]]}",29701,201,03,2,54,41
21489,21440,POISEUL-LA-GRANGE,COTE-D'OR,BOURGOGNE,"Commune simple",451.0,2312.0,0.1,"47.5770887187, 4.79359106349","{""type"": ""Polygon"", ""coordinates"": [[[4.801495821193049, 47.543590483374196], [4.78124741110318, 47.54689079661698], [4.785580955415817, 47.55281196627749], [4.782450311815268, 47.55903635998199], [4.76062926772889, 47.564877979105674], [4.756576425178673, 47.57432074861181], [4.760479009985024, 47.58696583581786], [4.756750982748874, 47.59257713316607], [4.790314783351846, 47.60082747700905], [4.81032639135331, 47.59859207453676], [4.830382652535712, 47.60003497791207], [4.833429509474415, 47.59727707944457], [4.825024218805535, 47.58113028515849], [4.828923881079752, 47.57143529030292], [4.818857802414927, 47.57042218807961], [4.806732312345887, 47.56436207184651], [4.811774979452035, 47.55497402307507], [4.808251191867825, 47.54870809304429], [4.801495821193049, 47.543590483374196]]]}",9833,489,30,2,21,26
54491,54560,SANCY,MEURTHE-ET-MOSELLE,LORRAINE,"Commune simple",309.0,1338.0,0.3,"49.3519271584, 5.92745145012","{""type"": ""Polygon"", ""coordinates"": [[[5.911490075737239, 49.33160985510546], [5.896338377684741, 49.34684294614081], [5.897023055796435, 49.357314580605845], [5.914269798244699, 49.365705832248565], [5.918960906664863, 49.37193397306469], [5.924768350019525, 49.3730528564402], [5.933406338011855, 49.36944346545497], [5.941007253971193, 49.3607135299336], [5.956123967212046, 49.36159497798842], [5.963581566144221, 49.346624264549895], [5.978376495243907, 49.34485713145079], [5.962819442971302, 49.34486190204084], [5.943394247918525, 49.34029048321144], [5.922429354345687, 49.33787612498587], [5.915228463367816, 49.33297688725587], [5.911490075737239, 49.33160985510546]]]}",15491,491,02,1,54,41
45229,45290,NOGENT-SUR-VERNISSON,LOIRET,CENTRE,"Commune simple",129.0,3345.0,2.6,"47.8386989042, 2.72939898012","{""type"": ""Polygon"", ""coordinates"": [[[2.712365420460459, 47.801414501379696], [2.689456797572277, 47.81492836280322], [2.669740835782925, 47.81822254398825], [2.673421390754019, 47.82816001367131], [2.677967044299119, 47.83012560979668], [2.695049451231773, 47.83694833835834], [2.7083622734844, 47.84690923309379], [2.71057870895531, 47.84991172142857], [2.70052340878651, 47.857122461234496], [2.71482423180346, 47.866050018761335], [2.729226137946995, 47.863960158063755], [2.732597689474625, 47.866370862775355], [2.77628376298423, 47.865454293540104], [2.7838265993883, 47.862273471207416], [2.780238387954106, 47.84061291470189], [2.749124416537544, 47.83051543551444], [2.73972848998541, 47.81135168521739], [2.72579511097176, 47.813524963741024], [2.714617544843581, 47.80741415554423], [2.712365420460459, 47.801414501379696]]]}",17559,229,08,1,45,24
68326,68780,STERNENBERG,HAUT-RHIN,ALSACE,"Commune simple",338.0,342.0,0.2,"47.6949071937, 7.09088157788","{""type"": ""Polygon"", ""coordinates"": [[[7.104379973468848, 47.68666342882786], [7.079451360202415, 47.687770828762396], [7.078137952583461, 47.69467537807624], [7.079760089497953, 47.700341834744755], [7.075871785015804, 47.705533619096514], [7.102086460382421, 47.69986672495455], [7.107036343023917, 47.69445638477937], [7.102400206029473, 47.68955399964967], [7.104379973468848, 47.68666342882786]]]}",20156,326,05,1,68,42
50640,50240,VILLIERS-LE-PRE,MANCHE,BASSE-NORMANDIE,"Commune simple",72.0,799.0,0.2,"48.5328566587, -1.38845596888","{""type"": ""Polygon"", ""coordinates"": [[[-1.376945877811414, 48.51622892168358], [-1.389268013952815, 48.52604507384808], [-1.416274628127954, 48.53297242033694], [-1.412366816155002, 48.53924427265163], [-1.419265566872436, 48.55202484254446], [-1.398815978349393, 48.549459176259774], [-1.390378543370625, 48.5371939629658], [-1.365291641132575, 48.5335868228598], [-1.356841406285896, 48.52577060083225], [-1.357374844917441, 48.519300248445326], [-1.376945877811414, 48.51622892168358]]]}",16938,640,33,1,50,25
16421,16220,VOUTHON,CHARENTE,POITOU-CHARENTES,"Commune simple",121.0,1042.0,0.3,"45.660500114, 0.447401075403","{""type"": ""Polygon"", ""coordinates"": [[[0.453123464081088, 45.63898247590657], [0.440518199478054, 45.63993978281332], [0.428386148663376, 45.64507794279076], [0.428195734522634, 45.65498414539898], [0.434602934728173, 45.67363603940261], [0.441339594366977, 45.677753534766524], [0.449580980641987, 45.679364004665516], [0.471267065858189, 45.6770421229299], [0.467856653182661, 45.67461401303167], [0.464706399532132, 45.6544520059649], [0.455646923314667, 45.65226549317511], [0.453735593414155, 45.64913201118295], [0.453123464081088, 45.63898247590657]]]}",17785,421,19,1,16,54
83030,83170,CAMPS-LA-SOURCE,VAR,"PROVENCE-ALPES-COTE D'AZUR","Commune simple",360.0,2278.0,1.7,"43.372512011, 6.12128418794","{""type"": ""Polygon"", ""coordinates"": [[[6.101366133867592, 43.352139716616016], [6.102292615051988, 43.35559729848146], [6.093581568811111, 43.35857470662507], [6.090532552773823, 43.36521604172373], [6.073846533684753, 43.37164242261775], [6.07733982683872, 43.388973017992704], [6.143810495998333, 43.382947810602516], [6.157242196527769, 43.384996656202375], [6.178194024304186, 43.379683462020814], [6.175236941315161, 43.370829848579476], [6.157282482231373, 43.36772699094824], [6.147480423500083, 43.36044089327646], [6.138353040721078, 43.35892347572737], [6.110311300497368, 43.352837149981596], [6.101366133867592, 43.352139716616016]]]}",36577,030,05,3,83,93
01024,01340,ATTIGNAT,AIN,RHONE-ALPES,"Commune simple",217.0,1894.0,2.9,"46.2861802203, 5.1795233845","{""type"": ""Polygon"", ""coordinates"": [[[5.16258508406319, 46.256134979101894], [5.158561309253622, 46.25783283743167], [5.157259289085045, 46.270604049421024], [5.15099067122702, 46.27537085923925], [5.144960330048899, 46.28724019430979], [5.144476901324179, 46.29678885543598], [5.148039217224307, 46.29881159972578], [5.151030922383683, 46.30152062157373], [5.160793890022203, 46.301245746411624], [5.179523443928306, 46.297348670813676], [5.220203439267755, 46.31500290723193], [5.215361448623936, 46.302341431458146], [5.21726770296012, 46.292611404521864], [5.215346761378641, 46.28592859371535], [5.200808559633789, 46.28435481280466], [5.198802299980567, 46.27775448537166], [5.190524870653618, 46.27413959577863], [5.182776581274696, 46.26552342461067], [5.16258508406319, 46.256134979101894]]]}",10680,024,21,2,01,82
14458,14220,"LES MOUTIERS-EN-CINGLAIS",CALVADOS,BASSE-NORMANDIE,"Commune simple",135.0,625.0,0.4,"49.0231039076, -0.437703643826","{""type"": ""Polygon"", ""coordinates"": [[[-0.42469004441392, 49.011439120182914], [-0.439156492437824, 49.01129527274718], [-0.45160053407254, 49.02168443986101], [-0.465379493302394, 49.0257515133578], [-0.465013091377376, 49.02764318913011], [-0.466343526765005, 49.03198797704132], [-0.42090913481012, 49.03192362589448], [-0.416507757282876, 49.01434552523614], [-0.419666624901739, 49.01223944850068], [-0.42469004441392, 49.011439120182914]]]}",12914,458,07,2,14,25
56033,56910,CARENTOIR,MORBIHAN,BRETAGNE,"Commune simple",53.0,5914.0,2.8,"47.8204086772, -2.14646724944","{""type"": ""Polygon"", ""coordinates"": [[[-2.125479640207694, 47.781030299295395], [-2.135395498561618, 47.78089308303896], [-2.147682049628375, 47.78727099316989], [-2.157688414604225, 47.78874244444436], [-2.188294843043045, 47.78597314459876], [-2.200183185067513, 47.77944714899972], [-2.209206298565249, 47.78685691757845], [-2.205681741650773, 47.79295786268583], [-2.192198891398584, 47.79716480076177], [-2.187632858482291, 47.810175173748625], [-2.19406102989616, 47.814021093404556], [-2.19703239317465, 47.820302167205114], [-2.193083111044694, 47.82990285017437], [-2.207262564820009, 47.83981706474391], [-2.209785115255696, 47.853234234774504], [-2.201050161955409, 47.85626507148351], [-2.157088193096512, 47.85426709138363], [-2.109451347899304, 47.84884167162271], [-2.096489619658025, 47.84376058074696], [-2.093580432058231, 47.8299170752616], [-2.080315549219171, 47.82454095842969], [-2.078879365998859, 47.81456541042571], [-2.070463587944148, 47.81140390317734], [-2.072141646758604, 47.798551621495285], [-2.11075324700918, 47.80378039110132], [-2.114758887872876, 47.79421652025783], [-2.128538902639272, 47.790961738455955], [-2.125479640207694, 47.781030299295395]]]}",6707,033,08,3,56,53
31498,31350,SAINT-LOUP-EN-COMMINGES,HAUTE-GARONNE,MIDI-PYRENEES,"Commune simple",386.0,475.0,0.0,"43.2423391988, 0.573273733666","{""type"": ""Polygon"", ""coordinates"": [[[0.572840912760668, 43.233109036242794], [0.550957076520402, 43.23600764029957], [0.566776156572297, 43.25230350828472], [0.576011687241991, 43.25315017018558], [0.580753362424951, 43.248711726279204], [0.589225927886379, 43.24836123507875], [0.595282582242531, 43.24039677834703], [0.572840912760668, 43.233109036242794]]]}",28100,498,06,2,31,73
02449,02470,MACOGNY,AISNE,PICARDIE,"Commune simple",141.0,618.0,0.1,"49.1590429097, 3.21784708642","{""type"": ""Polygon"", ""coordinates"": [[[3.20735658184688, 49.135711548764114], [3.198532938121871, 49.13587927384178], [3.202529051602944, 49.14161776159222], [3.201180285973016, 49.15424304733164], [3.204784079019181, 49.160872087342845], [3.206982026960729, 49.16886097913724], [3.211706545740676, 49.16744124489842], [3.219652882725756, 49.17575226259839], [3.224688993967673, 49.17655211860442], [3.236921969193053, 49.17074775980511], [3.239322838257436, 49.15917208812605], [3.211580211703344, 49.149945634067734], [3.210606857201997, 49.13640719194685], [3.20735658184688, 49.135711548764114]]]}",32470,449,22,1,02,22
32312,32550,PESSAN,GERS,MIDI-PYRENEES,"Commune simple",224.0,2669.0,0.7,"43.6087293249, 0.664949028866","{""type"": ""Polygon"", ""coordinates"": [[[0.674590749084694, 43.57284049792115], [0.664497219750417, 43.5765754686349], [0.656023464309985, 43.586699576190725], [0.634944963368256, 43.59064435478197], [0.636104845888765, 43.60397405309609], [0.623309470000254, 43.625182163664896], [0.640747513621811, 43.62843373578508], [0.641368182986255, 43.63503656201456], [0.654175894316842, 43.63189306103947], [0.677548578758434, 43.632836119658734], [0.704599136085474, 43.62767675681416], [0.711039064157978, 43.61629059760293], [0.683117895514275, 43.62014560254834], [0.682087223409338, 43.61682902460921], [0.693522193014821, 43.610690255934664], [0.694498322071295, 43.59688467336077], [0.689974375543569, 43.587121008084026], [0.677795893852794, 43.582972655355796], [0.674590749084694, 43.57284049792115]]]}",4382,312,03,1,32,73
23141,23800,NAILLAT,CREUSE,LIMOUSIN,"Commune simple",387.0,3656.0,0.7,"46.258586675, 1.65007660909","{""type"": ""Polygon"", ""coordinates"": [[[1.650314756946532, 46.22656386983185], [1.638083693623342, 46.22215818846251], [1.620143850095586, 46.223500055958255], [1.623572220098002, 46.23320522351305], [1.616575852370891, 46.249700753441566], [1.60282947289029, 46.25269400396317], [1.589605336757579, 46.262572839763486], [1.596214568960343, 46.27777594606945], [1.60464293114638, 46.27425905730612], [1.639013018481881, 46.276170087814464], [1.64863773920441, 46.2872000983164], [1.660322642633039, 46.290661383379316], [1.666446115762976, 46.28088062907691], [1.676310271096817, 46.28012213250028], [1.689302797624328, 46.275634323076865], [1.702641887879186, 46.277804429480106], [1.709293816182879, 46.26891006929398], [1.714264538332655, 46.2690383608451], [1.706936367605308, 46.254906018240526], [1.697877380850281, 46.253136630081485], [1.695901027599234, 46.24671972569778], [1.681133522696803, 46.247053882786645], [1.673226415625939, 46.25087060675147], [1.66366504043693, 46.249542921118326], [1.662603496973058, 46.2361293850299], [1.654162828254609, 46.23261654121424], [1.650314756946532, 46.22656386983185]]]}",1932,141,14,2,23,74
61325,61360,"LA PERRIERE",ORNE,BASSE-NORMANDIE,"Commune simple",176.0,1615.0,0.3,"48.3977372341, 0.441431665682","{""type"": ""Polygon"", ""coordinates"": [[[0.440704668438897, 48.38006080311037], [0.419119414000499, 48.38816207108309], [0.400993944496222, 48.383013114539345], [0.390455182398513, 48.39414152356022], [0.402791986888955, 48.40050651475681], [0.427782435023234, 48.4047329804954], [0.433808187793377, 48.41034536951922], [0.440878106277061, 48.41342358903605], [0.444522472561675, 48.425230743182574], [0.441936269956495, 48.42779432450873], [0.450034044890715, 48.425916445898814], [0.448558689002925, 48.42287833401894], [0.463284314438532, 48.41338299769723], [0.467934962836162, 48.400205644792905], [0.488696587842425, 48.39853202615168], [0.492837364291144, 48.390500610793715], [0.468056428657292, 48.390387853729294], [0.463677508481966, 48.38450636218356], [0.453938716434927, 48.3832983667514], [0.440704668438897, 48.38006080311037]]]}",5187,325,28,3,61,25
31451,31250,REVEL,HAUTE-GARONNE,MIDI-PYRENEES,"Chef-lieu canton",225.0,3565.0,9.3,"43.4656037799, 1.99689394052","{""type"": ""Polygon"", ""coordinates"": [[[1.963751633741934, 43.42275144124625], [1.958169759457131, 43.42561302412033], [1.94889412681426, 43.4448048055367], [1.962898818854647, 43.445416602629926], [1.973193581177019, 43.45671645835871], [1.971407379708337, 43.466812734832494], [1.96412623772826, 43.471206203584536], [1.95173228648888, 43.48625712881759], [1.952508589072004, 43.490448570958606], [1.956076320696889, 43.4940640735949], [1.977297771822419, 43.486384277305845], [1.987313688847212, 43.479010237307314], [2.009821841213415, 43.48141352912218], [2.012578101649166, 43.48424591383818], [2.015073622893818, 43.48716584022806], [2.012442427773566, 43.507251750421574], [2.01630488616069, 43.50909539283544], [2.024925010633813, 43.50669883550841], [2.034974043742845, 43.50013939616657], [2.038938025115996, 43.50183916135751], [2.042519500288481, 43.51093152666559], [2.048094241301064, 43.49829384276917], [2.04377625963312, 43.49038293637527], [2.048289826211403, 43.485734899141555], [2.039182662930552, 43.47759278302238], [2.025095819627009, 43.47549657729206], [2.019332147317435, 43.470064080543956], [2.014915464603937, 43.44951886433678], [2.022371477451035, 43.446068413553085], [2.02913283879736, 43.4368979648421], [1.986209938450612, 43.43579407467327], [1.963751633741934, 43.42275144124625]]]}",5308,451,25,3,31,73
01277,01230,NIVOLLET-MONTGRIFFON,AIN,RHONE-ALPES,"Commune simple",673.0,844.0,0.1,"45.9999448244, 5.45847815374","{""type"": ""Polygon"", ""coordinates"": [[[5.466579809531528, 45.99188120083206], [5.43456793147472, 45.980294345195624], [5.430022879470879, 45.97950007093661], [5.430089291292173, 45.98275997279625], [5.434437253780956, 45.98435129777951], [5.440782255342316, 45.99716096784304], [5.444377108732884, 46.01726413298952], [5.45046104569609, 46.01188932645619], [5.459464879233781, 46.009676135282106], [5.480743685626551, 46.017626912458546], [5.48264529319469, 46.020792596850356], [5.483286800651031, 46.02067943611592], [5.47987791820757, 45.99814059280251], [5.472857245976945, 45.98977125715797], [5.466579809531528, 45.99188120083206]]]}",22521,277,28,1,01,82
66054,66500,CONAT,PYRENEES-ORIENTALES,LANGUEDOC-ROUSSILLON,"Commune simple",903.0,1923.0,0.1,"42.6169400651, 2.33899950618","{""type"": ""Polygon"", ""coordinates"": [[[2.332639069983512, 42.597009264071836], [2.305898244678461, 42.60060595152133], [2.308354358314239, 42.606942214276884], [2.302777687657029, 42.61936697599257], [2.307476564557039, 42.62449523549385], [2.320643671369492, 42.62497529814634], [2.327859654782682, 42.62844636304125], [2.328495392160718, 42.6440763511706], [2.342535960038559, 42.64310266218289], [2.353352234385048, 42.63633559905933], [2.380703242123297, 42.60635196056869], [2.332639069983512, 42.597009264071836]]]}",20194,054,10,3,66,91
67265,67340,LICHTENBERG,BAS-RHIN,ALSACE,"Commune simple",274.0,1227.0,0.6,"48.9218797672, 7.48346810796","{""type"": ""Polygon"", ""coordinates"": [[[7.486630486320299, 48.90343627446035], [7.471569974929933, 48.904504474095496], [7.454137235702148, 48.8978228500156], [7.445635655094038, 48.90112943159065], [7.462389725546146, 48.91280052348653], [7.45948084668061, 48.925248624562236], [7.466805863166718, 48.92920881590579], [7.470031127144146, 48.92665652345626], [7.489045992807008, 48.93711381264674], [7.487019386004498, 48.950060827602194], [7.513190723980046, 48.9432497568553], [7.503254705459743, 48.931157888140966], [7.513328999122078, 48.92359064280866], [7.495610855834341, 48.917069610302846], [7.493367846788322, 48.914046323620106], [7.498880857759138, 48.9084257648657], [7.486630486320299, 48.90343627446035]]]}",7577,265,17,4,67,42
2B296,20220,SANT'ANTONINO,HAUTE-CORSE,CORSE,"Commune simple",316.0,415.0,0.1,"42.5845277906, 8.90827098079","{""type"": ""Polygon"", ""coordinates"": [[[8.89848305745671, 42.57422770116252], [8.894554029005526, 42.59458473256139], [8.908962097544007, 42.59456290979253], [8.916885113921778, 42.598324912658654], [8.915466785530771, 42.58856779276449], [8.924742679767105, 42.58116519451485], [8.918838945077985, 42.574569277917725], [8.89848305745671, 42.57422770116252]]]}",19348,296,20,5,2B,94
18100,18310,GENOUILLY,CHER,CENTRE,"Commune simple",137.0,3456.0,0.7,"47.1905784621, 1.88477464044","{""type"": ""Polygon"", ""coordinates"": [[[1.893717796782401, 47.15986012594352], [1.881444972502487, 47.16603583502432], [1.87130138133058, 47.16561325124561], [1.856944190070824, 47.17525051730181], [1.842237127036266, 47.177580449211774], [1.837443785305734, 47.19836715926134], [1.839079242052952, 47.21930815771656], [1.853087871030428, 47.22052807727617], [1.875333302590029, 47.20707859042346], [1.902768822670793, 47.215156765385416], [1.908321335685768, 47.22089044934562], [1.92584989995257, 47.208737394362345], [1.925829040905149, 47.20184046500841], [1.93205474922192, 47.19634281036952], [1.922751148352686, 47.188630599478635], [1.922684922341757, 47.174782358110484], [1.933459626341965, 47.16744506479492], [1.930265554879493, 47.16474149855152], [1.893717796782401, 47.15986012594352]]]}",23080,100,13,3,18,24
72043,72610,BOURG-LE-ROI,SARTHE,"PAYS DE LA LOIRE","Commune simple",111.0,37.0,0.3,"48.3460739531, 0.132093521683","{""type"": ""Polygon"", ""coordinates"": [[[0.129786670204539, 48.350402534694375], [0.137591245813235, 48.3432451012988], [0.128902649032187, 48.34457422320282], [0.129786670204539, 48.350402534694375]]]}",11512,043,29,2,72,52
27347,27930,HUEST,EURE,HAUTE-NORMANDIE,"Commune simple",132.0,651.0,0.7,"49.0369994127, 1.20781487064","{""type"": ""Polygon"", ""coordinates"": [[[1.212910225679003, 49.01565559276862], [1.213688605512066, 49.02562369621652], [1.185649565574055, 49.03858646371577], [1.187639635748818, 49.05015582609673], [1.194280830437557, 49.05355662164013], [1.230245507296987, 49.0390271323234], [1.222622345298509, 49.030334267560114], [1.223289662638164, 49.020027934895325], [1.22243079961466, 49.01635460389583], [1.212910225679003, 49.01565559276862]]]}",20112,347,37,3,27,23
61093,61800,CHANU,ORNE,BASSE-NORMANDIE,"Commune simple",276.0,1568.0,1.3,"48.7224631427, -0.672912176288","{""type"": ""Polygon"", ""coordinates"": [[[-0.64735099100532, 48.70499153284615], [-0.656607312898093, 48.706238670422465], [-0.663692907445318, 48.710667234066904], [-0.683294593057199, 48.71061254785222], [-0.694887105383728, 48.70485131299522], [-0.709691271585286, 48.70603934802296], [-0.706065984255805, 48.72550220641804], [-0.694941281360787, 48.736382132428396], [-0.674559113449237, 48.735544077432365], [-0.663986562309786, 48.74316238607709], [-0.654086743818613, 48.74468150827293], [-0.636874076398745, 48.71863737556253], [-0.64735099100532, 48.70499153284615]]]}",23311,093,33,2,61,25
60257,60240,FRESNE-LEGUILLON,OISE,PICARDIE,"Commune simple",97.0,743.0,0.5,"49.2509113423, 1.98912391608","{""type"": ""Polygon"", ""coordinates"": [[[1.992421012930508, 49.22785041313572], [1.983410700358421, 49.23019328173189], [1.983575559547883, 49.23717145245461], [1.984086006407666, 49.24403560668417], [1.972208511699249, 49.25090267229395], [1.970733646505278, 49.268412534348776], [1.981425809250347, 49.26823355708638], [1.988524395284647, 49.26353735529059], [2.003060180251071, 49.26202209076816], [2.003533035139537, 49.25246015754328], [2.01082979729258, 49.24795304005053], [2.003742380348339, 49.23946154473203], [1.993900699916866, 49.23787839837632], [1.992421012930508, 49.22785041313572]]]}",12413,257,07,1,60,22
31457,31360,ROQUEFORT-SUR-GARONNE,HAUTE-GARONNE,MIDI-PYRENEES,"Commune simple",351.0,1376.0,0.8,"43.1598351922, 0.986755873381","{""type"": ""Polygon"", ""coordinates"": [[[0.978954096109589, 43.13890828787124], [0.977725347635047, 43.14874649598005], [0.971294536504606, 43.15306148539712], [0.959041740391823, 43.144021627148746], [0.952922780667783, 43.15060882040943], [0.961427032242183, 43.1607033246026], [0.96928109400111, 43.16384772700397], [0.976997046176265, 43.17903689093416], [0.991819790974785, 43.18200416858638], [1.005739625512044, 43.17555012850357], [1.010778543443423, 43.16059922473633], [1.014651064993349, 43.15914101133196], [1.003533134778086, 43.14725701635579], [1.001751550520247, 43.141564630435546], [0.978954096109589, 43.13890828787124]]]}",31825,457,32,2,31,73
88530,88220,XERTIGNY,VOSGES,LORRAINE,"Chef-lieu canton",480.0,5046.0,2.8,"48.0387121214, 6.38237551394","{""type"": ""Polygon"", ""coordinates"": [[[6.38681091509922, 47.98122160285981], [6.377757148224489, 47.993038654028304], [6.377785741985365, 48.00632367219022], [6.373539182867018, 48.000554794231725], [6.368766219981001, 48.00147527247942], [6.366758953482662, 48.01170195465941], [6.337649840377243, 48.05993519389499], [6.304714250262695, 48.070393375177204], [6.279921853786492, 48.06563767382365], [6.291510397202239, 48.07221326892677], [6.298186652684161, 48.08100595609598], [6.327393087615673, 48.0812111463534], [6.344165590422143, 48.07395399551172], [6.368430569042875, 48.0706863919083], [6.405769922724247, 48.05805611162771], [6.426359960660614, 48.05566613182009], [6.458346358148713, 48.04369652742066], [6.457531967151652, 48.04007242045503], [6.432902395853493, 48.0272914090017], [6.420215728013853, 48.016320580206056], [6.406815244537523, 48.01107085377582], [6.406824822383564, 47.99390232825943], [6.400627021994552, 47.98327273692426], [6.38681091509922, 47.98122160285981]]]}",829,530,29,1,88,41
71452,71220,SAINT-MARTIN-DE-SALENCEY,SAONE-ET-LOIRE,BOURGOGNE,"Commune simple",333.0,1589.0,0.1,"46.5186534954, 4.49326886947","{""type"": ""Polygon"", ""coordinates"": [[[4.480082477691571, 46.497363333144015], [4.468694295998772, 46.50208527330087], [4.461417889856357, 46.50991468970684], [4.470601164536506, 46.52200914574895], [4.467259390105641, 46.53502972085434], [4.471249266052959, 46.54118361687864], [4.507294165407053, 46.52971803394971], [4.517212339197024, 46.52834407662216], [4.526221103931311, 46.53132234681707], [4.53393775837189, 46.52869741452581], [4.532288767827613, 46.52017267248896], [4.522485892292872, 46.51253127678228], [4.512487989562422, 46.51139407894888], [4.503601515300589, 46.50324364817638], [4.480082477691571, 46.497363333144015]]]}",22182,452,21,3,71,26
45255,45490,PREFONTAINES,LOIRET,CENTRE,"Commune simple",93.0,1168.0,0.5,"48.1067340084, 2.69095308156","{""type"": ""Polygon"", ""coordinates"": [[[2.715014695602357, 48.08986268598587], [2.701775728885341, 48.08670739549505], [2.687423381334858, 48.08814598474271], [2.662899756305722, 48.104806841484915], [2.671130360844589, 48.11211891631881], [2.667569557907819, 48.12066651110738], [2.675484491060204, 48.12516979186548], [2.706547069604473, 48.12481924580505], [2.715014695602357, 48.08986268598587]]]}",32068,255,12,1,45,24
33068,33113,BOURIDEYS,GIRONDE,AQUITAINE,"Commune simple",83.0,4868.0,0.1,"44.3577116761, -0.47241853929","{""type"": ""Polygon"", ""coordinates"": [[[-0.431839541315178, 44.32257705443086], [-0.479411014516805, 44.32509107145535], [-0.51763546977006, 44.33911112646833], [-0.528103107297291, 44.364654043262846], [-0.525995455950636, 44.37477747158044], [-0.517857038913555, 44.37845301733974], [-0.476549094829996, 44.38787535846032], [-0.462028566033291, 44.388369170458475], [-0.458726192057533, 44.3947802694194], [-0.436397798871919, 44.39751601266098], [-0.432748644538261, 44.3953683089054], [-0.437140008913387, 44.37704859782488], [-0.434471216898219, 44.37447393273802], [-0.426465309101869, 44.358640520566915], [-0.431663892310747, 44.3455760350794], [-0.427693296089557, 44.32872505923946], [-0.431839541315178, 44.32257705443086]]]}",32234,068,50,3,33,72
89133,89116,CUDOT,YONNE,BOURGOGNE,"Commune simple",176.0,1900.0,0.4,"47.9826568926, 3.17485666428","{""type"": ""Polygon"", ""coordinates"": [[[3.185058364887659, 47.959927596385], [3.165619455241768, 47.956329846100004], [3.160543555014597, 47.96575920202798], [3.136738577627885, 47.968309102871224], [3.13845806856242, 47.98532467600662], [3.142884947379797, 47.991519821681464], [3.152586592469615, 47.989932781433986], [3.162057582330183, 47.992016922875614], [3.166018357184709, 47.99816682165944], [3.183296917927194, 48.00463853752803], [3.198053224312307, 48.00614447248486], [3.216905917264089, 47.99912790776933], [3.206748262661502, 47.986880317287266], [3.198541412595837, 47.982538832909995], [3.185058364887659, 47.959927596385]]]}",6777,133,26,3,89,26
03010,03190,AUDES,ALLIER,AUVERGNE,"Commune simple",240.0,2818.0,0.5,"46.4607707399, 2.55904786289","{""type"": ""Polygon"", ""coordinates"": [[[2.558806838549232, 46.43846627124338], [2.520842965988704, 46.435017573656296], [2.515933196970781, 46.4408499615808], [2.506317288833872, 46.439737237928206], [2.506330446937127, 46.449804610614436], [2.519211188407839, 46.45466807547964], [2.520166774039419, 46.46453226591349], [2.533067773125788, 46.478236833231485], [2.54744173536151, 46.478618817852976], [2.595766562703673, 46.48667900031125], [2.610154241724563, 46.478210586157886], [2.604027769684771, 46.47285877439083], [2.607160074437561, 46.4595877103751], [2.59332869451417, 46.44996733994133], [2.595020058187291, 46.44675867320354], [2.585559872452474, 46.448813833280646], [2.565955198856416, 46.446958094873985], [2.558806838549232, 46.43846627124338]]]}",13401,010,12,1,03,83
77345,77750,ORLY-SUR-MORIN,SEINE-ET-MARNE,ILE-DE-FRANCE,"Commune simple",115.0,590.0,0.7,"48.9011406989, 3.22658496593","{""type"": ""Polygon"", ""coordinates"": [[[3.239815274264353, 48.89544108453154], [3.235819249747731, 48.889468703602134], [3.216602291933175, 48.89233779035611], [3.208451849315562, 48.89023891032936], [3.207249913977214, 48.90006127142502], [3.211404891371329, 48.90883103160836], [3.219280953814401, 48.91308845270027], [3.239605278349213, 48.909083700201556], [3.252405398956277, 48.90413832646504], [3.239815274264353, 48.89544108453154]]]}",16710,345,26,3,77,11
33219,33240,"LA LANDE-DE-FRONSAC",GIRONDE,AQUITAINE,"Commune simple",31.0,851.0,2.2,"44.9839394849, -0.380437424573","{""type"": ""Polygon"", ""coordinates"": [[[-0.383602705754966, 44.969353216888074], [-0.405520038901356, 44.97549706154487], [-0.392978269094826, 44.99901441018541], [-0.361771076826365, 44.99628515861857], [-0.364054732827704, 44.993494511857406], [-0.355556434024686, 44.98265765536907], [-0.362297706314982, 44.97946207587438], [-0.362286238415785, 44.97038748905932], [-0.380725583831978, 44.97195507936783], [-0.383602705754966, 44.969353216888074]]]}",16887,219,24,5,33,72
78431,78630,MORAINVILLIERS,YVELINES,ILE-DE-FRANCE,"Commune simple",115.0,746.0,2.4,"48.9343458176, 1.94550312886","{""type"": ""Polygon"", ""coordinates"": [[[1.942011279123977, 48.913833384023725], [1.936385726810034, 48.9193595601117], [1.917692243100326, 48.92449832395264], [1.928480681838441, 48.93610688018531], [1.953615724366481, 48.94813716184316], [1.951517372786187, 48.95469287219419], [1.955721495649821, 48.95682497439127], [1.969467129171757, 48.94611610113404], [1.969741349461682, 48.94467953919587], [1.942011279123977, 48.913833384023725]]]}",36349,431,17,3,78,11
80775,80210,VALINES,SOMME,PICARDIE,"Commune simple",87.0,523.0,0.6,"50.0793776169, 1.62717052139","{""type"": ""Polygon"", ""coordinates"": [[[1.624035456158534, 50.06798091877485], [1.611546387448523, 50.071002087117776], [1.611927249879965, 50.08822593609887], [1.623883114087729, 50.09216014265776], [1.637155153009053, 50.08822126290362], [1.640194701189646, 50.08211100294377], [1.649472000455796, 50.081800272821894], [1.63979310948315, 50.069998099579294], [1.624035456158534, 50.06798091877485]]]}",35116,775,46,1,80,22
33480,33330,SAINT-SULPICE-DE-FALEYRENS,GIRONDE,AQUITAINE,"Commune simple",7.0,2001.0,1.5,"44.8612319917, -0.188059653304","{""type"": ""Polygon"", ""coordinates"": [[[-0.18777733557684, 44.83260728165714], [-0.194130532292323, 44.83499253183272], [-0.219335733629094, 44.854952609310246], [-0.204074579543916, 44.88010200680734], [-0.208163846284622, 44.889778713632715], [-0.184431967628695, 44.88683061964344], [-0.163748948099014, 44.87788869729854], [-0.163761539522889, 44.86102945601384], [-0.159257451605261, 44.859788174280915], [-0.166117574216398, 44.84754548314931], [-0.165600066721013, 44.84083837216104], [-0.170421283198219, 44.83942117748498], [-0.18777733557684, 44.83260728165714]]]}",35178,480,30,5,33,72
27224,27110,EPREVILLE-PRES-LE-NEUBOURG,EURE,HAUTE-NORMANDIE,"Commune simple",142.0,777.0,0.5,"49.1295509765, 0.876279430703","{""type"": ""Polygon"", ""coordinates"": [[[0.858051490804447, 49.11735260693401], [0.850651361048649, 49.13785337303164], [0.874501080275958, 49.13990498711032], [0.879487918490197, 49.14533542351118], [0.880696358476301, 49.14227176867939], [0.893987642865365, 49.14074230882792], [0.897851797737494, 49.13166296209981], [0.901008967645566, 49.12004374400761], [0.858051490804447, 49.11735260693401]]]}",21231,224,24,3,27,23
51057,51330,BETTANCOURT-LA-LONGUE,MARNE,CHAMPAGNE-ARDENNE,"Commune simple",147.0,613.0,0.1,"48.8322058575, 4.88394828986","{""type"": ""Polygon"", ""coordinates"": [[[4.888760929797641, 48.817209714537675], [4.877460429924434, 48.81662305398183], [4.875640106689265, 48.81903558367786], [4.86725888408654, 48.83035778190783], [4.86036488162815, 48.83381171046231], [4.871083121833891, 48.83933889401492], [4.882501194998476, 48.843423770670846], [4.88372650349264, 48.85205847817778], [4.8887601924722, 48.85215902730784], [4.902917776408374, 48.82774453890947], [4.888760929797641, 48.817209714537675]]]}",21267,057,15,4,51,21
91667,91360,VILLEMOISSON-SUR-ORGE,ESSONNE,ILE-DE-FRANCE,"Commune simple",66.0,232.0,6.9,"48.6613107676, 2.33108879096","{""type"": ""Polygon"", ""coordinates"": [[[2.33686153765609, 48.65030936920091], [2.324345880587344, 48.65653565365251], [2.318728500486487, 48.665642670298666], [2.325093494433438, 48.66909698440028], [2.338125432437762, 48.66737105034268], [2.341952353469228, 48.66758113184323], [2.33686153765609, 48.65030936920091]]]}",13178,667,14,3,91,11
54475,54290,SAINT-GERMAIN,MEURTHE-ET-MOSELLE,LORRAINE,"Commune simple",318.0,753.0,0.2,"48.4232806157, 6.34412609341","{""type"": ""Polygon"", ""coordinates"": [[[6.35396319933103, 48.403881306580125], [6.336508648121372, 48.404590077400506], [6.330331693006228, 48.41701899016578], [6.333494400188199, 48.42699711300295], [6.322217557078319, 48.433733721581305], [6.328665835864252, 48.438334218117404], [6.353172363542451, 48.442137093426716], [6.360897191256181, 48.43004149066543], [6.352251206600622, 48.418382202665526], [6.362427532585361, 48.40745047317143], [6.35396319933103, 48.403881306580125]]]}",36201,475,05,2,54,41
11073,11190,CASSAIGNES,AUDE,LANGUEDOC-ROUSSILLON,"Commune simple",386.0,389.0,0.1,"42.9479700119, 2.29713238713","{""type"": ""Polygon"", ""coordinates"": [[[2.299593302624234, 42.93928237316633], [2.287069223618091, 42.942437629663836], [2.2865991305217, 42.94881082786837], [2.273792415938102, 42.94791565652166], [2.274106900872489, 42.951155419071135], [2.293455703783213, 42.95678833584355], [2.311779485926061, 42.952113702614334], [2.314958764209917, 42.94104517983936], [2.299593302624234, 42.93928237316633]]]}",19880,073,13,2,11,91
10168,10210,"LES GRANGES",AUBE,CHAMPAGNE-ARDENNE,"Commune simple",139.0,161.0,0.1,"48.0567039113, 4.06179024934","{""type"": ""Polygon"", ""coordinates"": [[[4.066280383423213, 48.04754045494351], [4.051274449786562, 48.05630600079473], [4.049059926915302, 48.05835965018113], [4.061372265132992, 48.06382007369307], [4.07080556165281, 48.062240767751504], [4.072177482682701, 48.059051433390856], [4.067318632878301, 48.05842959423123], [4.066514245436332, 48.05515202644834], [4.070634150912407, 48.04912088883751], [4.066280383423213, 48.04754045494351]]]}",25018,168,07,3,10,21
63419,63560,SERVANT,PUY-DE-DOME,AUVERGNE,"Commune simple",558.0,2645.0,0.5,"46.1383512026, 2.93216785544","{""type"": ""Polygon"", ""coordinates"": [[[2.931658242639986, 46.1058064134707], [2.919829801687058, 46.12068376034413], [2.900335777702719, 46.123468844219275], [2.886707553906072, 46.13828711340786], [2.89773123264725, 46.145168295961795], [2.911757169577751, 46.1480346017987], [2.916787874360165, 46.154071661445826], [2.919812836555168, 46.16777023584694], [2.915694549768922, 46.17413369086749], [2.943465001395309, 46.16865793400076], [2.952120485568872, 46.17132734743396], [2.955327826713317, 46.14820416714923], [2.96439646561241, 46.129063009325414], [2.971743732450058, 46.12169007786513], [2.969348252457212, 46.12130224656754], [2.960582506059933, 46.119705677688344], [2.954646198059622, 46.11075260467687], [2.931658242639986, 46.1058064134707]]]}",33455,419,25,4,63,83
62764,62223,SAINT-NICOLAS,PAS-DE-CALAIS,NORD-PAS-DE-CALAIS,"Commune simple",77.0,316.0,4.9,"50.3086770117, 2.78508314188","{""type"": ""Polygon"", ""coordinates"": [[[2.779385886457172, 50.29839847388336], [2.770938325649886, 50.300448137453564], [2.776322291128869, 50.316026672743526], [2.785805399358165, 50.31501997482968], [2.798195109888149, 50.31989815432738], [2.799386446066428, 50.31298676713757], [2.792737581211804, 50.303422694721654], [2.779385886457172, 50.29839847388336]]]}",33075,764,03,1,62,31
55535,55230,VAUDONCOURT,MEUSE,LORRAINE,"Commune simple",238.0,600.0,0.1,"49.3164530998, 5.64496115253","{""type"": ""Polygon"", ""coordinates"": [[[5.645934448871941, 49.302048375263126], [5.632775123290791, 49.305888868632024], [5.628332518486203, 49.30724487642753], [5.632788738544273, 49.316133002865236], [5.62655620339901, 49.32477718337249], [5.654118947941242, 49.332557085967245], [5.662068800895788, 49.307396068035686], [5.645934448871941, 49.302048375263126]]]}",7361,535,19,3,55,41
91038,91580,AUVERS-SAINT-GEORGES,ESSONNE,ILE-DE-FRANCE,"Commune simple",116.0,1274.0,1.2,"48.4773721699, 2.22600147466","{""type"": ""Polygon"", ""coordinates"": [[[2.239482709841067, 48.443935339795296], [2.209514599779775, 48.47195305196316], [2.193217668168884, 48.480345189300074], [2.216642540512476, 48.49930454605556], [2.222717733949484, 48.5049761536567], [2.227100057076057, 48.50341239156272], [2.227695704203653, 48.49697488135689], [2.242196775025902, 48.494828168820575], [2.249542406702655, 48.49038560718444], [2.247386665202758, 48.47743508962205], [2.237752963500354, 48.4792719059353], [2.23075909387186, 48.46713547221756], [2.243071262498506, 48.46141180562312], [2.250214898390015, 48.452784391456014], [2.248528557532639, 48.44965188434276], [2.239482709841067, 48.443935339795296]]]}",10357,038,09,1,91,11
02381,02500,HIRSON,AISNE,PICARDIE,"Chef-lieu canton",215.0,3398.0,9.5,"49.9426458618, 4.10483732841","{""type"": ""Polygon"", ""coordinates"": [[[4.090647477144435, 49.896774720568516], [4.074361324150426, 49.906019759037626], [4.072410111906819, 49.91510165459087], [4.064064835703463, 49.91521947912246], [4.056492100007143, 49.919049359125204], [4.058691041747475, 49.93984552216735], [4.104938064130017, 49.971570400872146], [4.140895251736091, 49.978759598994415], [4.154144492526068, 49.97513194005663], [4.173917500186567, 49.97603991154392], [4.165061037200022, 49.97251320572958], [4.149174745013871, 49.949962147573196], [4.116796570122734, 49.93688534004176], [4.108328257269965, 49.92382812144173], [4.11018150475131, 49.90988627009953], [4.099065253492579, 49.902098749228415], [4.090647477144435, 49.896774720568516]]]}",14088,381,17,5,02,22
40232,40700,POUDENX,LANDES,AQUITAINE,"Commune simple",94.0,761.0,0.2,"43.5834078234, -0.591490517984","{""type"": ""Polygon"", ""coordinates"": [[[-0.581647120505803, 43.56612962385475], [-0.589441336458877, 43.56835795418765], [-0.60316342314111, 43.57561306892259], [-0.609182565835824, 43.580114681385034], [-0.614638007683462, 43.59197548378627], [-0.611955001838592, 43.59443362703591], [-0.598696418562629, 43.594261440711605], [-0.59064517091054, 43.59729313932859], [-0.571901165511508, 43.58984129033125], [-0.5701646113632, 43.586827103861786], [-0.581647120505803, 43.56612962385475]]]}",7776,232,08,2,40,72
18168,18260,"LE NOYER",CHER,CENTRE,"Commune simple",253.0,2027.0,0.3,"47.3641996794, 2.66561684391","{""type"": ""Polygon"", ""coordinates"": [[[2.709172821153269, 47.36393578952059], [2.696062176767877, 47.35344163713125], [2.682805274202319, 47.34839193533573], [2.643375417528462, 47.34198497489371], [2.630943562287051, 47.34711348133829], [2.627519611468963, 47.359516719885555], [2.619310345788067, 47.362568893036034], [2.662629698353112, 47.380356049578744], [2.663593378300898, 47.39364600804577], [2.668653163653791, 47.39435369870078], [2.681440217699846, 47.388682088481524], [2.697857375889681, 47.37104567187328], [2.709172821153269, 47.36393578952059]]]}",21705,168,28,1,18,24
17205,17870,LOIRE-LES-MARAIS,CHARENTE-MARITIME,POITOU-CHARENTES,"Commune simple",5.0,1252.0,0.3,"45.9927474473, -0.927468396271","{""type"": ""Polygon"", ""coordinates"": [[[-0.940964827326676, 45.95293998914026], [-0.93966140114554, 45.958205743824834], [-0.933664388746013, 45.9746795052912], [-0.948177743762754, 45.9963628932165], [-0.940446954901599, 46.019902930641074], [-0.907686681380621, 46.00581911040135], [-0.905250577755487, 45.98882695877661], [-0.924468630746348, 45.96958015073799], [-0.940964827326676, 45.95293998914026]]]}",12137,205,21,2,17,54
51567,51300,THIEBLEMONT-FAREMONT,MARNE,CHAMPAGNE-ARDENNE,"Chef-lieu canton",124.0,919.0,0.5,"48.6926709039, 4.73027706187","{""type"": ""Polygon"", ""coordinates"": [[[4.749752921713426, 48.680197823118], [4.729587877518076, 48.679691353959164], [4.716970785917611, 48.68478592574933], [4.709832564161326, 48.68006627860202], [4.704797640239713, 48.680651191362095], [4.703541647571094, 48.68129891185594], [4.709267752448113, 48.70476106992546], [4.743604831726331, 48.704426025933], [4.754008860171588, 48.70297797400811], [4.756984837586877, 48.70012721689261], [4.749752921713426, 48.680197823118]]]}",29177,567,28,4,51,21
02826,02140,VOULPAIX,AISNE,PICARDIE,"Commune simple",168.0,1165.0,0.4,"49.8387507375, 3.83266238617","{""type"": ""Polygon"", ""coordinates"": [[[3.853472194569475, 49.82483811329712], [3.827848290513259, 49.823927476955454], [3.806166881223967, 49.83781878500218], [3.795975924533912, 49.83815518400862], [3.792027799137947, 49.84602414430728], [3.801129306732051, 49.84521907537419], [3.815142157625745, 49.85792883298811], [3.819660290243774, 49.858033357277], [3.824794538165247, 49.85326413154242], [3.854199059553379, 49.84255935444361], [3.864249263412794, 49.84290190929092], [3.87439298267886, 49.832470632974605], [3.861314363920965, 49.82869129706813], [3.853472194569475, 49.82483811329712]]]}",29240,826,34,5,02,22
30345,30530,"LA VERNAREDE",GARD,LANGUEDOC-ROUSSILLON,"Commune simple",434.0,571.0,0.4,"44.2842521059, 4.00752178813","{""type"": ""Polygon"", ""coordinates"": [[[4.0251292057737, 44.284534461281424], [4.024000583238465, 44.2782435734606], [4.015092193056468, 44.27126867028145], [3.997639161367786, 44.276208533093175], [3.987992327418559, 44.278420138943574], [3.993520566847718, 44.287147227282205], [3.989126963942585, 44.2924710240925], [3.992289274376188, 44.29484606413761], [4.000951629784673, 44.29280509205333], [4.008909425034092, 44.295576992562914], [4.012629299191567, 44.29753224709366], [4.016379353364967, 44.29556219788923], [4.0251292057737, 44.284534461281424]]]}",18011,345,11,1,30,91
29178,29830,PLOUDALMEZEAU,FINISTERE,BRETAGNE,"Chef-lieu canton",45.0,2404.0,6.2,"48.5380194426, -4.66954529014","{""type"": ""Polygon"", ""coordinates"": [[[-4.631094924907376, 48.50842168429871], [-4.642448873683065, 48.50243856851316], [-4.662195270003497, 48.50725473449886], [-4.670145061487322, 48.51629388805115], [-4.684151463019949, 48.52097212510831], [-4.699857422615837, 48.53920483447584], [-4.704109477152894, 48.55004599924007], [-4.702070107967294, 48.57093981340197], [-4.686718426271261, 48.57221590402595], [-4.68113798586654, 48.567145496593454], [-4.670253288552038, 48.57453807444896], [-4.663167082302656, 48.56894067075076], [-4.66478073921284, 48.56258210992184], [-4.658572634372538, 48.546425573662646], [-4.643798033022827, 48.538476738298534], [-4.631900367048647, 48.521212786441644], [-4.631094924907376, 48.50842168429871]]]}",8718,178,27,1,29,53
12097,12140,ESPEYRAC,AVEYRON,MIDI-PYRENEES,"Commune simple",484.0,2216.0,0.2,"44.619095045, 2.51940471481","{""type"": ""Polygon"", ""coordinates"": [[[2.532301710543187, 44.57913073904275], [2.526465812971909, 44.584102335491146], [2.524495974547929, 44.59362768299014], [2.514632588223625, 44.587553016473834], [2.50651959027574, 44.59042494154385], [2.499592407567968, 44.60297955858233], [2.506626104745889, 44.61570503913958], [2.499775576025922, 44.62495612012373], [2.488257023734112, 44.63150247273309], [2.484168693100342, 44.64152165324653], [2.492525325318291, 44.64474732717002], [2.534161935794806, 44.64675810340637], [2.541517339389363, 44.644826217415776], [2.536334919448238, 44.63708919090103], [2.535858962852595, 44.63363911887397], [2.546589639492272, 44.6225291978661], [2.542610903411744, 44.612627799885324], [2.544507247398472, 44.60254359814248], [2.531770292505561, 44.588527231578375], [2.535337760607521, 44.582141420433345], [2.532301710543187, 44.57913073904275]]]}",5403,097,11,2,12,73
58006,58270,ANLEZY,NIEVRE,BOURGOGNE,"Commune simple",239.0,2151.0,0.3,"46.966601859, 3.49853718093","{""type"": ""Polygon"", ""coordinates"": [[[3.535407568892348, 46.94878901754134], [3.525389015374469, 46.94881709445917], [3.517766442378002, 46.95328140673879], [3.498606834187569, 46.95028657294678], [3.480887978978597, 46.95678146040515], [3.455520757485787, 46.95822599446866], [3.451465934910112, 46.9561080713403], [3.437734202222558, 46.96543476203771], [3.44205710773974, 46.97779824502783], [3.454835492784146, 46.972121316702186], [3.484955226819318, 46.97627535417858], [3.489664410648763, 46.977705047084086], [3.496114729753312, 46.99107486820711], [3.517976930082042, 46.983487794303194], [3.523705988066452, 46.9746023410466], [3.533465357292283, 46.97581813758617], [3.546894449937899, 46.9717396150126], [3.546697002498426, 46.95872119063953], [3.535407568892348, 46.94878901754134]]]}",5636,006,21,3,58,26
43147,43100,PAULHAC,HAUTE-LOIRE,AUVERGNE,"Commune simple",502.0,868.0,0.7,"45.2953490869, 3.34066049847","{""type"": ""Polygon"", ""coordinates"": [[[3.314585365472466, 45.27587426593105], [3.314191087850462, 45.28964313504497], [3.322213388073867, 45.29378937161487], [3.331764647228622, 45.305962497396315], [3.35438829687842, 45.31193514356123], [3.359297710684954, 45.31134320138922], [3.363595281053983, 45.30500816903645], [3.36582768394143, 45.299084949044946], [3.357429711625843, 45.28473197240084], [3.336696907150316, 45.29230600702347], [3.331344036067316, 45.286730231363634], [3.332299197944559, 45.28005511437846], [3.314585365472466, 45.27587426593105]]]}",13604,147,05,1,43,83
21624,21270,TELLECEY,COTE-D'OR,BOURGOGNE,"Commune simple",217.0,518.0,0.1,"47.2904695595, 5.29922695853","{""type"": ""Polygon"", ""coordinates"": [[[5.329610762952284, 47.2805644558742], [5.289995882099084, 47.283271592615314], [5.288413229136747, 47.2865090435541], [5.268071530195268, 47.295644464086834], [5.273149724568993, 47.302713973989526], [5.281604119199753, 47.3010170188055], [5.290856599710368, 47.30221268128469], [5.305016311824603, 47.289404601992395], [5.328266100014896, 47.29198450280639], [5.332410714787335, 47.2831740836749], [5.329610762952284, 47.2805644558742]]]}",16596,624,25,2,21,26
72186,72170,MARESCHE,SARTHE,"PAYS DE LA LOIRE","Commune simple",69.0,1495.0,0.9,"48.2055808859, 0.149447281517","{""type"": ""Polygon"", ""coordinates"": [[[0.145748607651119, 48.18987152670052], [0.132628863072858, 48.19837736388099], [0.121135388303262, 48.193046449486936], [0.109754628629391, 48.203402023008124], [0.113574631862845, 48.212607398552784], [0.130593844346112, 48.223664587219346], [0.144864090783902, 48.22389334225633], [0.149172269296584, 48.214237429868945], [0.168549857033352, 48.21639628945722], [0.187964905541436, 48.21358287674887], [0.188546418494347, 48.20747430406143], [0.183138455599323, 48.19473132340857], [0.175204731923792, 48.19074217677528], [0.145748607651119, 48.18987152670052]]]}",36240,186,02,2,72,52
01025,01380,BAGE-LA-VILLE,AIN,RHONE-ALPES,"Commune simple",201.0,3983.0,3.0,"46.3233203302, 4.9528678933","{""type"": ""Polygon"", ""coordinates"": [[[4.935722220191812, 46.28773741456501], [4.926940426586556, 46.2859317360163], [4.918846793919452, 46.28891475155211], [4.926593676348706, 46.304132622674715], [4.934137442134383, 46.30613054205334], [4.932811394794539, 46.31200788412946], [4.920970410654059, 46.30758735384339], [4.916326976861033, 46.30971924510211], [4.905489986998468, 46.31802565682057], [4.920735882886935, 46.330154833396016], [4.912872857846346, 46.34513120014072], [4.923190696163305, 46.35263187985568], [4.92815946009602, 46.36626618503947], [4.932803906721571, 46.3677188185679], [4.947184046117409, 46.36959995010321], [4.962438312537384, 46.35629568041194], [4.976022804732342, 46.352773321423655], [4.965916181108517, 46.33760827516816], [4.965393571243513, 46.32777208365694], [4.968205520655268, 46.32497625937615], [4.992303374169014, 46.321909261519984], [5.008049421196327, 46.31380521918379], [5.011350366345003, 46.3042348993146], [5.004338863333092, 46.29590931112803], [4.991986403101744, 46.29107274923919], [4.969455755385306, 46.29650884585142], [4.956232302416259, 46.2926653373365], [4.941692513386168, 46.29304926970145], [4.935722220191812, 46.28773741456501]]]}",468,025,02,2,01,82
70210,70270,ECROMAGNY,HAUTE-SAONE,FRANCHE-COMTE,"Commune simple",440.0,689.0,0.2,"47.7931932241, 6.56449460002","{""type"": ""Polygon"", ""coordinates"": [[[6.547923482073713, 47.77672363815175], [6.548752176509896, 47.80236612152115], [6.553410733333141, 47.801441067833494], [6.569422583186895, 47.808693217636176], [6.578172730709323, 47.80675951288113], [6.58714126373433, 47.809260101983824], [6.585204907510897, 47.80513900636987], [6.577847996079154, 47.79696717903077], [6.58223453145506, 47.78804882397005], [6.572784754970607, 47.78529234720031], [6.568090425597372, 47.77908382126291], [6.547923482073713, 47.77672363815175]]]}",21123,210,16,1,70,43
08029,08370,AUFLANCE,ARDENNES,CHAMPAGNE-ARDENNE,"Commune simple",219.0,613.0,0.1,"49.6152631354, 5.29558462267","{""type"": ""Polygon"", ""coordinates"": [[[5.297147616798278, 49.60006916119571], [5.283028500700681, 49.608849014179135], [5.269158879326421, 49.61149123569599], [5.290316748665714, 49.62862464293894], [5.304912875416367, 49.630056770099394], [5.314977388989858, 49.612029220524526], [5.312488183023383, 49.60622403530896], [5.297147616798278, 49.60006916119571]]]}",22720,029,04,3,08,21
05052,05600,EYGLIERS,HAUTES-ALPES,"PROVENCE-ALPES-COTE D'AZUR","Commune simple",1615.0,2987.0,0.7,"44.6925244966, 6.66688741371","{""type"": ""Polygon"", ""coordinates"": [[[6.719912606601575, 44.70392733592357], [6.705622423180216, 44.69418637163232], [6.694592995209156, 44.67842257386865], [6.678172424486113, 44.67050713004595], [6.663799240184577, 44.66817240846341], [6.639597814376108, 44.671630305339676], [6.624522040742149, 44.6626716190691], [6.604323221031101, 44.6688744021339], [6.607458971709613, 44.67957775961398], [6.620832622948124, 44.68247526737951], [6.657632342820152, 44.70447161356139], [6.662520251385447, 44.721127444237865], [6.673392399523107, 44.72752664405137], [6.682977009053436, 44.72812743965495], [6.692370183456479, 44.71675578970993], [6.717960734642892, 44.70709337553799], [6.719912606601575, 44.70392733592357]], [[6.624101201910619, 44.66378490751487], [6.624701396411337, 44.66447720012042], [6.625159106962226, 44.66452527980393], [6.626022775134737, 44.665974969227086], [6.629343384526289, 44.6689031614428], [6.629971802218035, 44.669639565808055], [6.630598688563117, 44.671331321320444], [6.630329998253381, 44.672061126794794], [6.62963681826345, 44.67208388144737], [6.62957266564568, 44.67285203255323], [6.62454458638363, 44.67322423332667], [6.621111607483866, 44.67110166213916], [6.619371919606142, 44.66938320649464], [6.619410660455411, 44.667038758272284], [6.619639003184399, 44.666661782214305], [6.620170252584697, 44.66608563182057], [6.621588459344685, 44.6649667333808], [6.622500865391905, 44.66481968513803], [6.623626397071357, 44.66386355527676], [6.624101201910619, 44.66378490751487]]]}",10901,052,11,1,05,93
02668,02120,SAINS-RICHAUMONT,AISNE,PICARDIE,"Chef-lieu canton",141.0,1256.0,1.0,"49.8276068685, 3.70490926861","{""type"": ""Polygon"", ""coordinates"": [[[3.670764553496493, 49.80782142069681], [3.669394863394662, 49.814540360920304], [3.676701216942183, 49.82315205800003], [3.673738436960155, 49.82594461462725], [3.681576620840442, 49.83467875723286], [3.696396093714717, 49.832537718936884], [3.709361608317473, 49.84600229889197], [3.720187511685567, 49.853108261538644], [3.736463084366335, 49.836058012112964], [3.732115483585955, 49.82638107416617], [3.715461422974483, 49.81332660208577], [3.700101570921945, 49.81103479850617], [3.684667630933457, 49.81243411506926], [3.670764553496493, 49.80782142069681]]]}",19416,668,27,5,02,22
38352,38080,SAINT-ALBAN-DE-ROCHE,ISERE,RHONE-ALPES,"Commune simple",332.0,441.0,1.8,"45.5871624015, 5.2245791574","{""type"": ""Polygon"", ""coordinates"": [[[5.213924791514231, 45.57269729952685], [5.210674360001085, 45.57931930349306], [5.21690078397331, 45.59579900698644], [5.226052118505533, 45.60479772997352], [5.239644285779328, 45.591483720870436], [5.230931845418207, 45.57554097810185], [5.213924791514231, 45.57269729952685]]]}",26588,352,04,2,38,82
39193,39120,"LE DESCHAUX",JURA,FRANCHE-COMTE,"Commune simple",218.0,867.0,1.0,"46.9505140483, 5.49877819906","{""type"": ""Polygon"", ""coordinates"": [[[5.524458856157654, 46.94200641653822], [5.516633751905953, 46.93354774733171], [5.501448085753476, 46.933905408439145], [5.489568356647794, 46.93894594079009], [5.478944558430372, 46.94933595337857], [5.482555112896488, 46.96035607205199], [5.486926213880775, 46.969855346042024], [5.496587475102755, 46.97104282011104], [5.506666825083544, 46.96421227574701], [5.50712048046581, 46.95725721054577], [5.515751844843042, 46.94483618048075], [5.524458856157654, 46.94200641653822]]]}",21716,193,08,1,39,43
18184,18140,PRECY,CHER,CENTRE,"Commune simple",186.0,1471.0,0.3,"47.0904100974, 2.92907066727","{""type"": ""Polygon"", ""coordinates"": [[[2.956541769284911, 47.06933642110732], [2.944545099803128, 47.07465216573609], [2.926946410486367, 47.06895237211659], [2.917324394271454, 47.07075553003734], [2.912162777502331, 47.07641472061047], [2.914616879906842, 47.082952851864896], [2.907478789643038, 47.08729587653777], [2.899469068815796, 47.11308305598904], [2.923477762676776, 47.117575944045925], [2.93194733966437, 47.10532807882981], [2.942675453824511, 47.097861333055576], [2.946007983280349, 47.08774343789822], [2.969329837169123, 47.08154881558977], [2.965447691519719, 47.07219343520255], [2.956541769284911, 47.06933642110732]]]}",6509,184,24,1,18,24
21474,21250,PAGNY-LA-VILLE,COTE-D'OR,BOURGOGNE,"Commune simple",180.0,667.0,0.4,"47.0574519111, 5.16871339995","{""type"": ""Polygon"", ""coordinates"": [[[5.174720698325483, 47.03613240252832], [5.169904320403306, 47.03659228705722], [5.157701909943555, 47.054636041041626], [5.15607235357569, 47.0610161062451], [5.14215062646841, 47.063247522706035], [5.139884523382413, 47.06626166573276], [5.143521728111029, 47.06856295374812], [5.153313475659058, 47.068173729699105], [5.165607834715886, 47.07332086420565], [5.174971567900442, 47.065894678409805], [5.184478354899737, 47.06531902481043], [5.195897269928138, 47.064445063230345], [5.18577625767977, 47.05831431679121], [5.174720698325483, 47.03613240252832]]]}",21855,474,34,1,21,26
10096,10190,CHENNEGY,AUBE,CHAMPAGNE-ARDENNE,"Commune simple",210.0,2323.0,0.5,"48.2170539239, 3.84917512614","{""type"": ""Polygon"", ""coordinates"": [[[3.872125043086656, 48.19994242457624], [3.848063861291003, 48.18352443582795], [3.840501852324794, 48.187762818030976], [3.836157442654147, 48.18620092699183], [3.826020719881813, 48.19626956567834], [3.831294977359163, 48.201289671750466], [3.827580344303223, 48.20732667709264], [3.814005694544246, 48.20437955476732], [3.812867722767126, 48.210902192788666], [3.824523714817198, 48.23312812126765], [3.848219520933641, 48.250173936834855], [3.852729671028157, 48.244139731181505], [3.871546204954204, 48.240700160648494], [3.881667168731492, 48.233723450838745], [3.880942658569773, 48.227439053438225], [3.877830910830966, 48.208772620312146], [3.872125043086656, 48.19994242457624]]]}",30929,096,11,3,10,21
38199,38200,JARDIN,ISERE,RHONE-ALPES,"Commune simple",306.0,931.0,2.2,"45.492806451, 4.91094457963","{""type"": ""Polygon"", ""coordinates"": [[[4.930627378173606, 45.49577232462292], [4.929273890863574, 45.48925625912435], [4.92132601305489, 45.485690581345686], [4.91754378297797, 45.47962129050996], [4.921605205136457, 45.47044543271011], [4.918824213363712, 45.46776381619986], [4.914327873245, 45.46878638670114], [4.892844745948148, 45.48674198669881], [4.898365603400337, 45.51039190912149], [4.912607794594344, 45.5121498423036], [4.92194404553341, 45.50983767195776], [4.924815201881408, 45.50064602771438], [4.930627378173606, 45.49577232462292]]]}",17764,199,39,3,38,82
38323,38480,PRESSINS,ISERE,RHONE-ALPES,"Commune simple",330.0,1012.0,1.1,"45.5266905652, 5.63237187242","{""type"": ""Polygon"", ""coordinates"": [[[5.639832090763759, 45.504927920707175], [5.628727814230784, 45.50664807282668], [5.625403061084458, 45.51870873227867], [5.605880168256543, 45.53172291088867], [5.616020575231151, 45.542064500557956], [5.616297635075409, 45.548481939152296], [5.630213129678928, 45.54799482640544], [5.631913225473652, 45.54490972202437], [5.63496235207309, 45.538378263498664], [5.64774053779203, 45.533726047354364], [5.655477644804439, 45.52128104619186], [5.654695118677494, 45.51456924271109], [5.639832090763759, 45.504927920707175]]]}",28734,323,21,2,38,82
11027,11800,BARBAIRA,AUDE,LANGUEDOC-ROUSSILLON,"Commune simple",208.0,937.0,0.7,"43.1754326219, 2.51471602722","{""type"": ""Polygon"", ""coordinates"": [[[2.537566340802647, 43.16242475866018], [2.534472723864923, 43.1559711669304], [2.509451492745245, 43.16400059111609], [2.504227124690956, 43.15850783903675], [2.495015978691779, 43.159472528493616], [2.496562734837187, 43.18643758894436], [2.515034401833635, 43.18839315203249], [2.52034848972518, 43.201297858710184], [2.522613575992636, 43.20097508110539], [2.528215395858711, 43.195566671628505], [2.529642498167855, 43.16525085898239], [2.537566340802647, 43.16242475866018]]]}",28542,027,06,1,11,91
80133,80150,BRAILLY-CORNEHOTTE,SOMME,PICARDIE,"Commune simple",74.0,1156.0,0.2,"50.2243173522, 1.95816617039","{""type"": ""Polygon"", ""coordinates"": [[[1.942792965963131, 50.19904502507158], [1.927629836245639, 50.21014838798597], [1.937958163767757, 50.216784676719016], [1.943011446058906, 50.22278212760324], [1.952893917223713, 50.23495392762624], [1.947944473885762, 50.24473590780508], [1.965071174655001, 50.252244592257036], [1.974409405824218, 50.24895526042068], [1.973758127428016, 50.2430859327665], [1.986812796068981, 50.23028974340706], [1.971569481804823, 50.22191951672904], [1.97148972051424, 50.21550693447896], [1.958888456969186, 50.20147233709395], [1.942792965963131, 50.19904502507158]]]}",23687,133,19,1,80,22
01171,01100,GEOVREISSET,AIN,RHONE-ALPES,"Commune simple",669.0,327.0,0.9,"46.2508621615, 5.61271973915","{""type"": ""Polygon"", ""coordinates"": [[[5.599468194242841, 46.239434157474456], [5.596508610857012, 46.241096460261936], [5.604186320785139, 46.25537251662225], [5.624230393412545, 46.2627505196289], [5.628721340835972, 46.26267390418096], [5.629870699110522, 46.256854059221084], [5.619272089431287, 46.249800611906515], [5.613541107877186, 46.24047217767908], [5.599468194242841, 46.239434157474456]]]}",28807,171,41,4,01,82
01080,01110,CHAMPDOR,AIN,RHONE-ALPES,"Commune simple",918.0,1733.0,0.5,"46.0198844188, 5.60008759722","{""type"": ""Polygon"", ""coordinates"": [[[5.630176807519433, 46.007706138738975], [5.607410257583328, 46.00177241511064], [5.554532380895512, 46.005932483479114], [5.554332957205596, 46.0069280404589], [5.568155985479681, 46.021634638726724], [5.587909881676786, 46.02449176342398], [5.599064944768425, 46.04404898574028], [5.615642674740396, 46.04629853697911], [5.621137897152149, 46.04133330076632], [5.629397023975616, 46.02493317789275], [5.630176807519433, 46.007706138738975]]]}",15695,080,06,4,01,82
64100,64200,BASSUSSARRY,PYRENEES-ATLANTIQUES,AQUITAINE,"Commune simple",26.0,658.0,2.4,"43.4445312416, -1.49649880002","{""type"": ""Polygon"", ""coordinates"": [[[-1.475832849477252, 43.43841497211836], [-1.507412289488774, 43.43363523157076], [-1.517563019897266, 43.440385053760124], [-1.520207311589492, 43.450106111861984], [-1.517002652913531, 43.45260986963687], [-1.495246983830457, 43.45105523989772], [-1.484582923120856, 43.45641761666457], [-1.474371590575238, 43.44966717385525], [-1.47453384578634, 43.4393607725841], [-1.475832849477252, 43.43841497211836]]]}",16757,100,41,1,64,72
78497,78125,POIGNY-LA-FORET,YVELINES,ILE-DE-FRANCE,"Commune simple",162.0,2359.0,1.0,"48.6829262881, 1.75440035013","{""type"": ""Polygon"", ""coordinates"": [[[1.737490184151564, 48.65246522578084], [1.721769047025155, 48.661293579483896], [1.714108652916764, 48.681235950307354], [1.706534365242245, 48.68593078065699], [1.726259750141461, 48.695480630421955], [1.786222280860609, 48.70792600052023], [1.797712823694145, 48.697049895459074], [1.803454688677401, 48.68426199553056], [1.787264730546573, 48.6776485571365], [1.785978084411305, 48.67455893765777], [1.767165029483625, 48.67400604854572], [1.75968441074364, 48.66526551698371], [1.737490184151564, 48.65246522578084]]]}",24017,497,18,2,78,11
65308,65220,MAZEROLLES,HAUTES-PYRENEES,MIDI-PYRENEES,"Commune simple",286.0,638.0,0.1,"43.3546128947, 0.286551798965","{""type"": ""Polygon"", ""coordinates"": [[[0.273116992917733, 43.33921221402259], [0.272329248141656, 43.34595234381188], [0.267874458964445, 43.34808124145368], [0.274747010240626, 43.35585179697415], [0.269840661797628, 43.36436947240893], [0.300557217903518, 43.36866880774524], [0.303693157534187, 43.35070835558881], [0.298238227887624, 43.345513524931235], [0.273116992917733, 43.33921221402259]]]}",24149,308,24,3,65,73
11348,11270,SAINT-JULIEN-DE-BRIOLA,AUDE,LANGUEDOC-ROUSSILLON,"Commune simple",332.0,1175.0,0.1,"43.160649081, 1.9453680798","{""type"": ""Polygon"", ""coordinates"": [[[1.95848904014816, 43.14062173370099], [1.942446289896817, 43.146006706751855], [1.934069650669799, 43.1439182605225], [1.918788719306847, 43.160290751216166], [1.91728550760613, 43.1683806515206], [1.924612620092637, 43.164945683444024], [1.93849611387657, 43.17246854094466], [1.94764295693789, 43.18446832368315], [1.956053239547728, 43.18164443797205], [1.962717390462735, 43.17265018008899], [1.962156516608257, 43.15665983248789], [1.966750067592258, 43.14782550406353], [1.95848904014816, 43.14062173370099]]]}",3246,348,16,1,11,91
81097,81990,FREJAIROLLES,TARN,MIDI-PYRENEES,"Commune simple",273.0,1766.0,1.3,"43.8786600972, 2.23043162457","{""type"": ""Polygon"", ""coordinates"": [[[2.22774357359473, 43.84794585142798], [2.22693784291604, 43.85051401182284], [2.217034124110366, 43.86629167862436], [2.195634416073983, 43.885134453910716], [2.199537620223408, 43.88986102454533], [2.211643596951423, 43.90085686990549], [2.214173095685743, 43.897941159557746], [2.223509766746346, 43.89779195579526], [2.231993892156548, 43.90087588984548], [2.237119573309924, 43.90664470344203], [2.241712345752803, 43.90574970620001], [2.243892018553697, 43.90471183952901], [2.249191226515364, 43.89172572214321], [2.24738779685121, 43.88503550962599], [2.260531701169475, 43.87513569921719], [2.253963202277383, 43.85890971986338], [2.245372588536518, 43.857680708519496], [2.22774357359473, 43.84794585142798]]]}",6379,097,44,1,81,73
28374,28170,SERAZEREUX,EURE-ET-LOIR,CENTRE,"Commune simple",169.0,1567.0,0.5,"48.5949002026, 1.43635782347","{""type"": ""Polygon"", ""coordinates"": [[[1.418904080831179, 48.5691759769827], [1.409591828323355, 48.576726472650414], [1.403441233602577, 48.599694719259176], [1.420657140610966, 48.60681605993148], [1.449422143455606, 48.61721665589153], [1.45820670214641, 48.616574990837925], [1.47244176384451, 48.60444183706062], [1.466351485571515, 48.589131757584326], [1.456619835473539, 48.588016281974774], [1.444604613195885, 48.58252460414859], [1.435614986163593, 48.585222845598516], [1.432021476703545, 48.582953271339186], [1.436480830492981, 48.570299004822395], [1.418904080831179, 48.5691759769827]]]}",12966,374,10,3,28,24
54303,54950,LARONXE,MEURTHE-ET-MOSELLE,LORRAINE,"Commune simple",254.0,680.0,0.4,"48.5442014247, 6.59779172365","{""type"": ""Polygon"", ""coordinates"": [[[6.603303846899491, 48.55633679194557], [6.61802768517071, 48.55445774742454], [6.629491845451782, 48.547831703998014], [6.61079987636383, 48.543664447670444], [6.59429444442081, 48.53040520609642], [6.584190504880284, 48.530953590827025], [6.575759094563998, 48.5349536945942], [6.571414797475556, 48.53964981882775], [6.586534864282408, 48.54757797049341], [6.589777369461512, 48.55392755166392], [6.603303846899491, 48.55633679194557]]]}",16944,303,18,2,54,41
38538,38420,"LE VERSOUD",ISERE,RHONE-ALPES,"Commune simple",238.0,610.0,4.5,"45.2221893714, 5.85871984364","{""type"": ""Polygon"", ""coordinates"": [[[5.857906251642356, 45.20529998496882], [5.841527615174228, 45.219800740907225], [5.844284076089667, 45.225605147180794], [5.836653688414641, 45.229250054046595], [5.836985388044132, 45.232512285237114], [5.840596164318136, 45.2345559140255], [5.852284021091362, 45.229455691737], [5.855625591830942, 45.231712950053264], [5.868072965120231, 45.23249328611632], [5.882497216620385, 45.22513004035584], [5.878363034019773, 45.22012786284114], [5.869908237076849, 45.21661523823146], [5.857906251642356, 45.20529998496882]]]}",20827,538,09,1,38,82
48156,48340,SAINT-GERMAIN-DU-TEIL,LOZERE,LANGUEDOC-ROUSSILLON,"Chef-lieu canton",771.0,2269.0,0.8,"44.48168833, 3.17237902865","{""type"": ""Polygon"", ""coordinates"": [[[3.202242216359588, 44.45707280150679], [3.18843477977277, 44.45496378904055], [3.175105444830742, 44.456750159873586], [3.166173405566319, 44.445358468666406], [3.160973676143643, 44.45069535281129], [3.15204304291925, 44.45243641323798], [3.148566929132118, 44.47352390460191], [3.153178600742049, 44.48657063573996], [3.149793100723441, 44.49976343045061], [3.15472679283515, 44.50547300874691], [3.169531435809159, 44.51340921243463], [3.172092459180743, 44.51985085356513], [3.185537168684069, 44.51798360865023], [3.191934445134735, 44.508493315903664], [3.187789028140068, 44.49894911778857], [3.189504898709222, 44.48551497154154], [3.202242216359588, 44.45707280150679]]]}",13563,156,23,2,48,91
81058,81570,CARBES,TARN,MIDI-PYRENEES,"Commune simple",190.0,736.0,0.2,"43.6353726667, 2.15170395201","{""type"": ""Polygon"", ""coordinates"": [[[2.156290000900221, 43.623090599294876], [2.147179476151538, 43.621849718856254], [2.13844835070566, 43.62423740063581], [2.127354112500346, 43.633714159984024], [2.128621526974296, 43.63672979289828], [2.130782568491226, 43.639653581516654], [2.139888737799457, 43.639699007367014], [2.148077901414767, 43.64725917549241], [2.157017954415144, 43.648570636566795], [2.17008400622943, 43.644819819696274], [2.17668024680178, 43.63590758463437], [2.164401225209382, 43.63088280598924], [2.156290000900221, 43.623090599294876]]]}",17074,058,35,2,81,73
69002,69790,AIGUEPERSE,RHONE,RHONE-ALPES,"Commune simple",489.0,1290.0,0.2,"46.2801268832, 4.42330722719","{""type"": ""Polygon"", ""coordinates"": [[[4.433203426036814, 46.26382802962136], [4.429031059201427, 46.265663721785025], [4.415378361335107, 46.261970609777926], [4.397076142348458, 46.26680787269496], [4.39636439624341, 46.27454391203528], [4.398757221096816, 46.284322274279376], [4.407092481122339, 46.292739446620764], [4.405813600867752, 46.296060507571006], [4.424506098547003, 46.29638665692002], [4.427038879023271, 46.30283042653282], [4.43565553780637, 46.299407866387774], [4.43945159137426, 46.29305558579043], [4.455854320216295, 46.27570812578369], [4.453897364315845, 46.27244583104492], [4.439349812775672, 46.26942443583979], [4.433203426036814, 46.26382802962136]]]}",17180,002,23,2,69,82
85255,85580,SAINT-MICHEL-EN-L'HERM,VENDEE,"PAYS DE LA LOIRE","Commune simple",3.0,5785.0,2.1,"46.3366903175, -1.2483968538","{""type"": ""Polygon"", ""coordinates"": [[[-1.207620520470196, 46.28286702609204], [-1.263781377247303, 46.300534514309454], [-1.269953305666775, 46.30609264317683], [-1.278585271443887, 46.326437691577475], [-1.301416599061708, 46.33386514724355], [-1.303472067337955, 46.33715124555461], [-1.308120590430018, 46.346733112315135], [-1.307152834139826, 46.357086424082986], [-1.281499111398809, 46.367783700082484], [-1.270821821700887, 46.379673108294604], [-1.265297756815412, 46.392856582112806], [-1.262399091793845, 46.39529157643289], [-1.258144050364616, 46.39404380011359], [-1.244580991053542, 46.385721239152225], [-1.232007968294013, 46.381039640462056], [-1.236004676927685, 46.371422661622326], [-1.213512563781804, 46.35310323272839], [-1.202043746195584, 46.316086239675556], [-1.195946102428662, 46.30056662564787], [-1.207620520470196, 46.28286702609204]]]}",13929,255,11,1,85,52
37165,37190,NEUIL,INDRE-ET-LOIRE,CENTRE,"Commune simple",105.0,1888.0,0.4,"47.1844634588, 0.529053683282","{""type"": ""Polygon"", ""coordinates"": [[[0.559458342225123, 47.189276946846206], [0.549562379411099, 47.17011688137734], [0.539969928248256, 47.16816601314967], [0.535253364211528, 47.162427128466454], [0.526166314631696, 47.15957609473088], [0.51199862944012, 47.162388925070154], [0.498087029353608, 47.164773231389646], [0.494388177537326, 47.1710344257144], [0.500220959706286, 47.18395096788037], [0.512917583143298, 47.194240469595265], [0.510403976900477, 47.19715885103238], [0.495488054355051, 47.197359665494275], [0.496949364181322, 47.19918370846359], [0.508745442655124, 47.203581375579766], [0.526308288464156, 47.203336300533906], [0.545908762525119, 47.20274445227178], [0.5588071153433, 47.21295178002656], [0.563642071330493, 47.21214385609026], [0.559458342225123, 47.189276946846206]]]}",25340,165,20,1,37,24
11108,11240,"LA COURTETE",AUDE,LANGUEDOC-ROUSSILLON,"Commune simple",288.0,567.0,0.0,"43.1421990579, 2.03235561707","{""type"": ""Polygon"", ""coordinates"": [[[2.033092705648721, 43.13149383593549], [2.031060805921638, 43.13768224680118], [2.01283881402566, 43.13589781456264], [2.009301229710271, 43.138060194581996], [2.00608543033546, 43.144354248023134], [2.012632844762241, 43.15299589764186], [2.031775811459466, 43.144129230620585], [2.051961710456208, 43.1521974045675], [2.055862375893867, 43.1503246333061], [2.057585589240484, 43.14409703226635], [2.044336087398045, 43.131890928603454], [2.033092705648721, 43.13149383593549]]]}",25397,108,01,2,11,91
32258,32390,MIREPOIX,GERS,MIDI-PYRENEES,"Commune simple",150.0,734.0,0.2,"43.7442786824, 0.670131677714","{""type"": ""Polygon"", ""coordinates"": [[[0.690353724954693, 43.73276105753752], [0.673029943062808, 43.737460471149284], [0.662714952981332, 43.731919104508385], [0.658268099321162, 43.732885822421636], [0.655556514088922, 43.738769060595885], [0.642617207213145, 43.74151450262127], [0.654576787219702, 43.75389014431496], [0.674162890991736, 43.75724500936043], [0.680158159688019, 43.75611253199547], [0.685026689745792, 43.747213710360064], [0.698505948349015, 43.739046254546345], [0.690353724954693, 43.73276105753752]]]}",35669,258,30,1,32,73
33006,33390,ANGLADE,GIRONDE,AQUITAINE,"Commune simple",8.0,1380.0,0.9,"45.2115004641, -0.638219671471","{""type"": ""Polygon"", ""coordinates"": [[[-0.625638181068099, 45.19256484953178], [-0.648743475251948, 45.19597615155299], [-0.653246874845822, 45.205563772796765], [-0.669069087827957, 45.21251735135576], [-0.679820982919484, 45.23186810259512], [-0.652519105450635, 45.22307448854468], [-0.617393860102598, 45.223289581288554], [-0.609337121077821, 45.22079213164914], [-0.608148811572958, 45.21169071278234], [-0.605782738497034, 45.19895883362948], [-0.620154735114463, 45.198232185484564], [-0.625638181068099, 45.19256484953178]]]}",25580,006,40,1,33,72
70285,70400,HERICOURT,HAUTE-SAONE,FRANCHE-COMTE,"Chef-lieu canton",368.0,1804.0,10.5,"47.5698613671, 6.76517349246","{""type"": ""Polygon"", ""coordinates"": [[[6.781101629496296, 47.53636602301938], [6.769299785401183, 47.53771267076824], [6.772762319282783, 47.547360274038056], [6.76977154190638, 47.55703642842703], [6.766913168369058, 47.55973318941736], [6.753363779360199, 47.56129669620584], [6.748280434334398, 47.57024643367411], [6.725743443052623, 47.56842759999288], [6.717172882459279, 47.58073119215136], [6.721967020594732, 47.583209561280064], [6.740507488134892, 47.58512151118646], [6.748811507020616, 47.58843239137474], [6.755350564295478, 47.597125266608664], [6.781126910069587, 47.59163363157379], [6.778433898754578, 47.572409148321206], [6.791820619700411, 47.56946029814584], [6.801236033486926, 47.56236784538854], [6.796635863211315, 47.549162320505765], [6.781101629496296, 47.53636602301938]]]}",12877,285,94,1,70,43
88103,88270,CIRCOURT,VOSGES,LORRAINE,"Commune simple",374.0,590.0,0.1,"48.249056578, 6.28568512782","{""type"": ""Polygon"", ""coordinates"": [[[6.296448400569263, 48.23789428484399], [6.282054732360955, 48.23773671537084], [6.265435843678475, 48.24496027893574], [6.262971454103547, 48.247838020353285], [6.280455512175219, 48.2609969891124], [6.296240577273908, 48.261305242226285], [6.302241269124525, 48.252897763366775], [6.301750128084801, 48.24053794103424], [6.301392017347829, 48.23912507451613], [6.296448400569263, 48.23789428484399]]]}",15750,103,11,1,88,41
61102,61450,"LE CHATELLIER",ORNE,BASSE-NORMANDIE,"Commune simple",216.0,837.0,0.4,"48.6774891036, -0.583208023113","{""type"": ""Polygon"", ""coordinates"": [[[-0.581596994486883, 48.65032370811981], [-0.607442938094722, 48.66823619630732], [-0.599966267846186, 48.680077516926076], [-0.586544192928715, 48.6895581305942], [-0.573591918873152, 48.69822160135886], [-0.570016599282989, 48.6960598079502], [-0.560543246183018, 48.69735156307439], [-0.553462884209684, 48.68963966655448], [-0.558969691968563, 48.68743152024317], [-0.578638426287234, 48.67678526148517], [-0.581596994486883, 48.65032370811981]]]}",4179,102,22,2,61,25
21623,21110,TART-LE-HAUT,COTE-D'OR,BOURGOGNE,"Commune simple",209.0,1032.0,1.4,"47.1958586219, 5.20512336576","{""type"": ""Polygon"", ""coordinates"": [[[5.234478886332942, 47.17645926538016], [5.225035359824851, 47.169445010436334], [5.2221709216796, 47.17203984455896], [5.21294249241982, 47.18401496455425], [5.189196704456443, 47.18742040058414], [5.182396147091742, 47.19238511225932], [5.173185534903355, 47.20314057160948], [5.190525447957983, 47.20805556468795], [5.192761287834109, 47.217190568246686], [5.201211439272599, 47.218246174751386], [5.211897381767478, 47.21065755434129], [5.228830725679677, 47.18902399528906], [5.225689688317978, 47.18686883974923], [5.234478886332942, 47.17645926538016]]]}",31121,623,14,2,21,26
77145,77390,CRISENOY,SEINE-ET-MARNE,ILE-DE-FRANCE,"Commune simple",91.0,1289.0,0.6,"48.6032562685, 2.74469618837","{""type"": ""Polygon"", ""coordinates"": [[[2.722595901590187, 48.57788250873263], [2.725423397400891, 48.58674951365206], [2.716340778826443, 48.59394246253825], [2.718302726565776, 48.609877685867964], [2.737424136172532, 48.61354643454091], [2.742641880995925, 48.622849770499336], [2.747662055590961, 48.62285151699598], [2.747732235515239, 48.61955047032684], [2.757679481100424, 48.619013428945756], [2.77056350756696, 48.62317668126912], [2.780430733954501, 48.61594524251161], [2.775080099518942, 48.607758672527886], [2.766489133668767, 48.605808170162554], [2.769335161570365, 48.60325908138934], [2.735094923149907, 48.58056463137278], [2.722595901590187, 48.57788250873263]]]}",10788,145,22,2,77,11
33547,33730,VILLANDRAUT,GIRONDE,AQUITAINE,"Chef-lieu canton",37.0,1257.0,1.0,"44.4500209214, -0.380716602185","{""type"": ""Polygon"", ""coordinates"": [[[-0.357619934759181, 44.43614037221755], [-0.381005710513396, 44.4366954107636], [-0.388157334278367, 44.43222283487508], [-0.39752236918742, 44.43196135831129], [-0.410021434634383, 44.43571078353345], [-0.400096795524641, 44.446334381739774], [-0.409028315918509, 44.45365407597847], [-0.40668303465669, 44.456276553394865], [-0.4017849062906, 44.456202634689724], [-0.396167479856976, 44.46195332563421], [-0.383326301318038, 44.46706974776844], [-0.368742288633746, 44.46831844640359], [-0.363864249812339, 44.467962881645896], [-0.35100012871351, 44.453452066282914], [-0.360891430795365, 44.44823124608073], [-0.357619934759181, 44.43614037221755]]]}",34926,547,50,3,33,72
78327,78820,JUZIERS,YVELINES,ILE-DE-FRANCE,"Commune simple",109.0,873.0,3.8,"48.9999173467, 1.84036602544","{""type"": ""Polygon"", ""coordinates"": [[[1.828338801741523, 48.981458524989975], [1.823799100817163, 48.97980431891965], [1.822835058480029, 48.98315830945662], [1.827651209278832, 48.99619150512469], [1.820380621006215, 49.011830999731934], [1.830198857099302, 49.01354580979402], [1.831662681758613, 49.02018780345863], [1.851427706550569, 49.01677241218062], [1.851364450671171, 49.01035990198332], [1.86481250871503, 48.989893997171684], [1.854982163254222, 48.987642248844224], [1.828338801741523, 48.981458524989975]]]}",18245,327,10,1,78,11
31473,31330,SAINT-CEZERT,HAUTE-GARONNE,MIDI-PYRENEES,"Commune simple",156.0,906.0,0.4,"43.7809324067, 1.19152811145","{""type"": ""Polygon"", ""coordinates"": [[[1.17470822703691, 43.76743099631779], [1.167625202893751, 43.786925527193524], [1.183177623051187, 43.794071804910516], [1.215753455842009, 43.7902714399588], [1.217956988050114, 43.78375473342191], [1.207038440678412, 43.77734691602935], [1.210042389257104, 43.771068608875574], [1.207206973667974, 43.76919478979973], [1.17470822703691, 43.76743099631779]]]}",14843,473,15,3,31,73
17301,17510,ROMAZIERES,CHARENTE-MARITIME,POITOU-CHARENTES,"Commune simple",124.0,869.0,0.1,"45.9906722092, -0.176069744425","{""type"": ""Polygon"", ""coordinates"": [[[-0.174103774556885, 45.97044420836925], [-0.193906736478817, 45.97004031425825], [-0.19848880265307, 45.97304720244865], [-0.19230483254634, 45.9831983899598], [-0.183038108573943, 46.00022209806763], [-0.175821454483675, 46.00311936692397], [-0.174599636775677, 46.01309408429125], [-0.162963396041866, 46.019025172974914], [-0.164194151030623, 46.01276340335273], [-0.158511865259295, 46.00503638417343], [-0.16159687789618, 45.98828684599054], [-0.171519514900681, 45.98054722533587], [-0.174103774556885, 45.97044420836925]]]}",30056,301,04,5,17,54
50296,50330,MAUPERTUS-SUR-MER,MANCHE,BASSE-NORMANDIE,"Commune simple",110.0,346.0,0.3,"49.6568745054, -1.48350640946","{""type"": ""Polygon"", ""coordinates"": [[[-1.48767511814106, 49.64273848581601], [-1.485992660700715, 49.648848934387196], [-1.50222667397711, 49.664638165029785], [-1.491635712074588, 49.670043232830025], [-1.488011720190473, 49.66825106748853], [-1.480968269455118, 49.6600237633728], [-1.471708434287369, 49.66194892330258], [-1.465952554915509, 49.6539794289386], [-1.467232585768579, 49.650854282483934], [-1.48767511814106, 49.64273848581601]]]}",21337,296,38,2,50,25
45108,45720,COULLONS,LOIRET,CENTRE,"Commune simple",169.0,8107.0,2.4,"47.6179791467, 2.50615129884","{""type"": ""Polygon"", ""coordinates"": [[[2.567581351944558, 47.568485819940584], [2.550065559066847, 47.574702584987925], [2.520343250479196, 47.57236983807886], [2.506549278540187, 47.56809063081949], [2.491358293796867, 47.56829543763541], [2.49030097800149, 47.57177439528106], [2.456410883226804, 47.59383699882281], [2.447430035491882, 47.60657678246385], [2.438079384827312, 47.60977263923505], [2.440631474392112, 47.62028042260282], [2.451755267804868, 47.63644539289205], [2.453131091030401, 47.65423813544719], [2.470494993546982, 47.665767471379745], [2.493919532000257, 47.67002070689929], [2.516598530082198, 47.66283486724739], [2.546273058004139, 47.65946143021932], [2.564149362675516, 47.63703579041187], [2.546757277892121, 47.61658193781264], [2.559879196498727, 47.605776629150206], [2.57296821793567, 47.58676947629483], [2.566774983248164, 47.577718277222665], [2.57072455777166, 47.571260864254285], [2.567581351944558, 47.568485819940584]]]}",18188,108,14,1,45,24
60288,60380,GREMEVILLERS,OISE,PICARDIE,"Commune simple",170.0,688.0,0.4,"49.5591317883, 1.90615994772","{""type"": ""Polygon"", ""coordinates"": [[[1.910254233444749, 49.54464908636398], [1.908661389944379, 49.54745694141364], [1.895078307724096, 49.548951828776985], [1.894722685604908, 49.55456594543498], [1.882803811954293, 49.56011009956907], [1.880124886414749, 49.57398029998974], [1.883649935945073, 49.574578978102664], [1.921367448143134, 49.56335292709969], [1.934387659009252, 49.55916285715261], [1.937940502957374, 49.557729011994454], [1.930239230814771, 49.55137000101796], [1.910254233444749, 49.54464908636398]]]}",16983,288,35,1,60,22
39165,39300,CONTE,JURA,FRANCHE-COMTE,"Commune simple",705.0,331.0,0.1,"46.7496326396, 6.00775677762","{""type"": ""Polygon"", ""coordinates"": [[[6.006971498005531, 46.73867610621671], [5.995078284649139, 46.74403290742064], [5.996431219173964, 46.757612495287674], [5.998076671948525, 46.75773173930654], [6.017111317670803, 46.757215211153685], [6.025217798965824, 46.74811745792505], [6.024168775527624, 46.747406219682475], [6.015507260660058, 46.74581388395414], [6.006971498005531, 46.73867610621671]]]}",34806,165,20,2,39,43
05143,05300,SAINT-GENIS,HAUTES-ALPES,"PROVENCE-ALPES-COTE D'AZUR","Commune simple",932.0,1852.0,0.1,"44.3808485026, 5.79631196854","{""type"": ""Polygon"", ""coordinates"": [[[5.760884283877364, 44.353234714525456], [5.743869824622088, 44.37049457435015], [5.75886709851749, 44.37856829576565], [5.754423107884813, 44.391253628498646], [5.77111520034715, 44.39120398246844], [5.776870375876155, 44.395850834705286], [5.786466110560101, 44.38815029552614], [5.805104874851828, 44.39748594474311], [5.83761914014478, 44.39172552431999], [5.854779204086612, 44.385498943300874], [5.85727974958474, 44.37904768072638], [5.847771841955281, 44.37804207667606], [5.840613830315155, 44.3735521849989], [5.826496335919722, 44.37351037115043], [5.801809414151795, 44.37660069306416], [5.787509830848857, 44.37644140231961], [5.772224761744313, 44.36820761708092], [5.760884283877364, 44.353234714525456]]]}",11118,143,22,2,05,93
65442,65230,THERMES-MAGNOAC,HAUTES-PYRENEES,MIDI-PYRENEES,"Commune simple",336.0,1102.0,0.2,"43.2974962072, 0.603217695988","{""type"": ""Polygon"", ""coordinates"": [[[0.615325237745429, 43.28054704401019], [0.592129256807505, 43.28175153499081], [0.590184252825539, 43.28820599017981], [0.582487742185684, 43.29165199832483], [0.578519475147179, 43.30018502168066], [0.580323162656392, 43.30653435535243], [0.574983061155874, 43.31160766396767], [0.576903086282118, 43.31460271614534], [0.592952656547339, 43.309246308194574], [0.599695389584028, 43.31365319560583], [0.606810974957096, 43.31088599158548], [0.635725394813344, 43.29913861652718], [0.632703603053863, 43.29290769140922], [0.618933377058037, 43.290418241139854], [0.615325237745429, 43.28054704401019]]]}",18481,442,08,3,65,73
76020,76480,ANNEVILLE-AMBOURVILLE,SEINE-MARITIME,HAUTE-NORMANDIE,"Commune simple",11.0,2042.0,1.2,"49.450044528, 0.891983658071","{""type"": ""Polygon"", ""coordinates"": [[[0.907411653099063, 49.42427188767044], [0.878054818077206, 49.427546089935255], [0.864125609882183, 49.424046178774134], [0.857877633598183, 49.46124956167658], [0.864994304719831, 49.471580036952965], [0.898314590918916, 49.46107689402409], [0.906974677156177, 49.46452653419195], [0.911768683139324, 49.47454417119214], [0.924999305211628, 49.47935678117846], [0.934740561580227, 49.45668659509339], [0.935240123157141, 49.45420462858978], [0.910503044847871, 49.449995099855016], [0.907524209908727, 49.44728230303223], [0.910403790626083, 49.4340970770227], [0.907411653099063, 49.42427188767044]]]}",17340,020,16,3,76,23
31043,31580,BALESTA,HAUTE-GARONNE,MIDI-PYRENEES,"Commune simple",431.0,711.0,0.2,"43.2022153285, 0.563416823751","{""type"": ""Polygon"", ""coordinates"": [[[0.572608907761891, 43.19267897885735], [0.564452770667099, 43.189507438847066], [0.545674537722705, 43.19032375440198], [0.541720890961732, 43.199125019222954], [0.544752159596388, 43.20536757171716], [0.551874895718064, 43.209147130092866], [0.570230147874809, 43.21735536624122], [0.576958344352417, 43.21243101957512], [0.58881818235209, 43.20891696555609], [0.572608907761891, 43.19267897885735]]]}",21558,043,22,2,31,73
27221,27330,EPINAY,EURE,HAUTE-NORMANDIE,"Commune simple",182.0,1374.0,0.3,"48.978759462, 0.64180575286","{""type"": ""Polygon"", ""coordinates"": [[[0.644097883206807, 48.95991176405469], [0.635378094507459, 48.96749494273856], [0.623267952657344, 48.96369292226864], [0.611482474608096, 48.96981016656135], [0.603125042065588, 48.976210754602334], [0.612598287231018, 48.984190523445385], [0.615239414255634, 48.99394998191767], [0.625009122072677, 48.99166986188419], [0.642904739881972, 48.99767237451382], [0.653876209786664, 48.99056465887921], [0.657728027076813, 48.98487344662518], [0.682905976209471, 48.98516458495942], [0.685019681464061, 48.98312732013798], [0.676387084638527, 48.96955617336059], [0.652629918101001, 48.9673211573305], [0.644097883206807, 48.95991176405469]]]}",1301,221,03,2,27,23
55109,55600,CHAUVENCY-LE-CHATEAU,MEUSE,LORRAINE,"Commune simple",233.0,916.0,0.3,"49.5231474391, 5.30784952619","{""type"": ""Polygon"", ""coordinates"": [[[5.312169119855076, 49.507979884924765], [5.313022536275474, 49.50485264925902], [5.308717361278255, 49.50337025264281], [5.290107039789803, 49.50709496315682], [5.28048636742276, 49.506224374217744], [5.274566687299578, 49.51815877772776], [5.299541029150563, 49.52477261786948], [5.315618979517066, 49.533682425976274], [5.324927488666177, 49.55377875550341], [5.330455519036525, 49.55164977990583], [5.335130780959199, 49.54657896275635], [5.331167037471537, 49.534139830111414], [5.322382862666382, 49.52592873629215], [5.324067833928765, 49.51951279385287], [5.311394338217338, 49.5110156910711], [5.312169119855076, 49.507979884924765]]]}",14587,109,14,3,55,41
09207,09330,MONTGAILLARD,ARIEGE,MIDI-PYRENEES,"Chef-lieu canton",538.0,805.0,1.4,"42.9377639768, 1.64370144319","{""type"": ""Polygon"", ""coordinates"": [[[1.633193776316114, 42.91983099545504], [1.630249865101997, 42.92945328730378], [1.618145854879204, 42.93351662196517], [1.62107190515007, 42.944824131434615], [1.633931644630068, 42.9425508885623], [1.641823155078321, 42.94589787073455], [1.645478004922381, 42.95191626293347], [1.640902248193926, 42.957507005200796], [1.660630381460379, 42.952187094319655], [1.659436026112879, 42.93499307521811], [1.668256388615031, 42.9325573895156], [1.670007249579374, 42.92933217334064], [1.643092472621488, 42.926180451571625], [1.633193776316114, 42.91983099545504]]]}",1421,207,21,1,09,73
29112,29840,LANILDUT,FINISTERE,BRETAGNE,"Commune simple",38.0,583.0,0.9,"48.4817500302, -4.73355077306","{""type"": ""Polygon"", ""coordinates"": [[[-4.724699797387001, 48.47686384713438], [-4.730861195388784, 48.474581447511476], [-4.757139905395257, 48.47090970427036], [-4.772459240465023, 48.478130999841696], [-4.766668660447618, 48.480156282163335], [-4.759306792416428, 48.48387521932529], [-4.745485175895, 48.480983647556805], [-4.736083927312416, 48.48278249329086], [-4.728821472375204, 48.49114809155202], [-4.719183583269056, 48.49338571226081], [-4.703960631490936, 48.49150262596649], [-4.697775459863261, 48.48652670040882], [-4.724699797387001, 48.47686384713438]]]}",4512,112,27,1,29,53
35094,35440,DINGE,ILLE-ET-VILAINE,BRETAGNE,"Commune simple",75.0,5355.0,1.5,"48.3468879458, -1.71071061366","{""type"": ""Polygon"", ""coordinates"": [[[-1.751798335511786, 48.29943017447362], [-1.756530811347149, 48.300672997451755], [-1.757329847834131, 48.307419072626004], [-1.750199053319825, 48.316133433947975], [-1.756678004595973, 48.321281074322926], [-1.771004550715185, 48.32382261960853], [-1.777660448119633, 48.33638923529151], [-1.792589790440177, 48.3376240654723], [-1.772355806974746, 48.357631690345876], [-1.759732379261692, 48.36384548137407], [-1.708751163021254, 48.37241002711595], [-1.690259505732292, 48.383779067615265], [-1.674752275717205, 48.3799581691848], [-1.661154366739956, 48.3778085792468], [-1.655599219385318, 48.372673771550346], [-1.65107168202863, 48.37363582385473], [-1.649799210553505, 48.36674623707913], [-1.653945724906468, 48.3604187201923], [-1.649947360939037, 48.358178554777304], [-1.610104314812895, 48.35165329299509], [-1.623292959071458, 48.346488340546856], [-1.658198819223947, 48.34675953144009], [-1.669392214397805, 48.33151933735216], [-1.667579229795984, 48.32830121406366], [-1.680066393891847, 48.32418455941823], [-1.678228841198554, 48.31826364963653], [-1.696730700321021, 48.31465504030151], [-1.701310852189759, 48.31631170175945], [-1.701629304370316, 48.32304986748215], [-1.737566828162688, 48.32261610138014], [-1.743265463777709, 48.31716890557126], [-1.746673001536082, 48.2999696057253], [-1.751798335511786, 48.29943017447362]]]}",4618,094,17,3,35,53
55153,55400,DIEPPE-SOUS-DOUAUMONT,MEUSE,LORRAINE,"Commune simple",229.0,1508.0,0.2,"49.2195718638, 5.51909425729","{""type"": ""Polygon"", ""coordinates"": [[[5.52892090324631, 49.20414341670114], [5.521231493686972, 49.20832526159793], [5.491317417370559, 49.2066179347285], [5.478737259560331, 49.21853439447567], [5.49052720343967, 49.2301190841283], [5.508214399817263, 49.237712439792816], [5.515798576967121, 49.240288719672265], [5.525495168275171, 49.232944324088265], [5.545237376593749, 49.2299745879514], [5.541271087944456, 49.22388793449359], [5.559000103835965, 49.21972597581941], [5.561627192194941, 49.21371557459726], [5.548101773960075, 49.20449480179748], [5.52892090324631, 49.20414341670114]]]}",10803,153,08,3,55,41
41030,41360,CELLE,LOIR-ET-CHER,CENTRE,"Commune simple",134.0,1261.0,0.3,"47.8306173002, 0.796511873772","{""type"": ""Polygon"", ""coordinates"": [[[0.800782779147276, 47.811433374628145], [0.791300558395392, 47.813821086187154], [0.781047966151832, 47.82151461485717], [0.768412894654628, 47.83110672434788], [0.774170549691088, 47.8408139937783], [0.774015958853395, 47.85121013138712], [0.777548316392547, 47.85374407529287], [0.787708474847011, 47.853251895635296], [0.832887114182996, 47.82129603331256], [0.820476857865236, 47.815204636830615], [0.800782779147276, 47.811433374628145]]]}",34957,030,21,2,41,24
87001,87700,AIXE-SUR-VIENNE,HAUTE-VIENNE,LIMOUSIN,"Chef-lieu canton",253.0,2273.0,5.5,"45.798115839, 1.13256119886","{""type"": ""Polygon"", ""coordinates"": [[[1.151933511193032, 45.77191939872241], [1.139961579854414, 45.77693792454355], [1.124056931758602, 45.77070266831719], [1.115091033005977, 45.77205746295853], [1.111893511173818, 45.7812546624001], [1.088686304695113, 45.78523258556179], [1.097302384557904, 45.79710598023283], [1.116989202344331, 45.80624544605644], [1.114417038531305, 45.825370418888], [1.117686577140555, 45.82281280008406], [1.131360349938425, 45.82648074971591], [1.140553918698769, 45.82435363202034], [1.148898323785378, 45.82601297685455], [1.161393231856839, 45.81641710765303], [1.16469507434356, 45.788782277320635], [1.155733424771203, 45.78879830722661], [1.153068233547372, 45.78263872137877], [1.156549643519101, 45.77668775056288], [1.151933511193032, 45.77191939872241]]]}",9993,001,01,2,87,74
58193,58450,NEUVY-SUR-LOIRE,NIEVRE,BOURGOGNE,"Commune simple",160.0,2078.0,1.5,"47.5317453883, 2.89007280988","{""type"": ""Polygon"", ""coordinates"": [[[2.892394900473978, 47.498981143013204], [2.889574073828606, 47.50776405696846], [2.87462520640568, 47.52042311253978], [2.851701633167289, 47.535266668401846], [2.845187159794131, 47.54493474926191], [2.856629541986294, 47.55141238433218], [2.868582622469211, 47.54600762345938], [2.878365611598392, 47.55267026649794], [2.883391500580331, 47.55272040626157], [2.897469168720819, 47.55434487620461], [2.909374085901084, 47.559611524275276], [2.919040661389599, 47.55154441414078], [2.911802125354575, 47.538766169465305], [2.912548747815521, 47.521150849280914], [2.928194980987389, 47.506984111559746], [2.914995552843645, 47.50333859273534], [2.902184569330827, 47.50617304361932], [2.892394900473978, 47.498981143013204]]]}",30378,193,31,4,58,26
25496,25340,ROCHE-LES-CLERVAL,DOUBS,FRANCHE-COMTE,"Commune simple",367.0,528.0,0.1,"47.3634845097, 6.46991658309","{""type"": ""Polygon"", ""coordinates"": [[[6.46450595355199, 47.35287979233503], [6.450427159028826, 47.35333503159346], [6.45119683216611, 47.363440276560404], [6.452834755485869, 47.36910441475432], [6.459899125174553, 47.373958258554616], [6.484676183748978, 47.36903658767992], [6.494239143458792, 47.37127236559662], [6.49469810442716, 47.36223858074466], [6.482520897773114, 47.357909667216916], [6.472201882749936, 47.35726350260915], [6.46450595355199, 47.35287979233503]]]}",30559,496,08,2,25,43
52510,52130,VAUX-SUR-BLAISE,HAUTE-MARNE,CHAMPAGNE-ARDENNE,"Commune simple",200.0,711.0,0.4,"48.4691630131, 4.96829847611","{""type"": ""Polygon"", ""coordinates"": [[[4.995180110451379, 48.4558124542327], [4.947807307608326, 48.46326756462475], [4.940558446660743, 48.45860786817007], [4.928711922254898, 48.46391231769186], [4.930247216422718, 48.467027960766515], [4.94870238997671, 48.470613965584654], [4.966263601557511, 48.47483286471712], [4.967571162155762, 48.4808314452301], [4.988280090698824, 48.48332115094275], [4.999255033561358, 48.47969029593586], [4.984868693493341, 48.47042877068556], [4.98541757675064, 48.4634723696546], [4.995180110451379, 48.4558124542327]]]}",21912,510,28,3,52,21
86027,86580,BIARD,VIENNE,POITOU-CHARENTES,"Commune simple",120.0,749.0,1.6,"46.5859914233, 0.297504952601","{""type"": ""Polygon"", ""coordinates"": [[[0.303225450015332, 46.5690296671068], [0.297490638999094, 46.57455245801723], [0.287693633081234, 46.57530277791948], [0.279902574242246, 46.5798299754127], [0.277774318130453, 46.58659072810251], [0.27814788506738, 46.59009537568659], [0.281305825599052, 46.59672945591238], [0.301122004593073, 46.59801810005575], [0.307343336560932, 46.60357030166099], [0.31291092843329, 46.59803406700926], [0.310612840066282, 46.591376104881775], [0.315033450375108, 46.57859617415134], [0.311345912429481, 46.572572295771984], [0.303225450015332, 46.5690296671068]]]}",34548,027,36,3,86,54
76179,76690,CLERES,SEINE-MARITIME,HAUTE-NORMANDIE,"Chef-lieu canton",134.0,1156.0,1.3,"49.5912266795, 1.10310854217","{""type"": ""Polygon"", ""coordinates"": [[[1.08545620713485, 49.568749934053024], [1.070320796287753, 49.57722095868794], [1.06676346997675, 49.583214160377054], [1.070504138669962, 49.58558389451464], [1.080252619119749, 49.58777895136122], [1.090798418659238, 49.595325270023025], [1.097294493077789, 49.60810168602678], [1.08927477155366, 49.61173318862005], [1.091538023296689, 49.612622706512035], [1.099444950541235, 49.608674682203194], [1.114450023367607, 49.61064334462341], [1.130520154145843, 49.604293879139696], [1.133789950336304, 49.585125755774754], [1.102654813461347, 49.5820993209714], [1.08545620713485, 49.568749934053024]]]}",34668,179,11,3,76,23
55171,55400,EIX,MEUSE,LORRAINE,"Commune simple",291.0,1202.0,0.3,"49.1790990812, 5.47995693569","{""type"": ""Polygon"", ""coordinates"": [[[5.428564073434794, 49.16530966156361], [5.440308390212659, 49.174390788546354], [5.463305493672354, 49.186578168053764], [5.48284990650394, 49.18808370241893], [5.485776539570482, 49.19301544449541], [5.508491398027437, 49.19728477122928], [5.51945054755761, 49.1850118415993], [5.514058155349424, 49.17683115972796], [5.480522704264263, 49.16702062825778], [5.428564073434794, 49.16530966156361]]]}",34726,171,08,3,55,41
80183,80140,CERISY-BULEUX,SOMME,PICARDIE,"Commune simple",111.0,574.0,0.3,"49.9731167582, 1.73718329436","{""type"": ""Polygon"", ""coordinates"": [[[1.734903509446905, 49.95560130646689], [1.729044669092315, 49.956582713247364], [1.723737939755464, 49.962196205799195], [1.724391009033831, 49.97170768421126], [1.718222212205813, 49.97662013704457], [1.741207873162185, 49.99067509032759], [1.756732484434913, 49.97290282354385], [1.754126545095167, 49.96782758848081], [1.741025760357343, 49.964234862709674], [1.734903509446905, 49.95560130646689]]]}",8709,183,22,1,80,22
10245,10270,MONTAULIN,AUBE,CHAMPAGNE-ARDENNE,"Commune simple",119.0,1254.0,0.8,"48.2479487774, 4.1973065201","{""type"": ""Polygon"", ""coordinates"": [[[4.177209322460194, 48.22969131068771], [4.164006189623974, 48.24964610817329], [4.177571910786418, 48.25196837744636], [4.179540882745568, 48.26108228999484], [4.18147981039205, 48.26401444967075], [4.208900555434151, 48.2655460179076], [4.218193177886552, 48.262913057804134], [4.22174193540623, 48.25030535314211], [4.227632810672716, 48.24058870496384], [4.225586611604868, 48.233113966243494], [4.205760934903274, 48.2367014305953], [4.177209322460194, 48.22969131068771]]]}",30821,245,12,3,10,21
55132,55170,COUSANCES-LES-FORGES,MEUSE,LORRAINE,"Commune simple",204.0,1816.0,1.7,"48.6171588991, 5.0853615873","{""type"": ""Polygon"", ""coordinates"": [[[5.11945323998435, 48.59571611076619], [5.094680750857697, 48.59296925849518], [5.070285690258596, 48.595924668988246], [5.059390454630349, 48.61518990369004], [5.056657812859497, 48.632333470619386], [5.060375709167451, 48.640565354947604], [5.075302037397962, 48.64377047146014], [5.095526771065069, 48.64021311676781], [5.096420732935436, 48.63406069019556], [5.111625682426794, 48.6216175164102], [5.11403193328213, 48.615330012961806], [5.112391581804139, 48.60494805036906], [5.11945323998435, 48.59571611076619]]]}",34955,132,01,1,55,41
66069,66600,ESPIRA-DE-L'AGLY,PYRENEES-ORIENTALES,LANGUEDOC-ROUSSILLON,"Commune simple",100.0,2731.0,3.1,"42.7964740198, 2.82234963668","{""type"": ""Polygon"", ""coordinates"": [[[2.839612146893915, 42.76471925456671], [2.828698413889527, 42.766069086315994], [2.808993827851316, 42.768499479024726], [2.796601269062666, 42.77352997908331], [2.790489391401291, 42.782887561533464], [2.799420646026085, 42.794773806687076], [2.795818800268119, 42.81911718149888], [2.803059320852297, 42.827160639555295], [2.814073750862482, 42.83247665512538], [2.826515862645851, 42.82273207362465], [2.851432972411994, 42.81414613004587], [2.857521966631853, 42.80149375160355], [2.843097599616019, 42.78456001627553], [2.846351739766383, 42.76806500931776], [2.839612146893915, 42.76471925456671]]]}",31819,069,12,2,66,91
03310,03200,VICHY,ALLIER,AUVERGNE,Sous-préfecture,261.0,586.0,25.1,"46.1300051383, 3.42442081174","{""type"": ""Polygon"", ""coordinates"": [[[3.445162105362952, 46.11057328348513], [3.436544853128454, 46.11291203176633], [3.412923916774741, 46.12269879011311], [3.411113257929141, 46.14203909121897], [3.405660682147233, 46.14747969680512], [3.410612093138159, 46.15297296143713], [3.418164335093246, 46.14422858298456], [3.427552265590531, 46.14530125298854], [3.428236675832339, 46.138373827300065], [3.443754041096357, 46.11737759187398], [3.445162105362952, 46.11057328348513]]]}",19799,310,97,3,03,83
53131,53120,LESBOIS,MAYENNE,"PAYS DE LA LOIRE","Commune simple",177.0,601.0,0.2,"48.4514022952, -0.793461282551","{""type"": ""Polygon"", ""coordinates"": [[[-0.81151125776085, 48.43739661556494], [-0.808137872146338, 48.45359109353522], [-0.812743258654189, 48.454920251279034], [-0.793424355438128, 48.465266758225916], [-0.777874072452452, 48.465411682008664], [-0.779281230543365, 48.448470610645714], [-0.773966395562768, 48.442713516378724], [-0.81151125776085, 48.43739661556494]]]}",34948,131,12,3,53,52
68155,68040,INGERSHEIM,HAUT-RHIN,ALSACE,"Commune simple",217.0,740.0,4.7,"48.1014572023, 7.31053680908","{""type"": ""Polygon"", ""coordinates"": [[[7.304391075926161, 48.08865145676794], [7.288226650713206, 48.09482864186018], [7.290795827910181, 48.10426956927937], [7.302719063140564, 48.10908849468712], [7.302092075565009, 48.115599909537586], [7.32933474038206, 48.11416927388502], [7.324115107970543, 48.08821710165106], [7.304391075926161, 48.08865145676794]]]}",19852,155,12,5,68,42
97360,97317,APATOU,GUYANE,GUYANE,"Commune simple",110.0,215414.0,6.6,"4.83044768998, -54.2705505503","{""type"": ""Polygon"", ""coordinates"": [[[-53.9756119801926, 4.60479476999392], [-53.97772222018313, 4.596952940193836], [-53.97678944170049, 4.593478521275532], [-53.98037483493951, 4.58746457378397], [-53.99666000205367, 4.580575336430007], [-54.008795384897354, 4.567469699684022], [-54.018544464930066, 4.562938655535371], [-54.07493988070027, 4.553294844581003], [-54.09122965984736, 4.546052221677783], [-54.112649488141535, 4.545020410448039], [-54.129048880412526, 4.538400136656145], [-54.1326308830484, 4.538267145257143], [-54.14181732441431, 4.543583866981308], [-54.1626115793364, 4.53972604650286], [-54.16617747474287, 4.54005364178366], [-54.178763124960675, 4.546691611446836], [-54.192937671326035, 4.548245715103579], [-54.19779458329739, 4.553535387575841], [-54.20109521646789, 4.554947856110915], [-54.21483068626292, 4.558987297774774], [-54.236049333977455, 4.561791318191999], [-54.242096745773694, 4.565548555463343], [-54.25279022326966, 4.579626527496613], [-54.259850035611365, 4.580316919204804], [-54.2769003730303, 4.575018378064241], [-54.28044021544942, 4.575589226503578], [-54.303764884053386, 4.584378135596321], [-54.3070031842697, 4.585925629587353], [-54.312165179378404, 4.590851058431775], [-54.3233029136299, 4.613071150320941], [-54.342170928997184, 4.623260251210747], [-54.388397193333745, 4.621369665507707], [-54.39523653224148, 4.619313961829355], [-54.4027334686995, 4.61173719679778], [-54.42028656448598, 4.614316834194908], [-54.433900868136156, 4.630641528447431], [-54.43782813862932, 4.640628270980853], [-54.43440331017842, 4.654488836824367], [-54.42482167245832, 4.664523505201791], [-54.42703907314757, 4.681860533083055], [-54.43328371835042, 4.694391414409855], [-54.42786646295599, 4.714854389740744], [-54.4374735498523, 4.724604995796479], [-54.451681181512384, 4.723604194516992], [-54.45519453736498, 4.72420977256408], [-54.458272859208904, 4.726027566185683], [-54.465390872808385, 4.738345379618545], [-54.46563372990013, 4.741920145746516], [-54.4602926166067, 4.78080438575306], [-54.467201719048305, 4.812077265464469], [-54.46718552313688, 4.872462518863611], [-54.46928252367695, 4.889843869417112], [-54.47790028872222, 4.895452001655092], [-54.478881426168996, 4.898896400055754], [-54.47445316603062, 4.907832206936885], [-54.443355657480424, 4.941026868543837], [-54.439449621198875, 4.965709390481403], [-54.443033835844176, 4.983119426349155], [-54.43645241387631, 4.995390212999498], [-54.43752794158328, 5.016822943372037], [-54.42710377967475, 5.031299608673593], [-54.42063552031676, 5.04803129200025], [-54.41704307220933, 5.061912304601689], [-54.41720932306178, 5.079810201472252], [-54.41592109835995, 5.083158379233241], [-54.41123019004751, 5.088529423018505], [-54.408205258347024, 5.090459970015343], [-54.39465659292425, 5.095010928529036], [-54.37676887232681, 5.106926789015254], [-54.37419703677709, 5.109432899674382], [-54.36944632189533, 5.118976671965559], [-54.36989847053478, 5.129621947671568], [-54.363449162910655, 5.138181365115125], [-54.35067337495276, 5.144444108180979], [-54.34616893440975, 5.161518904219238], [-54.33479254267701, 5.175396848846619], [-54.30764371341339, 5.225800439524763], [-54.285830617705486, 5.249587607760479], [-54.279103792042264, 5.262285704492711], [-54.26291458302983, 5.276415583059151], [-54.255535155483635, 5.257387562473472], [-54.2573280903393, 5.240027555164223], [-54.248517601431836, 5.224538074428937], [-54.24574003903904, 5.222285379338835], [-54.229815119653324, 5.214310741775548], [-54.219410041669356, 5.216297092992065], [-54.214718845247084, 5.195600640038036], [-54.21635044746786, 5.181555876298627], [-54.192535182353105, 5.166510752394641], [-54.18651779264673, 5.157661858683011], [-54.17740044485736, 5.152233663546074], [-54.17466573764841, 5.134895257619253], [-54.174458940001045, 5.131337349831017], [-54.18069265513925, 5.118506861748862], [-54.182578479401116, 5.115471507020387], [-54.20342735013627, 5.096137143686803], [-54.217801747035175, 5.075679048815996], [-54.21889403651854, 5.061610059747854], [-54.21079775251226, 5.041814848107309], [-54.21369618816558, 5.024918746552768], [-54.23033788705947, 5.018757674406439], [-54.23457740983275, 5.009063040742909], [-54.24602953486976, 5.000877259627154], [-54.2541504528296, 4.989339002441253], [-54.26741346660449, 4.97777529996055], [-54.269335070822514, 4.974803244603304], [-54.278434963290756, 4.951907136154833], [-54.26698536203638, 4.945695570299738], [-54.266368116717075, 4.93183439848697], [-54.25298477675069, 4.920474409189063], [-54.24635137559364, 4.904474573227282], [-54.22272164781659, 4.906386548180648], [-54.213512195997694, 4.89574547621826], [-54.20625833611327, 4.879657100672319], [-54.20563187409913, 4.869091937834561], [-54.1967827751377, 4.858267748061798], [-54.19549751816617, 4.854967875301249], [-54.19624224548991, 4.840999791388412], [-54.188848088132744, 4.829201781515971], [-54.16897133241894, 4.822691930580085], [-54.15533632812179, 4.826224155261817], [-54.14891280254837, 4.823625374729336], [-54.138815663840646, 4.821115760797898], [-54.13197860233134, 4.804887464986649], [-54.118503919055414, 4.788291733766403], [-54.12332823627909, 4.783834335963089], [-54.13398174217426, 4.784065647965945], [-54.153303866895385, 4.799441496850116], [-54.16016826332898, 4.79811799888835], [-54.1631919018618, 4.791844117390208], [-54.16336771701995, 4.781121136036994], [-54.17593397463732, 4.768597560366856], [-54.177874536192206, 4.761786822664336], [-54.17677837383172, 4.758368426863555], [-54.16177986108416, 4.743018182394438], [-54.15883531626502, 4.74097213546977], [-54.152347979759824, 4.737975704159078], [-54.1320400289652, 4.731049235839233], [-54.1284733370836, 4.730794377277628], [-54.115097406724345, 4.735705688391948], [-54.10815997056565, 4.734752276964498], [-54.106219654218755, 4.731743811772223], [-54.104764397121485, 4.714306637137083], [-54.08752368710136, 4.710661668596787], [-54.06039055650999, 4.693319223365816], [-54.0429454421235, 4.690269799093942], [-54.02208740348153, 4.676691695543498], [-54.015033077723956, 4.67573739185811], [-54.00482722080954, 4.678997514274812], [-53.97767812878535, 4.695800488699577], [-53.96698073915024, 4.695864181665828], [-53.954552831603735, 4.689158978616748], [-53.95290334255411, 4.68234470386168], [-53.956056817707264, 4.672049825688917], [-53.98090070626235, 4.625073263547431], [-53.980504896990674, 4.614387041759898], [-53.9756119801926, 4.60479476999392]]]}",20,360,16,2,97,03
97617,97680,TSINGONI,MAYOTTE,MAYOTTE,"Chef-lieu canton",147.0,3426.0,9.2,"-12.7821666736, 45.1344279083","{""type"": ""Polygon"", ""coordinates"": [[[45.15256258560858, -12.803983108561635], [45.13249684444117, -12.810025531134476], [45.122258320771905, -12.80772456213984], [45.09980935197049, -12.80160298146627], [45.10282050682206, -12.796863374338628], [45.11200627516532, -12.795250005082728], [45.1112125668893, -12.792284288417688], [45.09838634134661, -12.791258501777342], [45.09599764647681, -12.78520067181002], [45.10168867076047, -12.777593498693376], [45.12598195295087, -12.75390881813296], [45.158571771760755, -12.761957505542156], [45.17311067398178, -12.763494707107983], [45.171330351864974, -12.773858961663759], [45.15256258560858, -12.803983108561635]]]}",3,617,19,0,97,06
97310,97311,ROURA,GUYANE,GUYANE,"Chef-lieu canton",55.0,369410.0,2.6,"4.46468598944, -52.5128388412","{""type"": ""Polygon"", ""coordinates"": [[[-52.16616077802545, 4.812139912543604], [-52.163462624171096, 4.805514673254851], [-52.166192457887384, 4.798952516409802], [-52.16280628555188, 4.785291554485861], [-52.16994963118118, 4.76553455913564], [-52.179768955906766, 4.755586602741309], [-52.18542793451515, 4.727465740302958], [-52.18580951871997, 4.723892401955582], [-52.179545392378564, 4.703389488839203], [-52.18034183401198, 4.699887802954799], [-52.18455105299885, 4.694091998767051], [-52.187052855259815, 4.691528074885232], [-52.199553795112394, 4.684714108203148], [-52.202425799571465, 4.682556528793645], [-52.20843239143587, 4.673691404754983], [-52.217726735679996, 4.668682650465911], [-52.22567502192444, 4.656874574761602], [-52.23086465804182, 4.639807313598867], [-52.23508566304738, 4.615216624738273], [-52.23093641951367, 4.597785744221518], [-52.21646441948582, 4.573344678972556], [-52.208844890568706, 4.565977080051323], [-52.2059031597292, 4.563919830700292], [-52.191822819774025, 4.5628579843959], [-52.18324077795591, 4.55645036285476], [-52.17183433547101, 4.547912615848682], [-52.17281127265849, 4.544519202954864], [-52.181210798374, 4.533063766491412], [-52.20420468547936, 4.518029581697808], [-52.20743889056154, 4.511783320117528], [-52.207613254217485, 4.50821939685796], [-52.20613647494248, 4.487075197736919], [-52.20408620531439, 4.48432897364694], [-52.194058699541245, 4.486217717684556], [-52.192341333531445, 4.483109110948076], [-52.19014078485218, 4.465393898345894], [-52.1832542768049, 4.453293996725537], [-52.18457686810546, 4.446309247236435], [-52.186248035885555, 4.443167997231158], [-52.20750635451901, 4.415212247643627], [-52.20792867134957, 4.39770991553274], [-52.21454155864912, 4.396930349978376], [-52.22635876439711, 4.404698478366942], [-52.240282440110036, 4.405606971641916], [-52.26046139622239, 4.386045716869582], [-52.260887954808055, 4.382490467212027], [-52.26299697300887, 4.372040393571655], [-52.281479649183126, 4.357257346217692], [-52.29080920015963, 4.375312288500738], [-52.30298622602389, 4.38270763245023], [-52.313446509620114, 4.382128555331875], [-52.314901460836836, 4.379403627016076], [-52.305738250847966, 4.374499512759666], [-52.305729173842735, 4.364044145668394], [-52.306876666118846, 4.360668568537102], [-52.32031842149418, 4.349402855084304], [-52.325124799186014, 4.336189604536504], [-52.332156623420026, 4.32820914362182], [-52.33448369020856, 4.314195333329854], [-52.34124806935442, 4.297686537740144], [-52.343621904271295, 4.295023320492754], [-52.35973304915836, 4.281066564208942], [-52.366562086054365, 4.281108651702217], [-52.37258690937523, 4.284869297973326], [-52.37948641262257, 4.284015756732763], [-52.393864099134426, 4.273561760134209], [-52.402113199692884, 4.26191596955791], [-52.41269147410153, 4.253105738396628], [-52.42912981705557, 4.246898319206182], [-52.43868726091273, 4.236841718252166], [-52.50328563438475, 4.236944774319095], [-52.51255363638338, 4.231618038103366], [-52.5208101801453, 4.215793547409066], [-52.527525994627055, 4.213745543900233], [-52.53769323627623, 4.217062556687795], [-52.54106875670915, 4.215853065536225], [-52.549278978702326, 4.208873201405296], [-52.550993161338376, 4.205704549898578], [-52.55176086799025, 4.20219413271653], [-52.54855232694191, 4.192107934123257], [-52.55024857576802, 4.188984548639884], [-52.56566637659598, 4.17397781392064], [-52.580100538240764, 4.149269387547704], [-52.59101650500582, 4.140140767868422], [-52.593267584974896, 4.126317982429356], [-52.61255145472039, 4.117923008442459], [-52.615018298801, 4.104063713691695], [-52.617761297283366, 4.102140980984132], [-52.631170897188085, 4.106363966271578], [-52.65546624280306, 4.100571489109694], [-52.66928002576106, 4.104313643763117], [-52.68565652247707, 4.097560265782338], [-52.69256361517049, 4.09741905053563], [-52.69658106900467, 4.110649323690548], [-52.713353262723146, 4.129069774457881], [-52.73284390166135, 4.138205744281125], [-52.73711626709054, 4.143956566067115], [-52.775847002468026, 4.142269864932522], [-52.81078423692371, 4.159832129465655], [-52.821095449859946, 4.159636515846072], [-52.83674570905113, 4.178281312668846], [-52.84372911523329, 4.179919615398528], [-52.8444037961144, 4.183444468983464], [-52.82722050487011, 4.183502893310306], [-52.82285526590112, 4.188558667673894], [-52.82649734246825, 4.209473922881974], [-52.822431566527605, 4.223254837749501], [-52.825859143620995, 4.233129941601057], [-52.82331506909617, 4.254367163236664], [-52.82620326128999, 4.26835769359047], [-52.83582884294715, 4.278498119018145], [-52.82876751050745, 4.289971529852756], [-52.824683694850435, 4.307423785742178], [-52.82467423991911, 4.311013575647991], [-52.828436293792905, 4.321014253851135], [-52.843758782193014, 4.336140762824498], [-52.85364973635405, 4.351099261250749], [-52.857376723121455, 4.383135116964061], [-52.86337961283722, 4.391782416719125], [-52.86470281312586, 4.394998063754881], [-52.864261053735774, 4.39848034594825], [-52.85358926856658, 4.425181105883429], [-52.851587657327634, 4.428133835771431], [-52.845787283795595, 4.432289627024441], [-52.83254794745774, 4.437467596056646], [-52.82786827470261, 4.450472834782144], [-52.81427076978555, 4.449412392233827], [-52.809654047803, 4.462516982461215], [-52.798384707063036, 4.470520036602521], [-52.80092336314487, 4.480740656589966], [-52.789070376881945, 4.493401975929476], [-52.79016838485707, 4.507659086336945], [-52.78851830507979, 4.510837024099809], [-52.77791457349088, 4.511333286871568], [-52.76471249333921, 4.540211033750214], [-52.752048522098335, 4.546002015256997], [-52.740170786674625, 4.56783250749416], [-52.74334898471329, 4.581614708674191], [-52.736124171350276, 4.593713219187335], [-52.728148303149794, 4.600876289714433], [-52.71783665175391, 4.59986134780561], [-52.709311070418636, 4.610923043497094], [-52.702793465429735, 4.613823342231276], [-52.69871482259139, 4.630517033781965], [-52.696703163456604, 4.63346981001478], [-52.67377530163591, 4.655987010245767], [-52.664916324216335, 4.679058437012898], [-52.651150175625354, 4.681397010689349], [-52.6484337111217, 4.683718422878667], [-52.64241565268377, 4.692549525885368], [-52.6436218892818, 4.699600232004818], [-52.63002931803515, 4.703195129886724], [-52.62357751411462, 4.711710712919007], [-52.62326945264228, 4.718783132146732], [-52.61640459172617, 4.720273184097322], [-52.615062855711415, 4.716930350767885], [-52.60169319537968, 4.711879050527532], [-52.584160953232434, 4.715473236549736], [-52.56523692454309, 4.705487071119324], [-52.554740952711796, 4.703629571491977], [-52.54599103114432, 4.692408067771091], [-52.52185509365333, 4.676833883508442], [-52.50092432276344, 4.671877937121417], [-52.49231218960428, 4.665583848134323], [-52.47165313905506, 4.661123681819495], [-52.46817395499834, 4.661121917398897], [-52.465212314626775, 4.66294589909548], [-52.45800023889581, 4.675414224636576], [-52.45336938191389, 4.685200216046475], [-52.45215049373017, 4.688585138511354], [-52.448083727520824, 4.709683803257134], [-52.428826649734155, 4.743511661815512], [-52.43075783847576, 4.757625175135791], [-52.423659423114046, 4.777699291238563], [-52.42080859200115, 4.776701329971597], [-52.41745234238361, 4.766633330471248], [-52.39982447722247, 4.764905885940313], [-52.38503843929537, 4.755222512736278], [-52.37289094618505, 4.762147488059493], [-52.37242023303517, 4.765720851098383], [-52.35351853740396, 4.758106957749449], [-52.34320422183793, 4.743620228366089], [-52.340540227500156, 4.741246772077324], [-52.33701443713697, 4.740756171386494], [-52.32753100117722, 4.745640282300199], [-52.31061592886008, 4.772760404150325], [-52.29863631371413, 4.802484901611836], [-52.2936673646274, 4.830477669569706], [-52.285203624599625, 4.84617676682323], [-52.2792599491874, 4.850022877830697], [-52.26198741528068, 4.846953109918221], [-52.25521981003972, 4.84905499391764], [-52.23608831588659, 4.869910874063578], [-52.22997695368911, 4.861175954838059], [-52.20621652470371, 4.855674515248631], [-52.189757121465156, 4.833055735363406], [-52.18643070712435, 4.823103301282393], [-52.176366256927224, 4.821963075038063], [-52.16616077802545, 4.812139912543604]]]}",10,310,11,1,97,03
97416,97410,SAINT-PIERRE,REUNION,REUNION,Sous-préfecture,295.0,9632.0,77.1,"-21.3123242427, 55.4936155164","{""type"": ""Polygon"", ""coordinates"": [[[55.53614496607191, -21.36305328149541], [55.50088531937079, -21.3511708658814], [55.485789185416046, -21.350818646092147], [55.477384839807186, -21.34393184287238], [55.462682678127564, -21.341946204090867], [55.459354937938734, -21.340235607137945], [55.4498176885138, -21.329407831129853], [55.42754282368825, -21.325352954027107], [55.41762042001625, -21.320192473152744], [55.4039192539977, -21.303505996763175], [55.41991668266603, -21.29477777355703], [55.45551591387857, -21.28602112896066], [55.46571681746986, -21.27634075292153], [55.470795227187295, -21.26705587990674], [55.4704815507114, -21.260106671651986], [55.479702243164795, -21.254589637314847], [55.502837280766265, -21.282302422494173], [55.51468090106372, -21.291061013873517], [55.51320414546415, -21.29797634875463], [55.53363776124388, -21.31359325826404], [55.54827484941034, -21.310278600765695], [55.570945621783906, -21.297528098304696], [55.58012344441857, -21.286332248179612], [55.60188234402916, -21.27252167692082], [55.604298029869604, -21.28819652528439], [55.59379221583927, -21.291225596318174], [55.578345399505096, -21.310860635112547], [55.54726668368644, -21.322609193028565], [55.53614496607191, -21.36305328149541]]]}",16,416,98,2,97,04
97117,97160,"LE MOULE",GUADELOUPE,GUADELOUPE,"Chef-lieu canton",33.0,8345.0,21.8,"16.3204595682, -61.3718985191","{""type"": ""Polygon"", ""coordinates"": [[[-61.33595977156436, 16.28602945095379], [-61.33785216699852, 16.289080745380186], [-61.35965640115046, 16.288735912636884], [-61.36173761004737, 16.291634860736085], [-61.35968944622169, 16.298261189443256], [-61.36542283367643, 16.300835982081644], [-61.377669501809564, 16.29314942857244], [-61.42324623662877, 16.279378073404526], [-61.43743374260846, 16.280206321865144], [-61.43848928669336, 16.28634142132491], [-61.44149193805961, 16.287646871639613], [-61.44142651994171, 16.291189022808986], [-61.42833261777205, 16.30800987015472], [-61.418502807721886, 16.303833599340194], [-61.40180235741776, 16.310368325266772], [-61.40683375609841, 16.33042368800162], [-61.42108343672457, 16.330937488488935], [-61.4293591706195, 16.342368121488104], [-61.423477266453766, 16.346372896969395], [-61.423374777053134, 16.353312712340767], [-61.418652782122436, 16.358518900168097], [-61.41948738960576, 16.368791412586994], [-61.414054533914374, 16.377335862492494], [-61.415566646301336, 16.39062284139738], [-61.40526482730729, 16.393382622623687], [-61.405472847600855, 16.386226802670617], [-61.40031137851929, 16.372848840639655], [-61.375819411981574, 16.341610034013858], [-61.340483460739804, 16.332153366546596], [-61.333236947616115, 16.33358732091553], [-61.31137717555962, 16.33003368980028], [-61.277962639129, 16.31665137325734], [-61.28142911842331, 16.303314337922775], [-61.305733045847596, 16.30512822231712], [-61.31837593652069, 16.299526984415717], [-61.32254945547056, 16.290704015933194], [-61.33595977156436, 16.28602945095379]]]}",17,117,96,2,97,01
28133,28220,DOUY,EURE-ET-LOIR,CENTRE,"Commune simple",116.0,688.0,0.5,"48.0366150829, 1.27967684752","{""type"": ""Polygon"", ""coordinates"": [[[1.27344936097275, 48.0218873845808], [1.256939029959135, 48.03881815197304], [1.261260852552644, 48.048216141516505], [1.273335142975542, 48.0439113289105], [1.294461075564358, 48.05104196660623], [1.302379454296896, 48.04734000832389], [1.291463100844492, 48.03204244978409], [1.295941083920443, 48.03050518053477], [1.287782102690264, 48.02220480091161], [1.27344936097275, 48.0218873845808]]]}",13614,133,11,2,28,24
71386,71440,SAINT-ANDRE-EN-BRESSE,SAONE-ET-LOIRE,BOURGOGNE,"Commune simple",198.0,486.0,0.1,"46.6509686442, 5.08602391583","{""type"": ""Polygon"", ""coordinates"": [[[5.081504303801118, 46.63581661553998], [5.079494291444094, 46.64480643959], [5.067320202688594, 46.653808788966], [5.085623903266072, 46.66480853609969], [5.094167395762791, 46.662428005794936], [5.099473391148702, 46.65482780900312], [5.095205149480399, 46.63844033464284], [5.081504303801118, 46.63581661553998]]]}",27024,386,35,4,71,26
54352,54230,MARON,MEURTHE-ET-MOSELLE,LORRAINE,"Commune simple",330.0,1912.0,0.8,"48.6577116838, 6.05780726242","{""type"": ""Polygon"", ""coordinates"": [[[6.053165108282673, 48.62214764629141], [6.048324305290692, 48.623657966877495], [6.038127821755213, 48.65079732953675], [6.017379670090746, 48.66180228661173], [6.030431609964175, 48.667321885616474], [6.073991052660044, 48.692589213807906], [6.080584896086799, 48.66721495432098], [6.085442477614095, 48.650508268907416], [6.069705741292766, 48.63353262314377], [6.05662179876819, 48.62855820502461], [6.053165108282673, 48.62214764629141]]]}",802,352,33,3,54,41
17075,17430,CABARIOT,CHARENTE-MARITIME,POITOU-CHARENTES,"Commune simple",11.0,1524.0,1.3,"45.9278243256, -0.849803658691","{""type"": ""Polygon"", ""coordinates"": [[[-0.826213936896975, 45.90836717118679], [-0.840130676531204, 45.909400795277556], [-0.85771488398544, 45.90543914250834], [-0.869000793622758, 45.91112094549771], [-0.87667338918916, 45.9193869879596], [-0.871715714861364, 45.9284284029519], [-0.876977791634111, 45.93380181684681], [-0.864979224647794, 45.94031621502404], [-0.855395525291004, 45.95256206158301], [-0.836822614340758, 45.95813409948419], [-0.833417528490276, 45.95564404125914], [-0.842374812022623, 45.93620002866617], [-0.825949160739361, 45.92928309697253], [-0.822804312831831, 45.919715845203605], [-0.825958644746529, 45.91473174601361], [-0.821421310809274, 45.91151343694709], [-0.826213936896975, 45.90836717118679]]]}",30829,075,39,2,17,54
61231,61320,LONGUENOE,ORNE,BASSE-NORMANDIE,"Commune simple",256.0,448.0,0.1,"48.5162399583, -0.0655173755231","{""type"": ""Polygon"", ""coordinates"": [[[-0.061591277180852, 48.49859143660307], [-0.069309014948365, 48.50292957905952], [-0.080529005502905, 48.5276574659965], [-0.067068573520509, 48.529482086090695], [-0.058883120769668, 48.52694733008569], [-0.051274472568929, 48.515214668192264], [-0.059497701063816, 48.50728793932004], [-0.057650417740425, 48.50070056618027], [-0.061591277180852, 48.49859143660307]]]}",27065,231,08,1,61,25
58298,58400,TRONSANGES,NIEVRE,BOURGOGNE,"Commune simple",195.0,875.0,0.4,"47.1171713979, 3.05070672439","{""type"": ""Polygon"", ""coordinates"": [[[3.069285381642636, 47.10006954628233], [3.065037860187025, 47.098361425389974], [3.054602600412932, 47.10493907602672], [3.030249522795469, 47.10705472843143], [3.029999683245446, 47.10831522253667], [3.028282785470966, 47.12843742726965], [3.054366727688472, 47.132551481274], [3.074801421189802, 47.122573750181], [3.068814371155788, 47.11325032276337], [3.069285381642636, 47.10006954628233]]]}",920,298,02,4,58,26
52310,52320,MARBEVILLE,HAUTE-MARNE,CHAMPAGNE-ARDENNE,"Commune simple",330.0,1776.0,0.1,"48.2625993866, 5.02188488237","{""type"": ""Polygon"", ""coordinates"": [[[5.013296659102513, 48.233154872978844], [5.012323019224047, 48.233765499236014], [4.99666623622095, 48.247234875935334], [5.004101353741149, 48.259907721260525], [5.001299704345644, 48.26990061572367], [5.006692171685966, 48.27945760269841], [4.997553855042438, 48.28987258749009], [5.000556014336352, 48.29434896466413], [5.014419030673876, 48.29393372678659], [5.019122358871901, 48.28785036298311], [5.033173973541168, 48.283631525087294], [5.039633431069624, 48.27840808660877], [5.043373415378362, 48.26845202006639], [5.04110689534945, 48.26179478596565], [5.049509627627474, 48.26573567167138], [5.054673491101751, 48.25330624752713], [5.042291918167584, 48.248543473668434], [5.044649677636674, 48.245748517754926], [5.036587787317198, 48.24460961770113], [5.035429445267997, 48.241830374840035], [5.032412791420765, 48.239425115486576], [5.013296659102513, 48.233154872978844]]]}",561,310,27,1,52,21
85259,85500,SAINT-PAUL-EN-PAREDS,VENDEE,"PAYS DE LA LOIRE","Commune simple",122.0,1228.0,1.2,"46.8303789022, -0.964515191283","{""type"": ""Polygon"", ""coordinates"": [[[-0.996984208879407, 46.809976684038794], [-0.998029558718985, 46.810796785595926], [-1.000680313421193, 46.81752922678281], [-0.997449137459904, 46.82410571561905], [-0.977474720609735, 46.83433681944222], [-0.96374185702848, 46.84862236613356], [-0.941249938787608, 46.8510181324932], [-0.943866935443385, 46.84816079732331], [-0.935285892890533, 46.84019702861963], [-0.938429132722649, 46.82362791893546], [-0.942692933498054, 46.821940161017466], [-0.966284751717394, 46.81912708421199], [-0.996984208879407, 46.809976684038794]]]}",5799,259,08,2,85,52
67172,67870,GRIESHEIM-PRES-MOLSHEIM,BAS-RHIN,ALSACE,"Commune simple",178.0,467.0,2.0,"48.5020356636, 7.53113191824","{""type"": ""Polygon"", ""coordinates"": [[[7.511612096393503, 48.49429291502753], [7.514379091017151, 48.511154685129604], [7.51779936189392, 48.51150213058913], [7.545481467082305, 48.507471843292784], [7.553426925557839, 48.50386934513033], [7.555428441978906, 48.501467734407285], [7.548808011536217, 48.49533294304964], [7.511612096393503, 48.49429291502753]]]}",26394,172,18,3,67,42
76403,76450,MALLEVILLE-LES-GRES,SEINE-MARITIME,HAUTE-NORMANDIE,"Commune simple",70.0,306.0,0.2,"49.8304035234, 0.606063626778","{""type"": ""Polygon"", ""coordinates"": [[[0.60355920058203, 49.815739451081306], [0.603611684019704, 49.82172664273175], [0.596324358234032, 49.82543024652224], [0.600277383254902, 49.83148516270374], [0.594126038451295, 49.836702975107926], [0.600218598067348, 49.841901151259464], [0.609691816057729, 49.84409134137908], [0.616718314823727, 49.821003653622526], [0.60355920058203, 49.815739451081306]]]}",10817,403,09,1,76,23
07149,07190,MARCOLS-LES-EAUX,ARDECHE,RHONE-ALPES,"Commune simple",974.0,1604.0,0.3,"44.8058528887, 4.3890569537","{""type"": ""Polygon"", ""coordinates"": [[[4.386203357260436, 44.7786093598437], [4.378670249382864, 44.78126058266276], [4.370135475651342, 44.779673552038545], [4.375270965253741, 44.79270252216017], [4.360828954203103, 44.801552059674194], [4.380910650924621, 44.831820463896314], [4.384073696841572, 44.83333886095402], [4.410765105489475, 44.820837346384856], [4.415741597238439, 44.80744702177778], [4.413763777391956, 44.8007277714126], [4.396154433186878, 44.78477865004979], [4.386203357260436, 44.7786093598437]]]}",4816,149,20,2,07,82
24409,24400,SAINT-FRONT-DE-PRADOUX,DORDOGNE,AQUITAINE,"Commune simple",75.0,904.0,1.1,"45.0595554075, 0.360152317983","{""type"": ""Polygon"", ""coordinates"": [[[0.376701259650641, 45.03721149933464], [0.360278942359466, 45.0421926011806], [0.353354160089373, 45.04647860593156], [0.349487363974016, 45.04467492781095], [0.340642834751594, 45.04654509873443], [0.347922803344001, 45.06240333591128], [0.343299835404822, 45.074896763161384], [0.350151710385894, 45.082438335984605], [0.358652139562969, 45.07450507821816], [0.380988153451732, 45.06860010007625], [0.379553849575188, 45.05661161168142], [0.366462461234266, 45.053636164922544], [0.365331492577353, 45.050393239863745], [0.377563545368716, 45.04050201272903], [0.376701259650641, 45.03721149933464]]]}",19073,409,24,3,24,72
50416,50460,QUERQUEVILLE,MANCHE,BASSE-NORMANDIE,"Commune simple",51.0,569.0,5.4,"49.6589548006, -1.70909237972","{""type"": ""Polygon"", ""coordinates"": [[[-1.732628282393371, 49.641190848253274], [-1.737663613907627, 49.65006866688029], [-1.722749865155364, 49.66259496260636], [-1.708197348349136, 49.66495108673017], [-1.704437663821817, 49.670821768661455], [-1.694777557174002, 49.67029519036434], [-1.68603957636561, 49.67332389776471], [-1.679176374406157, 49.66895258578566], [-1.683579119243426, 49.6675047595497], [-1.679680454293779, 49.66172295233464], [-1.688863671875816, 49.66099984129201], [-1.699351326153194, 49.65545465831013], [-1.726094125161326, 49.64624339994413], [-1.732628282393371, 49.641190848253274]]]}",15883,416,50,2,50,25
86188,86700,PAYRE,VIENNE,POITOU-CHARENTES,"Commune simple",132.0,2637.0,1.0,"46.35015698, 0.189782511549","{""type"": ""Polygon"", ""coordinates"": [[[0.211561184328925, 46.324080481053976], [0.190463210489052, 46.331977880859746], [0.177368795982455, 46.32811314059693], [0.156185386679147, 46.34327375138501], [0.137597849940263, 46.34939518270096], [0.139826299030579, 46.36325536441857], [0.157838894906149, 46.36827415817725], [0.177608960003523, 46.36680097347334], [0.196879612104671, 46.369456873937466], [0.202483967080727, 46.375162892920265], [0.207131430176452, 46.37592555109504], [0.218923785933004, 46.3703390560357], [0.217173093733286, 46.36356566981147], [0.227822388366749, 46.35606728697067], [0.231149602426077, 46.349471567371644], [0.239506801316954, 46.34579087377973], [0.233562512374665, 46.34215978692808], [0.23506297550462, 46.339502140266234], [0.211561184328925, 46.324080481053976]]]}",19186,188,06,2,86,54
57454,57245,MECLEUVES,MOSELLE,LORRAINE,"Commune simple",232.0,1288.0,1.2,"49.0513378937, 6.2779740963","{""type"": ""Polygon"", ""coordinates"": [[[6.275332098091845, 49.028884069312035], [6.266320696761334, 49.03030859642653], [6.259286888872461, 49.042306996220404], [6.261784223133414, 49.048061718615976], [6.251043725962654, 49.06280569933833], [6.250863997236872, 49.06321552414595], [6.268385908066281, 49.06939932142679], [6.272454024727366, 49.075479948782494], [6.270315775357985, 49.078498874482094], [6.281454481149699, 49.072678660956335], [6.289662174828823, 49.073588055945166], [6.298111052871938, 49.0679478181036], [6.28965113588575, 49.04556449168462], [6.291697499103926, 49.04243058455797], [6.296879090179432, 49.04232438726469], [6.306930459142659, 49.03185137517655], [6.275332098091845, 49.028884069312035]]]}",19333,454,33,4,57,41
89474,89360,VILLIERS-VINEUX,YONNE,BOURGOGNE,"Commune simple",133.0,1122.0,0.3,"47.9423289612, 3.82464741849","{""type"": ""Polygon"", ""coordinates"": [[[3.813445621165836, 47.926065175928336], [3.812594711007789, 47.92908606056415], [3.794535375159916, 47.929452578987], [3.784032521098733, 47.93461709807905], [3.79657548381875, 47.938681696233544], [3.811816316950436, 47.95873710191874], [3.818458395029542, 47.954155127567056], [3.830659301228329, 47.958155471519134], [3.842378009180234, 47.952771156194906], [3.856034971285952, 47.949765515846714], [3.86390750147651, 47.93796296533891], [3.859259771847155, 47.93960804055548], [3.850913958839605, 47.93534878083063], [3.820409275381458, 47.931299746648456], [3.813445621165836, 47.926065175928336]]]}",23026,474,16,2,89,26
24313,24170,ORLIAC,DORDOGNE,AQUITAINE,"Commune simple",245.0,1076.0,0.1,"44.7131022876, 1.06171600092","{""type"": ""Polygon"", ""coordinates"": [[[1.090013133027075, 44.689950837331246], [1.081607904861713, 44.69284031314554], [1.069468969790338, 44.702967618250874], [1.04663045266725, 44.70320635907043], [1.032165514727112, 44.70628226466414], [1.034910691995137, 44.71627331933713], [1.044057913087807, 44.724189195816685], [1.047703192372428, 44.734177825909924], [1.084272432919288, 44.71805695111416], [1.089224325503974, 44.70836248597605], [1.08387521017927, 44.69930051856782], [1.090013133027075, 44.689950837331246]]]}",23146,313,47,4,24,72
61218,61100,"LA LANDE-PATRY",ORNE,BASSE-NORMANDIE,"Commune simple",199.0,650.0,1.8,"48.7535484464, -0.598148128234","{""type"": ""Polygon"", ""coordinates"": [[[-0.603690881438493, 48.737039716305], [-0.620723186552514, 48.754558100352156], [-0.611186854032705, 48.761374525223175], [-0.601357210390069, 48.764372523594986], [-0.587301340503223, 48.76851411619013], [-0.576407047958575, 48.752050026938], [-0.603690881438493, 48.737039716305]]]}",34923,218,40,2,61,25
82079,82370,LABASTIDE-SAINT-PIERRE,TARN-ET-GARONNE,MIDI-PYRENEES,"Commune simple",99.0,2061.0,3.6,"43.9190655964, 1.34640200769","{""type"": ""Polygon"", ""coordinates"": [[[1.362585468845461, 43.89252343378325], [1.356253256851207, 43.89759502675709], [1.346534145600209, 43.89749328082525], [1.325923880141394, 43.906270640344985], [1.313838966533499, 43.9006478277661], [1.306084785265102, 43.91611839845279], [1.317809151695888, 43.92053932585616], [1.321604785973457, 43.92655673639571], [1.325503767436391, 43.932899665251504], [1.334975947951651, 43.94038972601336], [1.34396123807511, 43.942848689217044], [1.354540182144012, 43.953576379562094], [1.355186805053358, 43.95232588714841], [1.363311271993669, 43.9401517306464], [1.367347668602083, 43.9236043966169], [1.383234250620147, 43.91672960431563], [1.374058633083518, 43.90224525864916], [1.362585468845461, 43.89252343378325]]]}",8944,079,07,2,82,73
31313,31510,MALVEZIE,HAUTE-GARONNE,MIDI-PYRENEES,"Commune simple",703.0,839.0,0.1,"43.0069388711, 0.700137350744","{""type"": ""Polygon"", ""coordinates"": [[[0.693540376982331, 42.9908254908059], [0.683405950954607, 42.99354974608492], [0.679656752574858, 43.005453363520495], [0.673650236820098, 43.009714357049354], [0.713970255185337, 43.02223036976893], [0.723860910244658, 43.022053182776446], [0.721998823786719, 43.011405924219176], [0.71078216863723, 43.00236845776157], [0.712220493652787, 42.99605601918888], [0.693540376982331, 42.9908254908059]]]}",30016,313,05,2,31,73
79056,79290,BRION-PRES-THOUET,DEUX-SEVRES,POITOU-CHARENTES,"Commune simple",52.0,846.0,0.8,"47.0500287565, -0.188112073906","{""type"": ""Polygon"", ""coordinates"": [[[-0.173960817602102, 47.04620290704285], [-0.176217897145652, 47.03953610117627], [-0.189160600937945, 47.0355119506082], [-0.213715361507813, 47.0361915646986], [-0.211250776670526, 47.0463791917654], [-0.199938527918257, 47.05812776427427], [-0.191970921029165, 47.06252016061873], [-0.181948698679622, 47.062508381419335], [-0.174753875001709, 47.067517977644684], [-0.165997345562141, 47.0645956647132], [-0.161636303550272, 47.06330949990984], [-0.162743936423762, 47.06016156321629], [-0.173960817602102, 47.04620290704285]]]}",23290,056,32,1,79,54
28285,28700,OINVILLE-SOUS-AUNEAU,EURE-ET-LOIR,CENTRE,"Commune simple",147.0,1048.0,0.3,"48.4697612447, 1.71422426544","{""type"": ""Polygon"", ""coordinates"": [[[1.739385464363227, 48.459983851401255], [1.725370587542331, 48.45664912400057], [1.705860560515152, 48.46011796590212], [1.691875944989762, 48.45673460469814], [1.677875737604299, 48.459413697958816], [1.695781099538388, 48.47542015203746], [1.694220585379153, 48.48212398283235], [1.718619019444786, 48.48388327189722], [1.727345155581916, 48.48122395210092], [1.735723964836806, 48.48395861916215], [1.739231057077663, 48.479938167267235], [1.742061311797966, 48.47703508988984], [1.739385464363227, 48.459983851401255]]]}",30256,285,02,1,28,24
56051,56420,CRUGUEL,MORBIHAN,BRETAGNE,"Commune simple",134.0,1729.0,0.6,"47.8775619552, -2.59076740576","{""type"": ""Polygon"", ""coordinates"": [[[-2.566793647575496, 47.85465518781683], [-2.576857697952742, 47.85589970217764], [-2.58664632845097, 47.863562447507], [-2.601917790325214, 47.8636902888291], [-2.610329871498949, 47.8606982176073], [-2.619489530806386, 47.86844272937923], [-2.6275067526472, 47.88384760649668], [-2.619056350720519, 47.892833549645474], [-2.594246160546662, 47.905622984161845], [-2.580111998095747, 47.90825435767125], [-2.590811229513727, 47.89290303366627], [-2.587550859656926, 47.88322419154903], [-2.56756444134315, 47.879501930460606], [-2.552186666888479, 47.8812149453307], [-2.550881186490122, 47.87207427907707], [-2.554563202938902, 47.86638725461354], [-2.557788953896963, 47.85724815243], [-2.566793647575496, 47.85465518781683]]]}",13823,051,15,2,56,53
61197,61160,GUEPREI,ORNE,BASSE-NORMANDIE,"Commune simple",116.0,714.0,0.1,"48.8356279545, -0.0153255535915","{""type"": ""Polygon"", ""coordinates"": [[[-0.001564979718019, 48.82347470540919], [-0.009507350763571, 48.821753989125924], [-0.045178667217282, 48.83205565159699], [-0.03372976699322, 48.842867742227554], [-0.019513002841622, 48.84248060304521], [0.001153081445263, 48.85132547731917], [0.007071706590133, 48.84847683206926], [-0.001564979718019, 48.82347470540919]]]}",27746,197,35,2,61,25
69048,69700,CHASSAGNY,RHONE,RHONE-ALPES,"Commune simple",285.0,920.0,1.2,"45.6052853309, 4.73091163688","{""type"": ""Polygon"", ""coordinates"": [[[4.758167801290303, 45.60789625124873], [4.754681515756324, 45.59789887660895], [4.748339271834633, 45.59248538022583], [4.733621631544478, 45.59035341796101], [4.72007291248645, 45.59443444958676], [4.714181571231195, 45.60306294161872], [4.706005062094044, 45.605889322587196], [4.704051063343599, 45.61453852660696], [4.710276173958943, 45.618713331803605], [4.711925750349507, 45.61976006564584], [4.719313094138993, 45.617089451001895], [4.730002297485613, 45.620717513912034], [4.735221935661147, 45.61483664856966], [4.758167801290303, 45.60789625124873]]]}",25638,048,08,1,69,82
50612,50300,VAINS,MANCHE,BASSE-NORMANDIE,"Commune simple",18.0,870.0,0.7,"48.6760046422, -1.42560331067","{""type"": ""Polygon"", ""coordinates"": [[[-1.394562124194981, 48.67794133707969], [-1.424529071835748, 48.66684119898527], [-1.433794804726362, 48.666082167180974], [-1.438984570175786, 48.65560958728283], [-1.446118646700353, 48.65443346934446], [-1.449130428208805, 48.66936603487741], [-1.457398627347466, 48.67365144792287], [-1.451734641577605, 48.679656034688065], [-1.422817843972571, 48.684543908641636], [-1.413371000362345, 48.69189394219323], [-1.398891975008116, 48.69220417336339], [-1.394562124194981, 48.67794133707969]]]}",15432,612,01,1,50,25
61482,61410,TESSE-FROULAY,ORNE,BASSE-NORMANDIE,"Commune simple",163.0,522.0,0.4,"48.5310517444, -0.428931253176","{""type"": ""Polygon"", ""coordinates"": [[[-0.418634668074983, 48.51778803541022], [-0.443258219419059, 48.52103870736333], [-0.443100945828225, 48.52772445776344], [-0.442351099140551, 48.542315016873665], [-0.422618359253079, 48.54372233510048], [-0.415669044578995, 48.54008654544058], [-0.414234519919171, 48.52701781013116], [-0.418634668074983, 48.51778803541022]]]}",32857,482,17,1,61,25
77364,77165,"LE PLESSIS-AUX-BOIS",SEINE-ET-MARNE,ILE-DE-FRANCE,"Commune simple",113.0,341.0,0.2,"49.0037760261, 2.76764045922","{""type"": ""Polygon"", ""coordinates"": [[[2.781095161589499, 48.995585762837564], [2.7622155946225, 48.9942819508933], [2.754544901214302, 48.99815109010765], [2.754868916061471, 49.01057873018843], [2.762331480561927, 49.01375890611253], [2.771335637087071, 49.01477450000749], [2.774272101585193, 49.01224433045096], [2.773123379462666, 49.009220864964774], [2.785252562151028, 49.00474718180498], [2.779523243124776, 48.998900961372954], [2.781095161589499, 48.995585762837564]]]}",21581,364,37,1,77,11
25114,25190,CHAMESOL,DOUBS,FRANCHE-COMTE,"Commune simple",707.0,1023.0,0.4,"47.3463369115, 6.84435970249","{""type"": ""Polygon"", ""coordinates"": [[[6.844876905271849, 47.32596238872226], [6.841879439670672, 47.33130720649297], [6.829041367455513, 47.330676981200284], [6.820427471347229, 47.33835137295759], [6.826190456410493, 47.36133342037971], [6.845108369869039, 47.36081668353343], [6.859321230324283, 47.359065337150994], [6.869403166642543, 47.35154643601781], [6.879361376975562, 47.3504209602014], [6.876236590206172, 47.34572136636742], [6.86171849144692, 47.342627073027], [6.844876905271849, 47.32596238872226]]]}",19525,114,26,2,25,43
71296,71390,MESSEY-SUR-GROSNE,SAONE-ET-LOIRE,BOURGOGNE,"Commune simple",196.0,1527.0,0.7,"46.6508093785, 4.75084615409","{""type"": ""Polygon"", ""coordinates"": [[[4.734043399285373, 46.62452371122392], [4.723702248155329, 46.63274948563484], [4.730478909503113, 46.641095394483735], [4.722564839865336, 46.6484377214398], [4.74027142961571, 46.66759713254253], [4.756053613322493, 46.67663317509487], [4.76519330941341, 46.6752139722077], [4.768043928244176, 46.668721446493414], [4.781751646268117, 46.651450970296814], [4.779635094078191, 46.64592681588608], [4.774695634384877, 46.64604842233971], [4.769738847167481, 46.640414921071354], [4.734043399285373, 46.62452371122392]]]}",3320,296,04,2,71,26
63042,63112,BLANZAT,PUY-DE-DOME,AUVERGNE,"Commune simple",465.0,699.0,3.9,"45.8274618701, 3.07331572461","{""type"": ""Polygon"", ""coordinates"": [[[3.077910374282472, 45.80572024526894], [3.074384081939525, 45.80692928128655], [3.066971606686126, 45.820882527480165], [3.055712745606195, 45.831190263567365], [3.052179289702739, 45.84068313230019], [3.072501914563329, 45.84441796459065], [3.084042066778241, 45.84146536075945], [3.081778168595975, 45.835253627852815], [3.085485413556992, 45.83336885524485], [3.089152355599957, 45.814662810065514], [3.082327769219829, 45.806428498428225], [3.077910374282472, 45.80572024526894]]]}",18125,042,59,2,63,83
37125,37120,LEMERE,INDRE-ET-LOIRE,CENTRE,"Commune simple",77.0,1966.0,0.4,"47.0937316918, 0.334993321235","{""type"": ""Polygon"", ""coordinates"": [[[0.359457635648713, 47.06628879809965], [0.350740443471421, 47.06929615312656], [0.347826140036145, 47.07895819597423], [0.318396092923264, 47.07836000648799], [0.305293386028848, 47.074298665435784], [0.303369593634877, 47.07822649112775], [0.306917516404975, 47.09748804918982], [0.304587369741853, 47.11374779958292], [0.313200551195552, 47.115407607955795], [0.318308794900384, 47.120417661189876], [0.3329075662294, 47.11743127814325], [0.341811460800769, 47.10921368781382], [0.351844324759032, 47.11018259331496], [0.363391351259528, 47.116887264328895], [0.358395628671454, 47.10762102514022], [0.363071861624416, 47.08081148917911], [0.375095102254488, 47.07438318290058], [0.371370521724312, 47.06910079163028], [0.359457635648713, 47.06628879809965]]]}",11036,125,19,1,37,24
53143,53170,MAISONCELLES-DU-MAINE,MAYENNE,"PAYS DE LA LOIRE","Commune simple",85.0,1584.0,0.5,"47.9677800474, -0.660519989345","{""type"": ""Polygon"", ""coordinates"": [[[-0.6673274157955, 47.94872153676861], [-0.685236414387712, 47.947079862552926], [-0.692076987687879, 47.955189545091855], [-0.696663007885434, 47.96036975618334], [-0.693222285998244, 47.97509080320104], [-0.683954468197572, 47.9747510819287], [-0.645255664286731, 47.98968732068533], [-0.617566665979383, 47.97765134732309], [-0.618595081800402, 47.974439614014244], [-0.632963100662504, 47.97169003954196], [-0.634862737167639, 47.96144229509416], [-0.644028913399099, 47.95293317265605], [-0.659337389176825, 47.95322302160119], [-0.6673274157955, 47.94872153676861]]]}",261,143,22,2,53,52
27327,27110,HECTOMARE,EURE,HAUTE-NORMANDIE,"Commune simple",149.0,201.0,0.2,"49.1927415084, 0.944362009841","{""type"": ""Polygon"", ""coordinates"": [[[0.954253603329672, 49.186102494979735], [0.95409628662248, 49.18314098837582], [0.937287556762083, 49.18629875946669], [0.934779536233465, 49.199979703662464], [0.942894798153529, 49.200559221658914], [0.942022015753863, 49.20317935139623], [0.947596046328518, 49.20278879963564], [0.954253603329672, 49.186102494979735]]]}",393,327,24,3,27,23
77242,77650,JUTIGNY,SEINE-ET-MARNE,ILE-DE-FRANCE,"Commune simple",89.0,460.0,0.6,"48.4940082553, 3.22666999554","{""type"": ""Polygon"", ""coordinates"": [[[3.234759108247439, 48.478814097160594], [3.228910590958054, 48.48428613700761], [3.218831672003012, 48.484907869599354], [3.214109197937371, 48.48498844454134], [3.207686497836304, 48.49314125077607], [3.219990260190412, 48.503041653335465], [3.242882900065401, 48.50628057711662], [3.234759108247439, 48.478814097160594]]]}",18207,242,10,3,77,11
56059,56120,"LES FORGES",MORBIHAN,BRETAGNE,"Commune simple",90.0,5293.0,0.4,"48.0299375029, -2.58479776688","{""type"": ""Polygon"", ""coordinates"": [[[-2.633458231883147, 47.98190618332906], [-2.650392993687159, 47.986839610418855], [-2.654841644117534, 47.99287790158079], [-2.652721414370577, 48.00272398371702], [-2.658255642607454, 48.007834764365576], [-2.651402937902636, 48.012278743048455], [-2.655761204216907, 48.03254017972055], [-2.646290442823364, 48.04008681655686], [-2.643246702181467, 48.037282818399646], [-2.623323959904527, 48.036902430576795], [-2.592248097657033, 48.055065703141764], [-2.580890717474117, 48.06653007893013], [-2.579296869291829, 48.06979019246124], [-2.564398191855644, 48.06903456043979], [-2.55846098424826, 48.074520433680725], [-2.548678958021139, 48.076479739086665], [-2.548502586094344, 48.07608211648803], [-2.539645534069693, 48.05605815372454], [-2.507465973703991, 48.025257197452696], [-2.497091260224865, 48.019112628826555], [-2.508309122112076, 48.013598714454396], [-2.525157683377924, 48.01259109375585], [-2.540433206941346, 48.014154103298274], [-2.550118876355841, 48.01164010547989], [-2.560218454887735, 48.013327688853884], [-2.567099855288657, 48.01854097674331], [-2.587542808654415, 48.020105668207584], [-2.594124469476655, 48.0146952803986], [-2.608575401738233, 48.01085771602031], [-2.610618957630819, 48.004011808150416], [-2.619235490645691, 48.000081369757694], [-2.633458231883147, 47.98190618332906]]]}",11300,059,15,2,56,53
07215,07160,SAINT-BARTHELEMY-LE-MEIL,ARDECHE,RHONE-ALPES,"Commune simple",578.0,740.0,0.2,"44.884662739, 4.47884532485","{""type"": ""Polygon"", ""coordinates"": [[[4.476402832670833, 44.86749301635826], [4.465571392371044, 44.87312954398464], [4.46275942004872, 44.881856413551155], [4.454324258813394, 44.8833359537968], [4.461481382300835, 44.896011078811505], [4.490394618820373, 44.89514062534581], [4.495228092393353, 44.88968162665383], [4.508449527742125, 44.88907060148487], [4.510270732649387, 44.88284134522213], [4.49102130581297, 44.881534583463555], [4.476402832670833, 44.86749301635826]]]}",14740,215,06,3,07,82
58209,58220,PERROY,NIEVRE,BOURGOGNE,"Commune simple",212.0,2177.0,0.2,"47.4048215524, 3.16453961922","{""type"": ""Polygon"", ""coordinates"": [[[3.194754103895448, 47.37475004202574], [3.175661412891591, 47.379938679172575], [3.165306983161297, 47.38741660146424], [3.145285548858495, 47.39013496245431], [3.126835874364853, 47.40247133898129], [3.116706426998637, 47.42095399539174], [3.120300587155344, 47.42673857265904], [3.125393298309184, 47.426283100137105], [3.130658175059866, 47.42030902788506], [3.145693453969233, 47.41829273845554], [3.170440599059535, 47.42197692082737], [3.178161899403774, 47.42648432550463], [3.196820000070736, 47.42130514950144], [3.204530535148741, 47.42590984861], [3.198578736543519, 47.41270527834324], [3.198791943462154, 47.40225358073017], [3.189428646836745, 47.39405934343185], [3.190358439615657, 47.3870992209853], [3.196780406902325, 47.38162425374907], [3.194754103895448, 47.37475004202574]]]}",91,209,09,4,58,26
35025,35133,BILLE,ILLE-ET-VILAINE,BRETAGNE,"Commune simple",88.0,1700.0,1.0,"48.2936717926, -1.25154460555","{""type"": ""Polygon"", ""coordinates"": [[[-1.231491472460215, 48.27044990517541], [-1.23514461258749, 48.27056231019912], [-1.241232638575084, 48.27878673007807], [-1.255853547851291, 48.27897295134065], [-1.263023714876968, 48.274497588846415], [-1.273630675482356, 48.280953525696184], [-1.274056594829743, 48.28437115708584], [-1.287441358638225, 48.28924771914245], [-1.28175399636464, 48.297842702886726], [-1.292384853247661, 48.30798155122365], [-1.285388941264413, 48.30649626713405], [-1.271799366920405, 48.30846569576984], [-1.268218236097778, 48.314271537827], [-1.250473533860224, 48.31734337447211], [-1.239653980171673, 48.305955399023816], [-1.223402309710047, 48.297824156563586], [-1.218192057266013, 48.2980191738643], [-1.213964340305437, 48.28940306345032], [-1.218817273604302, 48.28021072061687], [-1.231491472460215, 48.27044990517541]]]}",10613,025,13,1,35,53
34244,34670,SAINT-BRES,HERAULT,LANGUEDOC-ROUSSILLON,"Commune simple",21.0,480.0,2.7,"43.6665945893, 4.03794071375","{""type"": ""Polygon"", ""coordinates"": [[[4.047064860807403, 43.651593276071594], [4.034639155306706, 43.65734542603671], [4.025083673626877, 43.665003880517574], [4.022772936819088, 43.67166675591772], [4.022946161894198, 43.67512068203917], [4.031275102374549, 43.67841662055081], [4.035512465657821, 43.67961821755935], [4.049698377361196, 43.67291307288513], [4.047183314423221, 43.66350652252566], [4.053799098750245, 43.65926717394328], [4.047064860807403, 43.651593276071594]]]}",36565,244,07,3,34,91
63004,63770,"LES ANCIZES-COMPS",PUY-DE-DOME,AUVERGNE,"Commune simple",645.0,2206.0,1.8,"45.9331353459, 2.80539332166","{""type"": ""Polygon"", ""coordinates"": [[[2.843783002418909, 45.91846189964892], [2.823471616372148, 45.90349281944587], [2.813605392457613, 45.90316181698473], [2.801420107215011, 45.909291463352865], [2.78742625381423, 45.92202605876734], [2.773113038905102, 45.92298880746502], [2.770528029554295, 45.9302415964847], [2.769391530326575, 45.93353510368335], [2.780211650341928, 45.948387809000806], [2.789400663224154, 45.95571730507213], [2.790499425007894, 45.968938622874205], [2.79745793984992, 45.97300351305288], [2.808527779531668, 45.972464463410255], [2.805826305486964, 45.96579619795504], [2.810457637897472, 45.95959062776805], [2.81423263312611, 45.939029573324035], [2.84017728247022, 45.929451902349975], [2.84717258189527, 45.92442780231425], [2.843783002418909, 45.91846189964892]]]}",355,004,23,4,63,83
31029,31570,AURIN,HAUTE-GARONNE,MIDI-PYRENEES,"Commune simple",207.0,752.0,0.3,"43.5351953574, 1.68120009719","{""type"": ""Polygon"", ""coordinates"": [[[1.657006242078923, 43.519162682819676], [1.652630771216147, 43.52330171285382], [1.674005828915544, 43.54499944683555], [1.681782701096888, 43.54896355259046], [1.695422034031582, 43.547076659963395], [1.701834576358974, 43.55181478167205], [1.705702195194255, 43.551483024328284], [1.703872318178962, 43.54156282484731], [1.687293055464912, 43.52114405839489], [1.675705403848354, 43.52601536663933], [1.657006242078923, 43.519162682819676]]]}",18424,029,17,3,31,73
14535,14470,REVIERS,CALVADOS,BASSE-NORMANDIE,"Commune simple",30.0,431.0,0.6,"49.2984627336, -0.465691637716","{""type"": ""Polygon"", ""coordinates"": [[[-0.457762510893884, 49.29324873756027], [-0.477370802054409, 49.28228328196786], [-0.482578682616538, 49.28241197890467], [-0.477530757859488, 49.29221266254598], [-0.480408175504399, 49.29836538677312], [-0.468226319279758, 49.307498182287254], [-0.468215853699781, 49.31368904897817], [-0.454579093023546, 49.309815144139804], [-0.446725463746199, 49.30225654470232], [-0.457762510893884, 49.29324873756027]]]}",18587,535,13,2,14,25
33553,33240,VIRSAC,GIRONDE,AQUITAINE,"Commune simple",48.0,364.0,1.0,"45.0259020314, -0.435395776761","{""type"": ""Polygon"", ""coordinates"": [[[-0.426870447345572, 45.015459087205095], [-0.444157793025983, 45.018467113680266], [-0.448712272620786, 45.02639212663881], [-0.452930201728111, 45.02657675709002], [-0.448315888506425, 45.03398385027656], [-0.429154805565863, 45.03387293688048], [-0.420239226588133, 45.030866820259696], [-0.423035248099323, 45.021308948885846], [-0.426870447345572, 45.015459087205095]]]}",18720,553,39,1,33,72
03043,03110,BROUT-VERNET,ALLIER,AUVERGNE,"Commune simple",294.0,3193.0,1.2,"46.1961727418, 3.28851651471","{""type"": ""Polygon"", ""coordinates"": [[[3.260491289690399, 46.16419519278874], [3.256998473482048, 46.17384739630769], [3.247985953744512, 46.18159361601543], [3.238928360472929, 46.17957790917405], [3.244050624946685, 46.19161556671142], [3.261771846893498, 46.201706644773395], [3.268249045182027, 46.21084951529124], [3.260709176310545, 46.23459487121708], [3.272771298768298, 46.23078455284556], [3.294858588778961, 46.233728080792055], [3.298291007601377, 46.22065305609362], [3.307838499603714, 46.20896628560599], [3.319356986648252, 46.20241497556545], [3.347184707378044, 46.19571480594772], [3.332228323330555, 46.18203598808412], [3.324286834093233, 46.176385817372186], [3.315439784727814, 46.17300685224817], [3.285655657195947, 46.17594917094387], [3.275895103368198, 46.168274084726455], [3.262048557612405, 46.16463285300414], [3.260491289690399, 46.16419519278874]]]}",12574,043,10,3,03,83
27496,27790,ROSAY-SUR-LIEURE,EURE,HAUTE-NORMANDIE,"Commune simple",103.0,812.0,0.6,"49.3746388684, 1.42794431764","{""type"": ""Polygon"", ""coordinates"": [[[1.426387514910634, 49.36021898169647], [1.399838870814672, 49.37252914817614], [1.395890780574683, 49.3746345506993], [1.398695855627958, 49.37741382440622], [1.423302627511539, 49.3886334751089], [1.440707066278038, 49.382835627193856], [1.444640420170797, 49.384828181121996], [1.451778427799687, 49.37642393746106], [1.460705365997968, 49.37349917520738], [1.452105746448188, 49.36598129462008], [1.4373677302633, 49.36670871763417], [1.426387514910634, 49.36021898169647]]]}",14463,496,22,1,27,23
80710,80140,SAINT-MAXENT,SOMME,PICARDIE,"Commune simple",109.0,632.0,0.4,"49.998092452, 1.73127217091","{""type"": ""Polygon"", ""coordinates"": [[[1.718222212205813, 49.97662013704457], [1.71347432589223, 49.97763039394116], [1.720648572722896, 49.99038119474744], [1.717271109058824, 49.99667911496943], [1.719894004470501, 50.00653421504432], [1.729550584655291, 50.01390208009708], [1.736068865103935, 50.016942881320745], [1.740241793585646, 50.016761277578624], [1.744749703042936, 50.009216853846596], [1.74828532600574, 49.993550418270715], [1.741207873162185, 49.99067509032759], [1.718222212205813, 49.97662013704457]]]}",14354,710,29,1,80,22
81267,81330,SAINT-PIERRE-DE-TRIVISY,TARN,MIDI-PYRENEES,"Commune simple",591.0,3599.0,0.6,"43.754059506, 2.44562540702","{""type"": ""Polygon"", ""coordinates"": [[[2.459055022978696, 43.71336406883837], [2.445883518523621, 43.710445283817286], [2.439569078574165, 43.72314593481247], [2.440575050883056, 43.7332115843611], [2.436917752179085, 43.73536141525598], [2.424448754878093, 43.73993956034268], [2.40766654664547, 43.73651105112056], [2.412867854166442, 43.75576057922661], [2.383518025020391, 43.765047255457134], [2.391273351140978, 43.76905037869357], [2.399563789993842, 43.78133494309257], [2.411396615790968, 43.775685157503325], [2.425714878652498, 43.77580654946279], [2.432827983328328, 43.784896742348074], [2.437579261963062, 43.78551529584034], [2.482448852737288, 43.76591306228268], [2.501066130731221, 43.764029167344376], [2.503579182365278, 43.757741501044734], [2.471281715207065, 43.7327620938559], [2.458452400214075, 43.729864475915235], [2.461839093956166, 43.72337527077572], [2.459055022978696, 43.71336406883837]]]}",2251,267,31,2,81,73
74048,74890,BRENTHONNE,HAUTE-SAVOIE,RHONE-ALPES,"Commune simple",618.0,839.0,0.9,"46.2692786912, 6.39437723207","{""type"": ""Polygon"", ""coordinates"": [[[6.38988844207252, 46.249660900041455], [6.384399665294939, 46.25502488059456], [6.377343145324454, 46.27774912538618], [6.386917411720185, 46.29277777999343], [6.40081699403977, 46.28316100219735], [6.416418164102991, 46.257988568394936], [6.38988844207252, 46.249660900041455]]]}",20897,048,12,4,74,82
25388,25200,MONTBELIARD,DOUBS,FRANCHE-COMTE,Sous-préfecture,353.0,1492.0,26.1,"47.5155169816, 6.79148147353","{""type"": ""Polygon"", ""coordinates"": [[[6.822298393219268, 47.49129509276634], [6.797259607282408, 47.49277240961619], [6.784142361492778, 47.500382060569365], [6.779399960317814, 47.50967415751316], [6.770483954827472, 47.511873682789826], [6.765281868423715, 47.51733190292546], [6.76607151977658, 47.53042746843973], [6.756507933405515, 47.531988853766755], [6.75002724350201, 47.53709994746136], [6.747199255685103, 47.536623201092304], [6.74199027889428, 47.54281031776648], [6.758113225450631, 47.54157052789692], [6.769299785401183, 47.53771267076824], [6.781101629496296, 47.53636602301938], [6.787452969082032, 47.52703075570137], [6.795420613843755, 47.52287829318795], [6.800453639845419, 47.52330897697895], [6.80869845855324, 47.531655116581696], [6.818728321580502, 47.51913351364], [6.817827077398658, 47.51303485834606], [6.823582518731124, 47.508511210308114], [6.820069990451041, 47.506076063627624], [6.824668218729101, 47.493010683935445], [6.822298393219268, 47.49129509276634]]]}",14734,388,95,2,25,43
57440,57590,MANHOUE,MOSELLE,LORRAINE,"Commune simple",225.0,405.0,0.1,"48.8266822397, 6.34120837788","{""type"": ""Polygon"", ""coordinates"": [[[6.308784804097346, 48.821151824676406], [6.301115886668676, 48.82425333471643], [6.318345045350727, 48.82935707904913], [6.331992183639265, 48.8257279006213], [6.339646953865662, 48.83348956175977], [6.352257892529939, 48.8300760524545], [6.369796132661845, 48.83436274305067], [6.374904634049627, 48.82671125650643], [6.333754477966891, 48.8204578876913], [6.331521769547732, 48.823274609037156], [6.308784804097346, 48.821151824676406]]]}",21218,440,06,2,57,41
48117,48800,POURCHARESSES,LOZERE,LANGUEDOC-ROUSSILLON,"Commune simple",1011.0,3211.0,0.1,"44.434038613, 3.89869744048","{""type"": ""Polygon"", ""coordinates"": [[[3.900416210912896, 44.39261666430668], [3.894777221357604, 44.39012397847325], [3.888682609877042, 44.39296404465771], [3.856532916281469, 44.39821505996811], [3.846570938311024, 44.40544890350779], [3.856998521665032, 44.41735937654333], [3.875911949471387, 44.42042447855711], [3.889896276665081, 44.429440878544604], [3.888695554471749, 44.44977819249202], [3.900872557434843, 44.46863878753389], [3.903241563713932, 44.48944257101704], [3.92217765079643, 44.492256787863845], [3.926016276655303, 44.49010898620893], [3.935552812431321, 44.4599145103422], [3.91658462037274, 44.458372347719404], [3.913551536658804, 44.45580477654135], [3.912402343754124, 44.43988877544478], [3.922601383458058, 44.43269187640683], [3.923659320717892, 44.42592214027201], [3.917546476761829, 44.405321636157446], [3.906409835985625, 44.40075962232547], [3.900416210912896, 44.39261666430668]]]}",11067,117,24,2,48,91
73107,73670,ENTREMONT-LE-VIEUX,SAVOIE,RHONE-ALPES,"Commune simple",1181.0,3302.0,0.6,"45.4619276502, 5.88514501859","{""type"": ""Polygon"", ""coordinates"": [[[5.904884257047674, 45.42999883741262], [5.881048637749402, 45.4315871303665], [5.85998184798585, 45.44472326590542], [5.846371468848449, 45.44165463609376], [5.853479534578809, 45.45295331857136], [5.836310591656193, 45.45593881870944], [5.840393535590472, 45.4629267070711], [5.851410828978506, 45.473757116949734], [5.855520230870694, 45.48343803267438], [5.864887535985168, 45.483757903216194], [5.871991260474982, 45.488108636727006], [5.871978460728974, 45.49479484349106], [5.893882570557371, 45.49667405353895], [5.9153704435441, 45.476447349878875], [5.925239099271654, 45.464899908550734], [5.920589064797126, 45.444413439724755], [5.913134302609888, 45.435533573172115], [5.904454643759014, 45.43230769249382], [5.904884257047674, 45.42999883741262]]]}",425,107,14,2,73,82
67017,67320,BAERENDORF,BAS-RHIN,ALSACE,"Commune simple",279.0,754.0,0.3,"48.8306192171, 7.08989424787","{""type"": ""Polygon"", ""coordinates"": [[[7.089177229314593, 48.813711578228144], [7.087295858719609, 48.81406414618436], [7.078415179838921, 48.81802392686017], [7.071045927113954, 48.82737978321694], [7.080896031082069, 48.84743197688847], [7.088380484732922, 48.84839194806699], [7.099993305155006, 48.84667040798994], [7.107951075688719, 48.8218029657476], [7.102677352906893, 48.81666183391291], [7.089177229314593, 48.813711578228144]]]}",18271,017,06,4,67,42
21084,21690,SOURCE-SEINE,COTE-D'OR,BOURGOGNE,"Commune simple",470.0,1633.0,0.1,"47.4889159636, 4.6965588014","{""type"": ""Polygon"", ""coordinates"": [[[4.714667485119774, 47.46409146166647], [4.705807452279531, 47.463132148656314], [4.684101514147609, 47.471641603648635], [4.670373363631511, 47.48150933290537], [4.66865827509151, 47.488268665545974], [4.661544225840638, 47.49316029525624], [4.681128238295124, 47.50212605573034], [4.68392191236758, 47.504768793058005], [4.681134586485221, 47.507402083718375], [4.690367838797985, 47.51448939898574], [4.70889120531263, 47.513156810423396], [4.713730234879148, 47.50408206709329], [4.718304152539964, 47.50500510906409], [4.722293679717166, 47.49932787727713], [4.712908382435119, 47.49293854135491], [4.723003510923145, 47.47805043249539], [4.714667485119774, 47.46409146166647]]]}",9498,084,36,3,21,26
67534,67270,WILWISHEIM,BAS-RHIN,ALSACE,"Commune simple",182.0,541.0,0.7,"48.753708765, 7.49990047042","{""type"": ""Polygon"", ""coordinates"": [[[7.510595696784839, 48.744018478901296], [7.496567666953153, 48.743728397559906], [7.489699313620443, 48.747806817880466], [7.4801719468685, 48.747903811910206], [7.48180341635554, 48.76276964056391], [7.489931208982197, 48.769175376422126], [7.498079535152867, 48.767264978312795], [7.497044009856443, 48.761736727422424], [7.519133748538543, 48.755307618301714], [7.526424744116626, 48.74355390124784], [7.510595696784839, 48.744018478901296]]]}",17051,534,10,6,67,42
69291,69360,SAINT-SYMPHORIEN-D'OZON,RHONE,RHONE-ALPES,"Chef-lieu canton",209.0,1343.0,5.2,"45.6421326765, 4.86880371042","{""type"": ""Polygon"", ""coordinates"": [[[4.853284811515001, 45.61284550837103], [4.841954469151259, 45.61909347435166], [4.836160070116622, 45.63132093277452], [4.850050717171925, 45.63475938009968], [4.854779037629653, 45.640995660257026], [4.857449463191087, 45.662037731482926], [4.887967111170721, 45.664556620427135], [4.896209932908579, 45.657671546754294], [4.892327845397379, 45.641802770807175], [4.88870820830879, 45.631306918721606], [4.86900282621027, 45.629465167245314], [4.855015869802431, 45.61969853343268], [4.853284811515001, 45.61284550837103]]]}",30215,291,38,1,69,82
63070,63122,CEYRAT,PUY-DE-DOME,AUVERGNE,"Commune simple",586.0,944.0,5.4,"45.7385665795, 3.06427177861","{""type"": ""Polygon"", ""coordinates"": [[[3.042858342187643, 45.71685175987296], [3.05545379786106, 45.727300918210155], [3.049654157456517, 45.74054078573576], [3.042313956050616, 45.74460497866045], [3.065291714612912, 45.76169429326722], [3.070287835926525, 45.765122154349534], [3.077364240894417, 45.75594154114564], [3.069114003419285, 45.75242598740478], [3.068389508737927, 45.74906760726105], [3.074543636487658, 45.74389490525889], [3.087938687582883, 45.739905098266405], [3.071901541337418, 45.71985360621869], [3.042858342187643, 45.71685175987296]]]}",33810,070,56,2,63,83
68066,68000,COLMAR,HAUT-RHIN,ALSACE,Préfecture,187.0,6645.0,67.2,"48.1099405789, 7.38468690323","{""type"": ""Polygon"", ""coordinates"": [[[7.352773267487169, 48.04306330002122], [7.350847632652274, 48.05298521099585], [7.323000038530122, 48.060113008390566], [7.324955828313802, 48.06315037358191], [7.316112641939451, 48.070603677694706], [7.32270067821359, 48.0786531038936], [7.324115107970543, 48.08821710165106], [7.32933474038206, 48.11416927388502], [7.331806582873482, 48.12100861244407], [7.348709192501244, 48.12604547614993], [7.348583217435705, 48.12484251289582], [7.350457011190466, 48.11817650284508], [7.355329732679806, 48.11704117028808], [7.370154246854478, 48.11516735019297], [7.379236657668061, 48.11790323888037], [7.388871572124437, 48.12598019657305], [7.391839909123944, 48.136098520266245], [7.385611474366115, 48.14037695103104], [7.390867408592388, 48.15370851965229], [7.400059365302168, 48.15540254013084], [7.401941795306598, 48.15843245595689], [7.386039023853887, 48.164810887037476], [7.390025190034531, 48.173701609061894], [7.393122510790055, 48.1762718499793], [7.407568073759773, 48.175480528578916], [7.42735722102499, 48.17237807151252], [7.428925013471203, 48.17917751402089], [7.438374762709132, 48.18146287408495], [7.442988264427981, 48.17991930612765], [7.454189634417283, 48.160805016953475], [7.463835154290588, 48.158421397666146], [7.467023840119542, 48.14278085508877], [7.456429052648468, 48.13356545435508], [7.434067570605944, 48.140961107255656], [7.426452346333829, 48.1325233107021], [7.41278044918818, 48.130025956331615], [7.397960651937235, 48.10645386379686], [7.395675840441653, 48.09241658993124], [7.385851299791777, 48.08037273697963], [7.388069950093294, 48.0698354542362], [7.399911373515508, 48.05829868764355], [7.400749725554367, 48.05173306700703], [7.38822734398531, 48.04548631279363], [7.373259297397775, 48.04245667262265], [7.352773267487169, 48.04306330002122]]]}",9365,066,98,2,68,42
27581,27680,SAINT-OUEN-DES-CHAMPS,EURE,HAUTE-NORMANDIE,"Commune simple",84.0,616.0,0.3,"49.3989281855, 0.528625217933","{""type"": ""Polygon"", ""coordinates"": [[[0.541693106775308, 49.37999404803143], [0.519756526934939, 49.392477889568724], [0.504269472170584, 49.41810357528812], [0.508601091584529, 49.4237323222308], [0.518422107569522, 49.41560694240094], [0.533880452412241, 49.4019303959019], [0.557634228832526, 49.38919305386685], [0.543120028091352, 49.380688529870625], [0.541693106775308, 49.37999404803143]]]}",18643,581,29,2,27,23
54420,54260,PETIT-FAILLY,MEURTHE-ET-MOSELLE,LORRAINE,"Commune simple",250.0,808.0,0.1,"49.439659769, 5.50119376994","{""type"": ""Polygon"", ""coordinates"": [[[5.498185531810774, 49.42438375905948], [5.494264021406811, 49.422261454026014], [5.471244174230627, 49.42803936412178], [5.479011709430105, 49.43273646411297], [5.485192831148256, 49.44538798947231], [5.51214756852536, 49.45653082533405], [5.521929474464989, 49.45656129641011], [5.523933973906054, 49.45017984786294], [5.522823101612012, 49.436804096832816], [5.503944453508384, 49.43026282557104], [5.498185531810774, 49.42438375905948]]]}",34741,420,15,1,54,41
59196,59320,ENNETIERES-EN-WEPPES,NORD,NORD-PAS-DE-CALAIS,"Commune simple",28.0,1056.0,1.1,"50.640484704, 2.93312247961","{""type"": ""Polygon"", ""coordinates"": [[[2.922601914116624, 50.625540217916914], [2.910350349538872, 50.636561400266785], [2.891862755235908, 50.64388756284382], [2.895872632423183, 50.649894663406045], [2.899124411889396, 50.6472589681541], [2.909567519618609, 50.648119549970644], [2.929228131176047, 50.65890112016261], [2.952560655501671, 50.648179310330164], [2.956870557429772, 50.642437447899326], [2.970392581486746, 50.63949787955862], [2.970015035131062, 50.633664539052525], [2.96129778762714, 50.62965959158428], [2.941279689046457, 50.62691456258019], [2.922601914116624, 50.625540217916914]]]}",34890,196,74,5,59,31
63272,63170,PERIGNAT-LES-SARLIEVE,PUY-DE-DOME,AUVERGNE,"Commune simple",386.0,387.0,2.7,"45.7334187796, 3.14276506265","{""type"": ""Polygon"", ""coordinates"": [[[3.16032711596937, 45.730262221574215], [3.138410239409112, 45.72243899990043], [3.127884885364971, 45.72969135397844], [3.131299061558103, 45.73798092811474], [3.128552334602829, 45.740253324220156], [3.140751856585736, 45.74334544472911], [3.152834513692798, 45.74088939162679], [3.16032711596937, 45.730262221574215]]]}",19667,272,55,2,63,83
31131,31160,CAZAUNOUS,HAUTE-GARONNE,MIDI-PYRENEES,"Commune simple",629.0,470.0,0.1,"42.9882048056, 0.724729046231","{""type"": ""Polygon"", ""coordinates"": [[[0.742716188533754, 42.97465773594621], [0.723772748632235, 42.98186079483848], [0.713421905579322, 42.98859592790442], [0.699646766024167, 42.98735741734649], [0.693540376982331, 42.9908254908059], [0.712220493652787, 42.99605601918888], [0.75046920693447, 42.992094438955284], [0.739320388576739, 42.98727214065994], [0.742716188533754, 42.97465773594621]]]}",19662,131,01,2,31,73
97422,97430,"LE TAMPON",REUNION,REUNION,"Chef-lieu canton",1282.0,18102.0,72.7,"-21.223274585, 55.5584875266","{""type"": ""Polygon"", ""coordinates"": [[[55.60188234402916, -21.27252167692082], [55.58012344441857, -21.286332248179612], [55.570945621783906, -21.297528098304696], [55.54827484941034, -21.310278600765695], [55.53363776124388, -21.31359325826404], [55.51320414546415, -21.29797634875463], [55.51468090106372, -21.291061013873517], [55.502837280766265, -21.282302422494173], [55.479702243164795, -21.254589637314847], [55.48858509414527, -21.248120561166484], [55.4918171604621, -21.239188703161926], [55.49866451575954, -21.236639230871575], [55.50973279354296, -21.227261628057143], [55.51148861345907, -21.224142625445005], [55.509512125868945, -21.20702543261701], [55.51399026648289, -21.201364967384585], [55.51671915143518, -21.18756817293032], [55.53009593421319, -21.182861303802763], [55.53116603308271, -21.17593307129127], [55.52258923081676, -21.145416315744242], [55.52694985680728, -21.135806783100968], [55.545009456966454, -21.1351499270683], [55.55532022466298, -21.138255351327068], [55.57269504328, -21.133732435573666], [55.58132057993502, -21.139956688040606], [55.59236421013354, -21.172614462889875], [55.60865520292552, -21.181340131974608], [55.619964800627486, -21.18214648951911], [55.63578457619816, -21.16799285345545], [55.660719740620856, -21.203161273419646], [55.65411632370178, -21.212187525423722], [55.6496574523054, -21.202486011447164], [55.6370600818775, -21.194850859243576], [55.63025441445616, -21.197496843162607], [55.61615999527565, -21.209071289942166], [55.60505581520241, -21.23129248233457], [55.60064290738952, -21.251725601532353], [55.60188234402916, -21.27252167692082]]]}",22,422,99,2,97,04
97118,97170,PETIT-BOURG,GUADELOUPE,GUADELOUPE,"Chef-lieu canton",288.0,13124.0,22.5,"16.1716063795, -61.657244347","{""type"": ""Polygon"", ""coordinates"": [[[-61.66946579899176, 16.102556814421863], [-61.67210705884175, 16.108863872876977], [-61.68074335191293, 16.11491881116017], [-61.70114257825497, 16.11954497882984], [-61.71143736617132, 16.11804373911448], [-61.71733206842854, 16.133381213862684], [-61.72418387436072, 16.135202873016357], [-61.72523676555262, 16.148938480673255], [-61.72959870343322, 16.154152566847564], [-61.730913597784664, 16.167925871302938], [-61.73642518197439, 16.18069375662789], [-61.72655039670132, 16.189130928941225], [-61.71996725219341, 16.191775785291572], [-61.70555384353396, 16.191724668322248], [-61.69114571984362, 16.202229271655057], [-61.66937653128225, 16.201235431262173], [-61.66565972466387, 16.207294802411035], [-61.6484283476088, 16.212961203887748], [-61.618192822212436, 16.222726474750246], [-61.597273991787915, 16.234880812371763], [-61.58316977199111, 16.234416507625784], [-61.587774290938654, 16.221044030437415], [-61.584412831257545, 16.204464227431377], [-61.5895480816044, 16.195243558523902], [-61.58987228447691, 16.1917389961949], [-61.588087365904, 16.184948709660436], [-61.580743863035096, 16.17731703078169], [-61.580170200038744, 16.173833610468904], [-61.58483800309256, 16.168432912095128], [-61.583034635084275, 16.161651512258455], [-61.60487594063893, 16.15959045736291], [-61.63102742625234, 16.146745320398946], [-61.64027452988472, 16.135958766482812], [-61.65343355846805, 16.130031879488083], [-61.66946579899176, 16.102556814421863]]]}",18,118,92,1,97,01
97213,97232,"LE LAMENTIN",MARTINIQUE,MARTINIQUE,"Chef-lieu canton",47.0,6792.0,39.2,"14.6247600105, -60.9933549815","{""type"": ""Polygon"", ""coordinates"": [[[-61.000629747457154, 14.559908403385316], [-61.010386032057326, 14.563479791812501], [-61.01237020133775, 14.577087984068784], [-61.02224953397619, 14.586732773258193], [-61.017699184260124, 14.599562580497158], [-61.02096168702933, 14.609340982149124], [-61.02379247476729, 14.611380198459461], [-61.03655656429218, 14.605740587578776], [-61.03485724851662, 14.632990469432476], [-61.039205707316356, 14.641847108339997], [-61.03937928612273, 14.645291614669288], [-61.015517874613415, 14.651270447126338], [-61.00687235892761, 14.656853490065904], [-60.997042913060106, 14.657844377108832], [-60.99730332700253, 14.671058195165557], [-60.99455443845389, 14.673230379129333], [-60.98912797552251, 14.68397315510637], [-60.98135987528336, 14.677697609816635], [-60.97302592974263, 14.662353282256895], [-60.96101741092091, 14.655055208171058], [-60.94941993882079, 14.633582075302167], [-60.945393682995466, 14.610458529345506], [-60.94722192760438, 14.607447426421613], [-60.95784205562135, 14.609013616509213], [-60.97146566250359, 14.604885349404979], [-60.97705976772451, 14.595924454935858], [-60.993524106452206, 14.582321804668332], [-61.00064025252825, 14.570065775904736], [-61.000629747457154, 14.559908403385316]]]}",13,213,95,1,97,02
97221,97215,RIVIERE-SALEE,MARTINIQUE,MARTINIQUE,"Chef-lieu canton",66.0,4300.0,12.9,"14.5261192696, -60.9652129464","{""type"": ""Polygon"", ""coordinates"": [[[-60.92958660455859, 14.518400656999686], [-60.93446052240501, 14.505964316624494], [-60.9533999926592, 14.496985264437548], [-60.96568272956144, 14.501800062931377], [-60.98313573996718, 14.501146393001603], [-60.98937954130433, 14.504073626153522], [-60.99531700566785, 14.500862146315916], [-61.00414018074028, 14.505799112376774], [-61.003609361806085, 14.509138206933425], [-61.002754856566284, 14.54129278380373], [-60.99541272953, 14.550971628531348], [-60.98930767567664, 14.548967332928747], [-60.97910061094609, 14.5512108786411], [-60.97296895887379, 14.548076367712486], [-60.96609690416355, 14.548821010847494], [-60.953997279413116, 14.555077259226742], [-60.930871013366364, 14.546840527925243], [-60.92522060970774, 14.537971016367012], [-60.92318675820676, 14.52530207502747], [-60.92958660455859, 14.518400656999686]]]}",21,221,25,3,97,02
63110,63740,CISTERNES-LA-FORET,PUY-DE-DOME,AUVERGNE,"Commune simple",802.0,3355.0,0.5,"45.808024859, 2.71463037162","{""type"": ""Polygon"", ""coordinates"": [[[2.729651767285939, 45.77645452279491], [2.719704894785131, 45.7839133682907], [2.702338757885586, 45.779816670362976], [2.694362912513425, 45.7722311846056], [2.687017619932886, 45.776371341990505], [2.683808059162964, 45.78627686298129], [2.679168098421791, 45.796232273893224], [2.688714982080854, 45.80858681182083], [2.674340854209472, 45.82674534258329], [2.680150246945727, 45.84004429920418], [2.707847863200214, 45.842928873872516], [2.721568220986256, 45.83301302779839], [2.730955556019968, 45.83112672385146], [2.734004410758916, 45.82128251612906], [2.752559300371114, 45.810725865469465], [2.761419577198872, 45.810492795812756], [2.77472737354932, 45.799534102660985], [2.759377525122892, 45.791533054741556], [2.745154603362055, 45.7940952632758], [2.729651767285939, 45.77645452279491]]]}",13741,110,31,4,63,83
34135,34710,LESPIGNAN,HERAULT,LANGUEDOC-ROUSSILLON,"Commune simple",35.0,2295.0,3.1,"43.2737109255, 3.16982256617","{""type"": ""Polygon"", ""coordinates"": [[[3.19321653316855, 43.25040476570771], [3.184023066256615, 43.25013296756632], [3.17319948177079, 43.24381816509439], [3.159281261764933, 43.24320092138764], [3.146519260943368, 43.24715892501262], [3.146573330797615, 43.25391434431033], [3.141615123133388, 43.259507084083054], [3.153398607870245, 43.28908618825783], [3.15230125564776, 43.302554227974106], [3.160351045386343, 43.30496243404775], [3.177580294457149, 43.30393698476369], [3.185930926341839, 43.30375202829263], [3.191151213935971, 43.299344027959954], [3.195850324515464, 43.283134489841686], [3.190649043934786, 43.27411226850807], [3.19321653316855, 43.25040476570771]]]}",11003,135,38,1,34,91
66083,66220,FOSSE,PYRENEES-ORIENTALES,LANGUEDOC-ROUSSILLON,"Commune simple",539.0,441.0,0.0,"42.7858632622, 2.43269558007","{""type"": ""Polygon"", ""coordinates"": [[[2.428955127914314, 42.7733706883644], [2.420730769260021, 42.78296588560091], [2.418232000291534, 42.79479482376605], [2.436074732611329, 42.794377608190196], [2.448111561275463, 42.794593106468106], [2.444300914404519, 42.78321654891542], [2.437681153306636, 42.7747206448347], [2.428955127914314, 42.7733706883644]]]}",17245,083,15,2,66,91
67548,67370,WIWERSHEIM,BAS-RHIN,ALSACE,"Commune simple",171.0,338.0,0.8,"48.6379420012, 7.59735898171","{""type"": ""Polygon"", ""coordinates"": [[[7.59558779856462, 48.625456876300234], [7.586298328982161, 48.63468132344523], [7.585254732131338, 48.643551427238414], [7.589055661098058, 48.64874790396194], [7.593081674809191, 48.649998192095666], [7.611956430176324, 48.64137543950387], [7.604722232635706, 48.62762658864425], [7.59558779856462, 48.625456876300234]]]}",22272,548,31,6,67,42
67247,67120,KOLBSHEIM,BAS-RHIN,ALSACE,"Commune simple",184.0,340.0,0.8,"48.5621490705, 7.58621736954","{""type"": ""Polygon"", ""coordinates"": [[[7.602333514310407, 48.55339087379875], [7.595156381366135, 48.550641055640114], [7.58710314048548, 48.551979501960716], [7.583887339164209, 48.55772629993077], [7.573887301524816, 48.558237816971555], [7.571089761559322, 48.56102161608721], [7.575228653103285, 48.57405377610519], [7.579913280528429, 48.575297019682274], [7.588271781750786, 48.567640016294504], [7.601229095527509, 48.56430066213622], [7.598900166321319, 48.555407082985504], [7.602333514310407, 48.55339087379875]]]}",22378,247,08,6,67,42
14156,14410,CHENEDOLLE,CALVADOS,BASSE-NORMANDIE,"Commune simple",213.0,680.0,0.2,"48.8471498203, -0.764879797587","{""type"": ""Polygon"", ""coordinates"": [[[-0.761110312749745, 48.82872130025073], [-0.783639820480647, 48.84600852202365], [-0.782189144396622, 48.85514804638424], [-0.777354542952435, 48.85508479055365], [-0.77049954760741, 48.86329621457217], [-0.762612014587709, 48.86518324923852], [-0.758829952907926, 48.860242290991195], [-0.746799253171512, 48.844755896808785], [-0.750167098190471, 48.838104761742805], [-0.751384368731557, 48.835689633443685], [-0.761110312749745, 48.82872130025073]]]}",32274,156,36,4,14,25
65420,65400,SERE-EN-LAVEDAN,HAUTES-PYRENEES,MIDI-PYRENEES,"Commune simple",692.0,184.0,0.1,"43.0198406053, -0.128367115293","{""type"": ""Polygon"", ""coordinates"": [[[-0.1522488616153, 43.01548851686053], [-0.145682473706104, 43.02015413894736], [-0.127496773977712, 43.023897706245364], [-0.114118552596927, 43.02240471499029], [-0.107904701664821, 43.02045129504494], [-0.115625674528953, 43.01667268552048], [-0.134127213612393, 43.01811528240557], [-0.1522488616153, 43.01548851686053]]]}",32380,420,01,1,65,73
63089,63720,CHAPPES,PUY-DE-DOME,AUVERGNE,"Commune simple",317.0,1044.0,1.5,"45.8653394386, 3.22674645901","{""type"": ""Polygon"", ""coordinates"": [[[3.244356376712046, 45.85575736208543], [3.240037582728058, 45.849481156419], [3.210273516937351, 45.85008976758851], [3.199556848335183, 45.87271162325806], [3.232427124697035, 45.88128457485514], [3.242393844412721, 45.88132668053716], [3.246820566776105, 45.882289639595776], [3.248560517454671, 45.879278168427426], [3.246636936294116, 45.87294288478366], [3.250143409449936, 45.86726205078519], [3.244356376712046, 45.85575736208543]]]}",27640,089,17,4,63,83
60172,60580,COYE-LA-FORET,OISE,PICARDIE,"Commune simple",59.0,706.0,3.8,"49.1449874027, 2.47045856809","{""type"": ""Polygon"", ""coordinates"": [[[2.477603110301549, 49.13106998599741], [2.461295734029403, 49.136608506855794], [2.461071732454063, 49.139700416514565], [2.45639448359367, 49.140110949259686], [2.435398993223297, 49.13394532077736], [2.4389071840361, 49.14149622668891], [2.440902617873646, 49.14580320714455], [2.44576587618519, 49.14471980933963], [2.481312359144274, 49.157456503303216], [2.495778012847453, 49.15851593798499], [2.496074212266949, 49.152025787405634], [2.477603110301549, 49.13106998599741]]]}",28114,172,36,4,60,22
88300,88210,MENIL-DE-SENONES,VOSGES,LORRAINE,"Commune simple",493.0,723.0,0.1,"48.3750069219, 6.99707479761","{""type"": ""Polygon"", ""coordinates"": [[[7.011351764400982, 48.364908502789376], [6.991692447521353, 48.36558194436872], [6.978312945879165, 48.361528118159924], [6.975111334299412, 48.36405888572482], [6.969096660549284, 48.36854858392664], [6.986986227919084, 48.386594621401855], [7.02258506179481, 48.38539098505825], [7.023360018418539, 48.38491424324068], [7.020784936941138, 48.375650947300755], [7.011351764400982, 48.364908502789376]]]}",681,300,26,3,88,41
50380,50810,NOTRE-DAME-D'ELLE,MANCHE,BASSE-NORMANDIE,"Commune simple",149.0,283.0,0.1,"49.1107835705, -0.954419906534","{""type"": ""Polygon"", ""coordinates"": [[[-0.958612564861953, 49.100743411105015], [-0.967403411579158, 49.102208953240975], [-0.959199048082939, 49.11971910279422], [-0.947880800352151, 49.119677267603315], [-0.940691005442371, 49.11693346463253], [-0.94793875904164, 49.105145662615094], [-0.958612564861953, 49.100743411105015]]]}",27166,380,31,4,50,25
54539,54540,VACQUEVILLE,MEURTHE-ET-MOSELLE,LORRAINE,"Commune simple",292.0,1009.0,0.3,"48.4812508877, 6.81739744262","{""type"": ""Polygon"", ""coordinates"": [[[6.798013027788486, 48.45831096142119], [6.791555527178321, 48.47463922681156], [6.796344796709524, 48.48073660164058], [6.795009041970338, 48.4875521567586], [6.81149033645229, 48.49565224996732], [6.816507649487334, 48.499237738189954], [6.833935313157524, 48.49534378555565], [6.84314382100196, 48.488047865153476], [6.843753003559701, 48.4819396156111], [6.82808053714324, 48.463775308920745], [6.81839885077028, 48.471797022877524], [6.813315127234627, 48.471176933547845], [6.80436801905096, 48.46770839037604], [6.798013027788486, 48.45831096142119]]]}",6318,539,03,2,54,41
79318,79310,SOUTIERS,DEUX-SEVRES,POITOU-CHARENTES,"Commune simple",169.0,550.0,0.3,"46.5893025848, -0.267063023629","{""type"": ""Polygon"", ""coordinates"": [[[-0.283138457348799, 46.567487001962576], [-0.287371718514182, 46.57981129050031], [-0.271844593066607, 46.58785342033945], [-0.265299949809142, 46.5966377950704], [-0.265846980797786, 46.60335418486049], [-0.271749677619103, 46.60866500279422], [-0.26382170692629, 46.607953990379315], [-0.258048052597045, 46.61176826066277], [-0.248585094909855, 46.6009073351282], [-0.260756998152682, 46.58366378024529], [-0.271564165182371, 46.573189735796255], [-0.283138457348799, 46.567487001962576]]]}",12044,318,15,3,79,54
76272,76740,FONTAINE-LE-DUN,SEINE-MARITIME,HAUTE-NORMANDIE,"Chef-lieu canton",79.0,538.0,0.9,"49.8141727455, 0.845673532596","{""type"": ""Polygon"", ""coordinates"": [[[0.841458709146012, 49.80194467762883], [0.834013151706989, 49.805938004511255], [0.815471815503496, 49.80858226422837], [0.824592206762993, 49.81519833244294], [0.821701841568545, 49.820440409154315], [0.875111909102206, 49.82179564331182], [0.877963435917627, 49.81468235712388], [0.854498415309974, 49.81052417856714], [0.841458709146012, 49.80194467762883]]]}",35102,272,22,1,76,23
53048,53420,CHAILLAND,MAYENNE,"PAYS DE LA LOIRE","Chef-lieu canton",124.0,3573.0,1.2,"48.2319686385, -0.868605352742","{""type"": ""Polygon"", ""coordinates"": [[[-0.852565966405272, 48.187793763176344], [-0.88365826280382, 48.19801750522889], [-0.884692949639263, 48.201271669171874], [-0.909278822454736, 48.218801957945644], [-0.911929477116943, 48.229272493405965], [-0.906807364017274, 48.246576615421226], [-0.908338880212217, 48.25667867048478], [-0.888680463274437, 48.254624778679904], [-0.87066986849907, 48.261206773394804], [-0.855809633556616, 48.25908922878127], [-0.842303033731448, 48.2642314863676], [-0.816519639221033, 48.26458958673411], [-0.823882714665432, 48.25710905021627], [-0.818106092262799, 48.24906244933726], [-0.827511725789293, 48.248199578687874], [-0.833155671626175, 48.243278245698484], [-0.827888541976731, 48.231477070309325], [-0.838060205218276, 48.232290989270766], [-0.849525412954101, 48.22570199446016], [-0.842347017104137, 48.21045024781474], [-0.846144998593717, 48.20412867706663], [-0.858527243080043, 48.19875175433265], [-0.84990551993496, 48.19047510179058], [-0.852565966405272, 48.187793763176344]]]}",3955,048,05,2,53,52
14161,14130,CLARBEC,CALVADOS,BASSE-NORMANDIE,"Commune simple",107.0,965.0,0.4,"49.2411702401, 0.134575376763","{""type"": ""Polygon"", ""coordinates"": [[[0.135983928459629, 49.2160195315181], [0.1244801675876, 49.22137705742231], [0.118066609207473, 49.223589794683264], [0.128012465125078, 49.23962408313426], [0.120265259198793, 49.24354136484017], [0.111207368919277, 49.24015809275955], [0.111502267298709, 49.24569762903111], [0.121115585134494, 49.24603552715179], [0.112612808956159, 49.25754471383692], [0.131639877485509, 49.258925360058036], [0.135657742037762, 49.26503892454207], [0.140687391677987, 49.264564565659086], [0.14179125738765, 49.257781068976776], [0.153777392074251, 49.251263897305485], [0.150138701218084, 49.23053271387186], [0.135983928459629, 49.2160195315181]]]}",35340,161,27,3,14,25
61327,61360,PERVENCHERES,ORNE,BASSE-NORMANDIE,"Chef-lieu canton",168.0,2854.0,0.4,"48.4439121887, 0.411023261659","{""type"": ""Polygon"", ""coordinates"": [[[0.433808187793377, 48.41034536951922], [0.42918438944426, 48.41669912541527], [0.376011697454353, 48.430314711510675], [0.367808253726516, 48.437739105952744], [0.363177756224547, 48.45156131510763], [0.352889872427467, 48.4596944442389], [0.358271064155517, 48.461947642483324], [0.379263419677271, 48.45378993165884], [0.384226149476185, 48.4546735333447], [0.387194947295515, 48.467619536100464], [0.399015599265275, 48.47354078224262], [0.408059194738037, 48.47132632875909], [0.41450635503373, 48.46272698319478], [0.431552342756694, 48.46590538388327], [0.447635364791324, 48.45969967912179], [0.456584176293558, 48.44007173645734], [0.441936269956495, 48.42779432450873], [0.444522472561675, 48.425230743182574], [0.440878106277061, 48.41342358903605], [0.433808187793377, 48.41034536951922]]]}",8571,327,28,3,61,25
71459,71640,SAINT-MARTIN-SOUS-MONTAIGU,SAONE-ET-LOIRE,BOURGOGNE,"Commune simple",285.0,368.0,0.3,"46.8134978292, 4.7100275215","{""type"": ""Polygon"", ""coordinates"": [[[4.72112195363195, 46.79454944594425], [4.712733977394417, 46.79718741011289], [4.709401182658081, 46.80586478484072], [4.699857485347473, 46.81396755866192], [4.690398568254005, 46.8164665436231], [4.691698303847867, 46.82238234491664], [4.715294091495001, 46.82339277525661], [4.726227705469793, 46.81734826923552], [4.71693289558815, 46.80678825938903], [4.72112195363195, 46.79454944594425]]]}",30888,459,19,2,71,26
88394,88320,ROMAIN-AUX-BOIS,VOSGES,LORRAINE,"Commune simple",394.0,809.0,0.0,"48.0766280164, 5.71451432126","{""type"": ""Polygon"", ""coordinates"": [[[5.72938484847375, 48.06923068467238], [5.727205525675787, 48.059790847320116], [5.730551080853949, 48.05122237556248], [5.721281417251628, 48.052724610607726], [5.713370907905131, 48.061623159086786], [5.700289669763033, 48.06744332504081], [5.696278483148745, 48.07756561890588], [5.706640030812371, 48.091266019730114], [5.705471695779636, 48.09732542980557], [5.723550941902893, 48.101780028562146], [5.721608815647893, 48.081548066109455], [5.72938484847375, 48.06923068467238]]]}",35541,394,15,2,88,41
50647,50400,YQUELON,MANCHE,BASSE-NORMANDIE,"Commune simple",43.0,217.0,1.0,"48.8444141467, -1.55122744214","{""type"": ""Polygon"", ""coordinates"": [[[-1.539707734868045, 48.839990708158545], [-1.558760667056952, 48.83720241544118], [-1.565056929558418, 48.845510980528005], [-1.55442161351252, 48.8507812303813], [-1.54085663599925, 48.850973078695915], [-1.539707734868045, 48.839990708158545]]]}",21597,647,15,1,50,25
60013,60940,ANGICOURT,OISE,PICARDIE,"Commune simple",77.0,500.0,1.6,"49.3148919573, 2.50251888584","{""type"": ""Polygon"", ""coordinates"": [[[2.485437016054344, 49.29970795418492], [2.488004936584746, 49.306901477139206], [2.490970951953862, 49.31144469269752], [2.483021889042238, 49.3185125445101], [2.513873490320377, 49.32934688550711], [2.51964738250952, 49.32816542296866], [2.514631485950917, 49.30871043572973], [2.508876215600969, 49.30381488403782], [2.495620592802241, 49.30275341995482], [2.485437016054344, 49.29970795418492]]]}",19009,013,20,2,60,22
72315,72140,SAINT-REMY-DE-SILLE,SARTHE,"PAYS DE LA LOIRE","Commune simple",180.0,1143.0,0.8,"48.1814893411, -0.102928256564","{""type"": ""Polygon"", ""coordinates"": [[[-0.097032530671708, 48.15977030086355], [-0.110551782869702, 48.161242622306794], [-0.119384759145209, 48.173373438517075], [-0.128834973110526, 48.175176391618976], [-0.130186154061209, 48.1784364339814], [-0.114896068196197, 48.18719769838501], [-0.113540786995079, 48.190475253877864], [-0.12173714318924, 48.19835423957411], [-0.11155369073689, 48.20588103846798], [-0.10265828876949, 48.210158296254505], [-0.100455235449949, 48.193305065553105], [-0.081211593905673, 48.18964873135293], [-0.075611855972181, 48.18391462915413], [-0.086591192925876, 48.17294814127921], [-0.0882276885097, 48.162720663908004], [-0.097032530671708, 48.15977030086355]]]}",12361,315,30,2,72,52
43229,43320,SAINT-VIDAL,HAUTE-LOIRE,AUVERGNE,"Commune simple",805.0,795.0,0.5,"45.0748772285, 3.79903420873","{""type"": ""Polygon"", ""coordinates"": [[[3.806596742920124, 45.061890010783145], [3.790122733154527, 45.05861342294046], [3.784009055207257, 45.06294267992653], [3.776293571369429, 45.07644020006932], [3.775836821817036, 45.07924373936616], [3.788113807296761, 45.084659279746596], [3.801885147504689, 45.08508330750234], [3.810808434185866, 45.09301468876892], [3.811921927703878, 45.09178197988932], [3.82287626664167, 45.08118446456864], [3.806596742920124, 45.061890010783145]]]}",35145,229,12,2,43,83
28150,28220,"LA FERTE-VILLENEUIL",EURE-ET-LOIR,CENTRE,"Commune simple",119.0,842.0,0.4,"47.9839726431, 1.34319975365","{""type"": ""Polygon"", ""coordinates"": [[[1.367893190136478, 47.981794376111445], [1.352174489009818, 47.970341661254416], [1.323760966143351, 47.976609934305934], [1.314233713023631, 47.97563660713299], [1.312923269187752, 47.978903282418266], [1.320297061065097, 47.98777605243045], [1.333450841685074, 47.990330491998726], [1.33479252903979, 47.99329287345444], [1.341662700654127, 47.99829554558488], [1.351514639897781, 47.99846102614131], [1.368130240170987, 47.98759438457582], [1.367893190136478, 47.981794376111445]]]}",19244,150,11,2,28,24
82082,82160,LACAPELLE-LIVRON,TARN-ET-GARONNE,MIDI-PYRENEES,"Commune simple",317.0,1393.0,0.2,"44.2719783963, 1.79012954535","{""type"": ""Polygon"", ""coordinates"": [[[1.831613510418238, 44.264254360429874], [1.80077011802435, 44.25541497299471], [1.791375548303356, 44.255438049167964], [1.766693071731593, 44.26614648426462], [1.746998673943351, 44.289996006920006], [1.770302274626655, 44.28979104842661], [1.795462692025796, 44.274729705975595], [1.802182253829766, 44.279304288279405], [1.811517000830429, 44.27933361158551], [1.814684562747593, 44.28186144715744], [1.81988331352692, 44.281341245908024], [1.831613510418238, 44.264254360429874]]]}",19749,082,06,2,82,73
55406,55160,PINTHEVILLE,MEUSE,LORRAINE,"Commune simple",212.0,521.0,0.1,"49.1156179213, 5.66923029109","{""type"": ""Polygon"", ""coordinates"": [[[5.658249371166906, 49.10502314095194], [5.650370302414983, 49.108228806224766], [5.650858974121165, 49.114299411853935], [5.653019139315369, 49.12303193022674], [5.673396351178935, 49.12692579368222], [5.683846459281655, 49.12569448820882], [5.687767402508972, 49.11276036107974], [5.683971299373234, 49.10535126535827], [5.668353287177417, 49.10699438521913], [5.658249371166906, 49.10502314095194]]]}",18629,406,09,3,55,41
18179,18110,PIGNY,CHER,CENTRE,"Commune simple",169.0,822.0,0.8,"47.1639629987, 2.4440003398","{""type"": ""Polygon"", ""coordinates"": [[[2.447797898170164, 47.142338502807185], [2.435557369531277, 47.145664643256836], [2.438048509876076, 47.15859628173184], [2.425680807659102, 47.163541323284164], [2.42451412616204, 47.17018882738398], [2.43520376591625, 47.181909440340604], [2.449403742637629, 47.18533595005513], [2.455794855882878, 47.180162404539864], [2.451801706615205, 47.15994066885969], [2.463717816433534, 47.15495474183954], [2.462860228518356, 47.14962991761226], [2.447797898170164, 47.142338502807185]]]}",34910,179,23,1,18,24
10389,10140,UNIENVILLE,AUBE,CHAMPAGNE-ARDENNE,"Commune simple",148.0,1169.0,0.1,"48.3173788807, 4.54850083928","{""type"": ""Polygon"", ""coordinates"": [[[4.54904592697579, 48.29807090089338], [4.535304163794311, 48.30089569975058], [4.514532211749597, 48.31493166469068], [4.523202028817668, 48.31802400301808], [4.526848658130173, 48.32420420737911], [4.554669763630899, 48.33690841795423], [4.563925860259925, 48.33954016525555], [4.575057842825363, 48.3281440731083], [4.561656463936521, 48.31991664306851], [4.572405247932982, 48.31568883373759], [4.572097803644018, 48.30719787474246], [4.54904592697579, 48.29807090089338]]]}",12405,389,25,1,10,21
62239,62231,COQUELLES,PAS-DE-CALAIS,NORD-PAS-DE-CALAIS,"Commune simple",10.0,888.0,2.3,"50.929612545, 1.81411630613","{""type"": ""Polygon"", ""coordinates"": [[[1.784573403005731, 50.910257998318734], [1.784098675998448, 50.91052252384522], [1.790859751147321, 50.91963141398474], [1.782171198467236, 50.927872437401554], [1.791058054753456, 50.93546767722242], [1.790313065050762, 50.94511339324785], [1.805657470898573, 50.94536862211059], [1.820923125235367, 50.935143016529814], [1.858304740325444, 50.930179261775805], [1.859924758113204, 50.917679183040136], [1.852856980188748, 50.92200144043706], [1.84819090382689, 50.92368995913541], [1.839037897054866, 50.92115606937534], [1.831138828256746, 50.925720562942686], [1.825812087285109, 50.92527587520579], [1.796397560759182, 50.917172899753304], [1.784573403005731, 50.910257998318734]]]}",31617,239,15,6,62,31
63235,63460,MONTCEL,PUY-DE-DOME,AUVERGNE,"Commune simple",473.0,943.0,0.4,"46.0145706418, 3.06413214387","{""type"": ""Polygon"", ""coordinates"": [[[3.06171348106221, 46.002163685877704], [3.041782149275441, 46.01095258807308], [3.028954087635598, 46.02068190526086], [3.071089645361329, 46.028371522319894], [3.078763599025192, 46.024791496350694], [3.090814655648682, 46.011058976529455], [3.092346964036781, 46.00771691035863], [3.086316285673879, 46.00222865905685], [3.06171348106221, 46.002163685877704]]]}",18802,235,14,4,63,83
29126,29260,LOC-BREVALAIRE,FINISTERE,BRETAGNE,"Commune simple",59.0,168.0,0.2,"48.5541583182, -4.40680890796","{""type"": ""Polygon"", ""coordinates"": [[[-4.401864135965966, 48.547321935790826], [-4.407193511680775, 48.546998181529126], [-4.417240000003063, 48.55431228055277], [-4.415945509416898, 48.5610161257027], [-4.407342367762974, 48.55976474075591], [-4.394242591438209, 48.555395982178354], [-4.401864135965966, 48.547321935790826]]]}",31698,126,24,1,29,53
77027,77890,BEAUMONT-DU-GATINAIS,SEINE-ET-MARNE,ILE-DE-FRANCE,"Commune simple",90.0,1659.0,1.2,"48.1407704243, 2.4920346913","{""type"": ""Polygon"", ""coordinates"": [[[2.458940979110657, 48.12560797005062], [2.455859023189462, 48.12338913595225], [2.442692473139175, 48.12548731631438], [2.444255901746707, 48.1314697490896], [2.461097459691777, 48.138206805449], [2.47209877029132, 48.148550792436176], [2.471850091055763, 48.15459661484325], [2.48323765935006, 48.164518230078265], [2.506327027888591, 48.156437575201984], [2.53750537078885, 48.140519759352394], [2.52172363882654, 48.12841686390613], [2.522209579970822, 48.12521535698665], [2.477548635414252, 48.129102319721106], [2.458940979110657, 48.12560797005062]]]}",34063,027,04,4,77,11
46119,46150,GIGOUZAC,LOT,MIDI-PYRENEES,"Commune simple",296.0,989.0,0.2,"44.5837680481, 1.43277988907","{""type"": ""Polygon"", ""coordinates"": [[[1.43444899938794, 44.56284101356175], [1.429564768969533, 44.56818317988753], [1.417064108137006, 44.57107516476639], [1.41518567644975, 44.57875586639103], [1.418615896914096, 44.60110867007794], [1.429228415729184, 44.60651855143752], [1.436161274185709, 44.60241185612547], [1.446813692452414, 44.592252206692905], [1.455796547504637, 44.59139665379231], [1.444603937028089, 44.580533637094376], [1.447976536491025, 44.57059543709265], [1.455099375930857, 44.566238248168055], [1.43444899938794, 44.56284101356175]]]}",34638,119,06,1,46,73
28344,28700,SAINT-LEGER-DES-AUBEES,EURE-ET-LOIR,CENTRE,"Commune simple",148.0,1335.0,0.2,"48.4142778005, 1.74991232981","{""type"": ""Polygon"", ""coordinates"": [[[1.771068791829469, 48.39227682445864], [1.75758372996969, 48.39578936229611], [1.74852578336665, 48.393750576644216], [1.734353143671653, 48.39543567481575], [1.736081932004733, 48.40164458554759], [1.729048199039079, 48.40529447186335], [1.724370371551156, 48.41763408582094], [1.734529267596543, 48.43751958139446], [1.737644710050404, 48.44010805457946], [1.74220590667524, 48.43880686679269], [1.743280537587246, 48.43232205302644], [1.747723984398758, 48.43082146101002], [1.762428425358469, 48.429329210790684], [1.771559844685213, 48.431979399463906], [1.775222162980756, 48.4297319015872], [1.776376864305616, 48.42252781143266], [1.768028928542062, 48.4188063909001], [1.764418048406666, 48.41256048432048], [1.775468400038692, 48.401760950622666], [1.771068791829469, 48.39227682445864]]]}",19554,344,02,1,28,24
57626,57640,SANRY-LES-VIGY,MOSELLE,LORRAINE,"Commune simple",230.0,557.0,0.5,"49.185187158, 6.27924889026","{""type"": ""Polygon"", ""coordinates"": [[[6.271514499565409, 49.17281705957776], [6.273614219846733, 49.182361043043905], [6.254441939563788, 49.184815437868565], [6.252644122675276, 49.18787835812428], [6.257470395697688, 49.19345261019016], [6.27144335046641, 49.19687096319922], [6.279369972642598, 49.192174323644466], [6.305773832326155, 49.18877983235481], [6.307411400258268, 49.18540549971307], [6.294596395134774, 49.18141072054335], [6.296054735537597, 49.175000007337374], [6.271514499565409, 49.17281705957776]]]}",18337,626,35,4,57,41
79279,79500,SAINT-MARTIN-LES-MELLE,DEUX-SEVRES,POITOU-CHARENTES,"Commune simple",122.0,919.0,0.9,"46.2262502573, -0.16852854296","{""type"": ""Polygon"", ""coordinates"": [[[-0.168681937594026, 46.19479135763028], [-0.168943669513634, 46.19482912011549], [-0.17038074692283, 46.200827145043405], [-0.173132924083397, 46.2178733381971], [-0.194283948982005, 46.22703223748731], [-0.173461808927314, 46.245738545223624], [-0.164940861185736, 46.249112133813355], [-0.155815069516372, 46.24696847084427], [-0.15317076247099, 46.22653952066291], [-0.162061208854744, 46.20667341760071], [-0.153208045064296, 46.203729095119314], [-0.168681937594026, 46.19479135763028]]]}",34878,279,16,2,79,54
39196,39230,"LES DEUX-FAYS",JURA,FRANCHE-COMTE,"Commune simple",215.0,682.0,0.1,"46.8854345992, 5.48750372118","{""type"": ""Polygon"", ""coordinates"": [[[5.474578434393305, 46.867753613419424], [5.469718328411703, 46.87235307184014], [5.470387153753465, 46.878085913158806], [5.477609244706882, 46.89494707410518], [5.477751001532692, 46.898042814517176], [5.488737989548966, 46.90319276551163], [5.498003197638192, 46.897767438780065], [5.502698338856631, 46.89698988214245], [5.505613749237176, 46.89070180548483], [5.502804472322543, 46.87769195572791], [5.481233512537075, 46.87052898973475], [5.474578434393305, 46.867753613419424]]]}",16896,196,07,2,39,43
73312,73460,VERRENS-ARVEY,SAVOIE,RHONE-ALPES,"Commune simple",1023.0,1073.0,0.8,"45.6626779644, 6.29022565576","{""type"": ""Polygon"", ""coordinates"": [[[6.314339267129504, 45.641655921579144], [6.307293850520161, 45.64007873791153], [6.306320471510108, 45.6427120217253], [6.29734865132542, 45.65473686073484], [6.282750227138881, 45.656704822371715], [6.266549010594441, 45.66441331707543], [6.253581355156022, 45.660507994759634], [6.254319988382483, 45.67656490892723], [6.258544225089234, 45.682363937657676], [6.275910899233159, 45.675776470690096], [6.294780683960923, 45.67312582476211], [6.304569354316049, 45.66525018211255], [6.328083826873072, 45.65954619670997], [6.33179224846751, 45.65666952544019], [6.325330085379223, 45.651579157000576], [6.321242113809319, 45.652628207917914], [6.314339267129504, 45.641655921579144]]]}",10850,312,15,1,73,82
58165,58190,METZ-LE-COMTE,NIEVRE,BOURGOGNE,"Commune simple",224.0,1442.0,0.2,"47.3930715612, 3.63564973338","{""type"": ""Polygon"", ""coordinates"": [[[3.643808373321639, 47.37123076299225], [3.639458277271244, 47.36982339148389], [3.617012167993448, 47.374580950321466], [3.612327554092331, 47.380979400583506], [3.607406192003284, 47.39115084758973], [3.604182347954961, 47.39328318558607], [3.60964118262091, 47.40466958985802], [3.62831174616617, 47.41489581483019], [3.634591214183763, 47.405346338451686], [3.639703073422385, 47.404796202409365], [3.660263204795047, 47.40644575242014], [3.672656307128976, 47.41235226678844], [3.677521441694346, 47.41114473083615], [3.672739385522243, 47.401008874142754], [3.650445901289379, 47.3863988635549], [3.645697455727583, 47.37624363246659], [3.649030591018656, 47.37350634059198], [3.643808373321639, 47.37123076299225]]]}",755,165,24,2,58,26
26040,26310,BEAURIERES,DROME,RHONE-ALPES,"Commune simple",939.0,2453.0,0.1,"44.5601180012, 5.55366934247","{""type"": ""Polygon"", ""coordinates"": [[[5.526566571526341, 44.52634209638137], [5.528006652946792, 44.55091601478338], [5.503000582548363, 44.56788741500786], [5.51124715982844, 44.57539213742917], [5.551774881386128, 44.58211018781503], [5.575941404465706, 44.57810843062893], [5.606489716135572, 44.56665493431235], [5.597248798066784, 44.543273727979226], [5.572316388687495, 44.55305387718968], [5.553969210539944, 44.55541639104117], [5.543236891307289, 44.54424325721104], [5.554654478180963, 44.53381967005031], [5.549409066542325, 44.52836565868313], [5.526566571526341, 44.52634209638137]]]}",10090,040,14,1,26,82
60149,60710,CHEVRIERES,OISE,PICARDIE,"Commune simple",41.0,1265.0,1.7,"49.3461074721, 2.67968198793","{""type"": ""Polygon"", ""coordinates"": [[[2.675508146668739, 49.325070946137245], [2.661167581666251, 49.32873511182584], [2.654941251990153, 49.35692503111162], [2.673679280671257, 49.362010822842436], [2.685961860508331, 49.3722545976378], [2.695596275794857, 49.36313766272368], [2.700089904209304, 49.3572072747704], [2.701224123152653, 49.33720066724533], [2.695046677569989, 49.328070290659234], [2.675508146668739, 49.325070946137245]]]}",33318,149,14,3,60,22
64197,64360,CUQUERON,PYRENEES-ATLANTIQUES,AQUITAINE,"Commune simple",202.0,353.0,0.2,"43.3097711576, -0.552973788897","{""type"": ""Polygon"", ""coordinates"": [[[-0.548341434469784, 43.314604751544756], [-0.538103319535823, 43.30311717810982], [-0.544626548114762, 43.29831995772222], [-0.566787994068529, 43.31117893677334], [-0.56599017522839, 43.31781489720941], [-0.552255613923234, 43.31928477024634], [-0.548341434469784, 43.314604751544756]]]}",32008,197,21,2,64,72
60499,60310,PLESSIS-DE-ROYE,OISE,PICARDIE,"Commune simple",110.0,626.0,0.2,"49.5715853896, 2.82849127947","{""type"": ""Polygon"", ""coordinates"": [[[2.82207909626904, 49.55368039235743], [2.816604595425589, 49.55874083681406], [2.815713045711463, 49.57620074804682], [2.804050898859418, 49.58297638390527], [2.811932112272997, 49.58973775245321], [2.819165175041146, 49.58485106625598], [2.834156147672064, 49.582446084201955], [2.8418943010642, 49.57408085897567], [2.851954124933531, 49.574282261298585], [2.858417474124387, 49.57074921300815], [2.82207909626904, 49.55368039235743]]]}",32197,499,19,3,60,22
65440,65000,TARBES,HAUTES-PYRENEES,MIDI-PYRENEES,Préfecture,306.0,1533.0,43.7,"43.2347859635, 0.0660093937851","{""type"": ""Polygon"", ""coordinates"": [[[0.046753888874843, 43.212517096395], [0.044673208497067, 43.215178540255486], [0.037866736408029, 43.21998770116365], [0.042810213899824, 43.24674072234097], [0.064599310572624, 43.25049485025156], [0.071268267655669, 43.25496967206743], [0.072015651088571, 43.2615970830402], [0.079948830021288, 43.26473738443191], [0.083630360960919, 43.26476484805957], [0.083355141877789, 43.24828467712618], [0.089633674722188, 43.23269272151482], [0.093159588933646, 43.21939388647126], [0.091056228837608, 43.21472860638381], [0.08946601547116, 43.2177101251499], [0.06339222526171, 43.21759784051563], [0.051522428988888, 43.217220177049434], [0.046753888874843, 43.212517096395]]]}",14636,440,99,3,65,73
49317,49250,SAINT-REMY-LA-VARENNE,MAINE-ET-LOIRE,"PAYS DE LA LOIRE","Commune simple",41.0,1571.0,1.0,"47.3878545887, -0.31928686518","{""type"": ""Polygon"", ""coordinates"": [[[-0.319729337782388, 47.3639925242594], [-0.329677233974656, 47.369789624460104], [-0.341707767215029, 47.380022106165875], [-0.345359188427364, 47.396018153992436], [-0.342197129803091, 47.40574090272222], [-0.351229817401602, 47.40862536463695], [-0.351996726272221, 47.41197302590541], [-0.307328506202187, 47.40545880305345], [-0.293910816900177, 47.400704180358986], [-0.298228514721501, 47.38138163080735], [-0.291339480054506, 47.376774695641885], [-0.294185840412736, 47.367404753246355], [-0.319729337782388, 47.3639925242594]]]}",32433,317,23,1,49,52
05117,05150,RIBEYRET,HAUTES-ALPES,"PROVENCE-ALPES-COTE D'AZUR","Commune simple",947.0,1793.0,0.1,"44.4107304576, 5.55802862069","{""type"": ""Polygon"", ""coordinates"": [[[5.557297175235636, 44.38727310208151], [5.545975241787991, 44.39161544713807], [5.533748445746281, 44.40159741332784], [5.529097433670883, 44.401254025433786], [5.525799736464947, 44.403365165251884], [5.529820829881221, 44.42502340258143], [5.542684559270792, 44.42936557411378], [5.566364364238207, 44.430743860096264], [5.582728189139031, 44.43731460013784], [5.580110329030695, 44.43090912419347], [5.585065121604867, 44.39768453950825], [5.581507337574965, 44.38798691305036], [5.557615981081967, 44.390715161144506], [5.557297175235636, 44.38727310208151]]]}",28145,117,17,2,05,93
25576,25220,VAIRE-LE-PETIT,DOUBS,FRANCHE-COMTE,"Commune simple",278.0,127.0,0.2,"47.2889525866, 6.14880400581","{""type"": ""Polygon"", ""coordinates"": [[[6.141778105320686, 47.28398301975045], [6.135879206172643, 47.28794469603148], [6.140691417300213, 47.293022018219915], [6.149440688195295, 47.29024409571232], [6.162377902076381, 47.29451405399917], [6.160796629636063, 47.288124262460066], [6.141778105320686, 47.28398301975045]]]}",15311,576,13,1,25,43
57292,57590,HANNOCOURT,MOSELLE,LORRAINE,"Commune simple",243.0,422.0,0.0,"48.9143175086, 6.45203653587","{""type"": ""Polygon"", ""coordinates"": [[[6.435744904107036, 48.90289620682054], [6.433959316405326, 48.90790717267135], [6.435891410875447, 48.91710504249189], [6.448994751453776, 48.92110293509815], [6.451967993233274, 48.92721012324236], [6.458469020762247, 48.92226087845506], [6.46830552952509, 48.92126527073803], [6.472874282579569, 48.91236546716579], [6.467660089865896, 48.908717996036174], [6.464055137066285, 48.91118073968491], [6.435744904107036, 48.90289620682054]]]}",14900,292,07,2,57,41
57216,57635,FLEISHEIM,MOSELLE,LORRAINE,"Commune simple",304.0,414.0,0.1,"48.791923368, 7.16414660657","{""type"": ""Polygon"", ""coordinates"": [[[7.157655897863776, 48.78018631728621], [7.149577489631073, 48.78381773207018], [7.146900131941177, 48.79025111763855], [7.158183273215632, 48.80046797721312], [7.158659233071237, 48.8071159322883], [7.159050237145549, 48.809110674778], [7.16350393277641, 48.799832283566126], [7.178622687596516, 48.800168806831444], [7.183172035907422, 48.80606174632051], [7.184546040893076, 48.802627254505836], [7.176951008504508, 48.79530085577805], [7.178798807255656, 48.786382966558854], [7.157655897863776, 48.78018631728621]]]}",33303,216,10,5,57,41
39100,39230,CHAMPROUGIER,JURA,FRANCHE-COMTE,"Commune simple",216.0,880.0,0.1,"46.8785635805, 5.51298451513","{""type"": ""Polygon"", ""coordinates"": [[[5.506610163355814, 46.859448442329246], [5.501629987399435, 46.8645023626816], [5.481233512537075, 46.87052898973475], [5.502804472322543, 46.87769195572791], [5.505613749237176, 46.89070180548483], [5.502698338856631, 46.89698988214245], [5.498003197638192, 46.897767438780065], [5.501880114807784, 46.90373677842664], [5.523956331757166, 46.89236409239723], [5.537983152958266, 46.87203017449554], [5.506610163355814, 46.859448442329246]]]}",33384,100,23,2,39,43
49351,49120,"LA TOURLANDRY",MAINE-ET-LOIRE,"PAYS DE LA LOIRE","Commune simple",172.0,1934.0,1.3,"47.1427021536, -0.700674176808","{""type"": ""Polygon"", ""coordinates"": [[[-0.755474695306466, 47.12665074600923], [-0.764934975591343, 47.1337068580751], [-0.762519975948215, 47.14356478529813], [-0.740409157128209, 47.13695441789069], [-0.728865641300035, 47.143257803378795], [-0.726997189846576, 47.1532863784778], [-0.701460484620818, 47.15313299738652], [-0.693610990102963, 47.156961986841736], [-0.686354811077676, 47.16136633721711], [-0.66787299158514, 47.15794316146324], [-0.663736513179109, 47.159678484093064], [-0.641631838961319, 47.15130084307503], [-0.660966080952875, 47.13992943268777], [-0.661111029205661, 47.13642793535384], [-0.68890630361628, 47.12976733487111], [-0.712823470684926, 47.13245371195162], [-0.721208033441696, 47.128984552205246], [-0.755474695306466, 47.12665074600923]]]}",13948,351,11,2,49,52
74097,74540,CUSY,HAUTE-SAVOIE,RHONE-ALPES,"Commune simple",680.0,1763.0,1.7,"45.7584929074, 6.0333103006","{""type"": ""Polygon"", ""coordinates"": [[[6.042253001381254, 45.73925865450771], [6.007549490437139, 45.750715318132485], [5.993805657314351, 45.74769285897719], [5.994260719360585, 45.763216359464884], [6.005882618769366, 45.77449584047175], [6.029173925371759, 45.78310048826381], [6.033495488801443, 45.77431525095455], [6.038266105954579, 45.774421138123934], [6.060786732079094, 45.762286297662214], [6.065961218334431, 45.753215148666655], [6.093466669433647, 45.74577702625494], [6.096132721901491, 45.74282005351293], [6.077005363654081, 45.74094669816285], [6.055079971159397, 45.74919396792648], [6.050235622694554, 45.7481806729935], [6.042253001381254, 45.73925865450771]]]}",416,097,02,1,74,82
45239,45290,OUSSOY-EN-GATINAIS,LOIRET,CENTRE,"Commune simple",106.0,2330.0,0.4,"47.9013234863, 2.63700159517","{""type"": ""Polygon"", ""coordinates"": [[[2.615201582703454, 47.86887060500226], [2.605275429755195, 47.874471590474535], [2.596646132872814, 47.874622249168944], [2.602968790808185, 47.89135655970636], [2.615560493283497, 47.906149096895675], [2.611035699135836, 47.915376901655094], [2.626561171596155, 47.92923273690366], [2.634730276956211, 47.92717950976165], [2.641023126383684, 47.93122172521533], [2.643758232483778, 47.9227524211094], [2.65814672862995, 47.92349714326828], [2.681951636106317, 47.91923518664988], [2.678614750932268, 47.90650057686378], [2.67038945237663, 47.89899000819231], [2.661131438669108, 47.89640772431346], [2.655745148012119, 47.88709527134553], [2.63974353443454, 47.87905539317047], [2.630052262925946, 47.87792726310836], [2.615201582703454, 47.86887060500226]]]}",24301,239,16,1,45,24
65235,65290,JUILLAN,HAUTES-PYRENEES,MIDI-PYRENEES,"Commune simple",333.0,832.0,3.9,"43.199677324, 0.0228064029796","{""type"": ""Polygon"", ""coordinates"": [[[0.035637782587138, 43.18765676043596], [0.003457225218405, 43.184814241193166], [-0.000555072931629, 43.19101264771434], [0.015046096269329, 43.21548826035071], [0.037205338252619, 43.21129219528009], [0.044673208497067, 43.215178540255486], [0.046753888874843, 43.212517096395], [0.035637782587138, 43.18765676043596]]]}",24433,235,16,3,65,73
68226,68140,MUNSTER,HAUT-RHIN,ALSACE,"Chef-lieu canton",480.0,880.0,4.9,"48.0448514207, 7.14149744282","{""type"": ""Polygon"", ""coordinates"": [[[7.13341408428157, 48.0283025324994], [7.130739854993083, 48.0346593096458], [7.096839390536733, 48.03965657692439], [7.111387353201357, 48.04358248061228], [7.118342734232415, 48.048691795229075], [7.131647452991238, 48.04559407560404], [7.137609162102323, 48.05790108636806], [7.149106446506172, 48.06395729815435], [7.166069723621197, 48.051643333166055], [7.166332232356877, 48.04149623501301], [7.158246139872595, 48.029571895604484], [7.149341405063356, 48.03679809983398], [7.14459949771216, 48.036640867166795], [7.13341408428157, 48.0283025324994]]]}",32826,226,18,2,68,42
31344,31800,MIRAMONT-DE-COMMINGES,HAUTE-GARONNE,MIDI-PYRENEES,"Commune simple",395.0,836.0,0.8,"43.0914345294, 0.755642928853","{""type"": ""Polygon"", ""coordinates"": [[[0.738761003700351, 43.07102586349236], [0.735055067633382, 43.07164079631262], [0.730347821051246, 43.08026049883089], [0.73299928914284, 43.089970999481636], [0.740911915055411, 43.09326849569551], [0.74854106036907, 43.10513445557154], [0.757529983695667, 43.10450312201472], [0.773551593778682, 43.10491639265826], [0.778900131120742, 43.09994303720392], [0.78712802803979, 43.09798889553199], [0.784394646617093, 43.09145435514685], [0.758716088896208, 43.08498458038354], [0.750129028913596, 43.08198924518833], [0.738761003700351, 43.07102586349236]]]}",32972,344,29,2,31,73
12140,12200,MARTIEL,AVEYRON,MIDI-PYRENEES,"Commune simple",365.0,4667.0,0.9,"44.3811674619, 1.91298331714","{""type"": ""Polygon"", ""coordinates"": [[[1.939570674350084, 44.3407784037959], [1.932102393647081, 44.3323700217528], [1.922820069752826, 44.333089728155954], [1.913472444778199, 44.32542685201178], [1.89936251746195, 44.326159790193465], [1.885626805665312, 44.33526691588467], [1.882082679967717, 44.34007424945137], [1.887842016842267, 44.3495761613477], [1.891625718942883, 44.351765922127555], [1.90590867050717, 44.3508555747359], [1.910814096175836, 44.356737809362656], [1.90823855428447, 44.36341911729243], [1.896362928122813, 44.36943137970157], [1.891416452943705, 44.3791314252951], [1.874401591440032, 44.39143640065575], [1.868874813066158, 44.39721349126837], [1.874270573924086, 44.40686563986249], [1.870881011159529, 44.42065014532965], [1.873320269475374, 44.4236910445375], [1.873185707714133, 44.42413980711151], [1.877435708078564, 44.422679729058444], [1.903752347006251, 44.42858043310142], [1.908002495038988, 44.42383318480177], [1.924773075937717, 44.421864488114636], [1.925032251774912, 44.41218915382117], [1.929827688802844, 44.4063391270022], [1.951384972088433, 44.39986656367328], [1.965335665443039, 44.401249861848555], [1.968074160315521, 44.39843975811229], [1.96776655098247, 44.38845310049791], [1.960478653734406, 44.38400933248844], [1.951096409898521, 44.385621822375924], [1.936181344139386, 44.36763581097651], [1.935153133250078, 44.350233217063945], [1.939570674350084, 44.3407784037959]]]}",3036,140,42,3,12,73
54048,54150,"LES BAROCHES",MEURTHE-ET-MOSELLE,LORRAINE,"Commune simple",221.0,1335.0,0.4,"49.229921661, 5.88812607827","{""type"": ""Polygon"", ""coordinates"": [[[5.854852580960523, 49.21172100845057], [5.848310201731371, 49.212604539777736], [5.855475946464736, 49.227485153231065], [5.864486283216749, 49.2304558753074], [5.866936486163393, 49.23673971117874], [5.8781915015614, 49.24568324332618], [5.888147004455518, 49.24802696053548], [5.913772809402029, 49.244828506200804], [5.921979046497852, 49.240266806892166], [5.927218652102907, 49.23865532944081], [5.919615127047678, 49.231741826467754], [5.928047078231129, 49.22927023318371], [5.898915162066957, 49.21781176705023], [5.854852580960523, 49.21172100845057]]]}",3098,048,07,1,54,41
48120,48100,PRINSUEJOLS,LOZERE,LANGUEDOC-ROUSSILLON,"Commune simple",1204.0,4306.0,0.2,"44.6685331995, 3.1689820351","{""type"": ""Polygon"", ""coordinates"": [[[3.166540131846478, 44.629680325078056], [3.144390505446359, 44.63504103919472], [3.135082627476278, 44.633819435692494], [3.134013615687878, 44.64024864367551], [3.144848650186358, 44.6514163422126], [3.144188898772185, 44.65481123296008], [3.123573098209345, 44.669078541278566], [3.128481539239937, 44.67497878131661], [3.124238531786642, 44.68478769282221], [3.124362204424169, 44.695077811216265], [3.13814132863093, 44.69865362171199], [3.157020519490661, 44.69715198217457], [3.166094685811579, 44.70529536379859], [3.174965247439586, 44.7080185882741], [3.179446760064591, 44.70397811020642], [3.18077793180024, 44.69788098229624], [3.201281612707054, 44.69571191764376], [3.2070549655955, 44.686806430552615], [3.206340187216738, 44.667379666307234], [3.213793605288486, 44.663422294547345], [3.211249082513134, 44.65766540823965], [3.218129583337068, 44.65274555429557], [3.202720219689569, 44.63952286281292], [3.17891317479631, 44.63933887093349], [3.170291106350926, 44.63605750145788], [3.166540131846478, 44.629680325078056]]]}",3202,120,16,2,48,91
21113,21220,BROINDON,COTE-D'OR,BOURGOGNE,"Commune simple",213.0,469.0,0.1,"47.1957469906, 5.03994792471","{""type"": ""Polygon"", ""coordinates"": [[[5.046389380937042, 47.1860694674776], [5.021736280102218, 47.18669162556636], [5.022621322910301, 47.19126009691687], [5.02464480026959, 47.20255394544269], [5.039215384012387, 47.205918666372256], [5.057861118157631, 47.20244591516254], [5.060557227038101, 47.199696240476506], [5.05777256649392, 47.191838626753906], [5.053829133163706, 47.192710146058445], [5.046389380937042, 47.1860694674776]]]}",25345,113,15,2,21,26
68084,68440,ESCHENTZWILLER,HAUT-RHIN,ALSACE,"Commune simple",276.0,322.0,1.5,"47.7097157075, 7.39173125323","{""type"": ""Polygon"", ""coordinates"": [[[7.386620298748757, 47.700474883892355], [7.376986280422591, 47.70170154423143], [7.373748095433575, 47.70747487514005], [7.398730455753071, 47.72243897699596], [7.407911230470737, 47.708922751621024], [7.412543258526058, 47.70889218916171], [7.386620298748757, 47.700474883892355]]]}",26608,084,09,4,68,42
26223,26190,ORIOL-EN-ROYANS,DROME,RHONE-ALPES,"Commune simple",605.0,1608.0,0.5,"44.9897441027, 5.25074981876","{""type"": ""Polygon"", ""coordinates"": [[[5.248002741563087, 44.961184151808155], [5.231244818940603, 44.966953068642], [5.229988631138362, 44.973328386298846], [5.221000301760157, 44.97482330954575], [5.220144804944471, 44.98141568338909], [5.224140509165328, 44.987758047252065], [5.257183658673835, 45.015889226486294], [5.280737934028195, 45.01207623766472], [5.280983938336727, 45.00221696692232], [5.275770874344178, 44.996405794122424], [5.264170422425082, 44.982653949790176], [5.258000909425818, 44.97789736397142], [5.254837864004156, 44.965207133314124], [5.248002741563087, 44.961184151808155]]]}",33532,223,24,3,26,82
31123,31110,CASTILLON-DE-LARBOUST,HAUTE-GARONNE,MIDI-PYRENEES,"Commune simple",1913.0,2804.0,0.1,"42.7401974688, 0.557666969635","{""type"": ""Polygon"", ""coordinates"": [[[0.593881386940347, 42.70430140506974], [0.587988416535003, 42.695227526798284], [0.529613795083488, 42.70268435897688], [0.539453209119105, 42.71862611346255], [0.563850222183308, 42.74461454401987], [0.559468399456079, 42.749858232722474], [0.535862267369533, 42.74898489649826], [0.53271199269366, 42.75160212565526], [0.540656961541936, 42.76809437917662], [0.541713372356586, 42.7820984160304], [0.532286657056402, 42.80191624401439], [0.532917472606953, 42.80892987585255], [0.542174019007353, 42.812228215642484], [0.542599697701229, 42.80245003194138], [0.55867919240153, 42.79513472118135], [0.55348249794966, 42.77813062989474], [0.571509753908212, 42.75731051318449], [0.577244169145231, 42.729248107051376], [0.585484892770946, 42.71266683454896], [0.593881386940347, 42.70430140506974]]]}",11001,123,04,2,31,73
41007,41310,AUTHON,LOIR-ET-CHER,CENTRE,"Commune simple",132.0,3239.0,0.6,"47.6375449174, 0.883240643609","{""type"": ""Polygon"", ""coordinates"": [[[0.899154882409024, 47.60371907289922], [0.864282038688902, 47.599826602186845], [0.860179393451456, 47.601876509883944], [0.85766981793371, 47.61199648453598], [0.85274665679592, 47.61289652352314], [0.850765334868808, 47.623080067479684], [0.859344457263032, 47.62668632540437], [0.862294789128499, 47.633169453413544], [0.844694689413079, 47.64510987423727], [0.859350322749984, 47.66671931578871], [0.86201057902061, 47.67683462034403], [0.880969717102512, 47.67144427807869], [0.920481818947846, 47.649220785052165], [0.931959068040882, 47.65597942392854], [0.937331514189179, 47.649384429353525], [0.918492311020506, 47.63805631064899], [0.915916622550606, 47.635102050316675], [0.919604931796685, 47.63275470014441], [0.903625239730128, 47.61634241006843], [0.895306662708721, 47.6128521589018], [0.899154882409024, 47.60371907289922]]]}",11183,007,19,2,41,24
33537,33730,UZESTE,GIRONDE,AQUITAINE,"Commune simple",65.0,2620.0,0.4,"44.4334139021, -0.324575198234","{""type"": ""Polygon"", ""coordinates"": [[[-0.329608022602451, 44.40014947646271], [-0.355808610248931, 44.42299590175557], [-0.357619934759181, 44.43614037221755], [-0.360891430795365, 44.44823124608073], [-0.35100012871351, 44.453452066282914], [-0.309580088724855, 44.460587527805416], [-0.290747707101877, 44.45281747173184], [-0.290928750974221, 44.4423156752881], [-0.298023819683896, 44.42553454113077], [-0.295805174159384, 44.415510109899955], [-0.329608022602451, 44.40014947646271]]]}",6185,537,50,3,33,72
34296,34160,SAUSSINES,HERAULT,LANGUEDOC-ROUSSILLON,"Commune simple",46.0,630.0,0.9,"43.758954777, 4.05038800559","{""type"": ""Polygon"", ""coordinates"": [[[4.049836974198421, 43.74206969651965], [4.037478935672973, 43.74851462302817], [4.032919129476799, 43.762749921679315], [4.051756736359229, 43.774268967892006], [4.063949779664602, 43.7707577906982], [4.067248254112646, 43.76449790450668], [4.062167900507269, 43.75170540950847], [4.049836974198421, 43.74206969651965]]]}",22506,296,17,3,34,91
25317,25170,JALLERANGE,DOUBS,FRANCHE-COMTE,"Commune simple",225.0,554.0,0.2,"47.2569810694, 5.71944312657","{""type"": ""Polygon"", ""coordinates"": [[[5.718389242590086, 47.23804518057457], [5.718946187106149, 47.24147315533762], [5.69872619467738, 47.26500577222895], [5.711379959436546, 47.27057467130798], [5.735195863417934, 47.26343960121144], [5.733957760040346, 47.25419061450485], [5.739341402292345, 47.24949647354476], [5.72565752616002, 47.2465311327898], [5.723004356046586, 47.240116767523546], [5.718389242590086, 47.23804518057457]]]}",17210,317,02,1,25,43
02223,02330,COURBOIN,AISNE,PICARDIE,"Commune simple",200.0,1402.0,0.3,"48.9960917184, 3.50690687861","{""type"": ""Polygon"", ""coordinates"": [[[3.551314757482229, 48.992738481285755], [3.530571015962362, 48.99001740982202], [3.525125790436556, 48.98392658218289], [3.515531027548418, 48.98080288563594], [3.488735105211489, 48.9816883885329], [3.467661078677517, 48.996052117738344], [3.469474783829952, 49.00621517725399], [3.489018622533661, 49.01182015649302], [3.508994442765594, 49.0066655558513], [3.535825970232886, 49.005361804192695], [3.542407322514994, 49.00079117869626], [3.557829084675235, 49.00001909195978], [3.559598728235948, 48.99682759400834], [3.551314757482229, 48.992738481285755]]]}",17267,223,10,1,02,22
24490,24410,SAINT-PRIVAT-DES-PRES,DORDOGNE,AQUITAINE,"Commune simple",78.0,1970.0,0.6,"45.2186240618, 0.192239513618","{""type"": ""Polygon"", ""coordinates"": [[[0.214745520026719, 45.19399067224691], [0.197800859333905, 45.19900855620037], [0.186843977505409, 45.20982420706164], [0.182212070841668, 45.210428210973525], [0.171583032619339, 45.20386149604864], [0.149496704601922, 45.21631935808218], [0.145485623568467, 45.2144869584132], [0.148208691536814, 45.22455775504489], [0.157827537120614, 45.22645178840132], [0.174725703689016, 45.23920622305456], [0.18779492168091, 45.23495889920586], [0.201854828974057, 45.23633909053591], [0.231225227952413, 45.22525003027934], [0.23327326559582, 45.218660581587756], [0.226363781819844, 45.21353381093885], [0.214745520026719, 45.19399067224691]]]}",3315,490,31,3,24,72
62406,62121,HAMELINCOURT,PAS-DE-CALAIS,NORD-PAS-DE-CALAIS,"Commune simple",99.0,669.0,0.3,"50.1833996066, 2.80226363556","{""type"": ""Polygon"", ""coordinates"": [[[2.80682582768359, 50.167696007176424], [2.797615854531796, 50.1668280750567], [2.786548466182154, 50.17220641669248], [2.78994892776802, 50.18503574752596], [2.784985516175391, 50.19786838734241], [2.789853884977139, 50.2012172764538], [2.792256385835613, 50.198733961183436], [2.801319973824872, 50.19914404386357], [2.813622491540582, 50.19380235526198], [2.822515069469198, 50.18292289119533], [2.819865267775165, 50.17691141814551], [2.80682582768359, 50.167696007176424]]]}",19936,406,20,1,62,31
70187,70400,CREVANS-ET-LA-CHAPELLE-LES-GRANGES,HAUTE-SAONE,FRANCHE-COMTE,"Commune simple",338.0,385.0,0.3,"47.5491003203, 6.593684558","{""type"": ""Polygon"", ""coordinates"": [[[6.606402864019052, 47.536848853723136], [6.594464962219551, 47.54235385511077], [6.580450131023319, 47.54410985875028], [6.578647665046074, 47.555743883924464], [6.59982760068574, 47.559335757959964], [6.607953655304036, 47.543459847285455], [6.606402864019052, 47.536848853723136]]]}",25605,187,27,1,70,43
72192,72260,"LES MEES",SARTHE,"PAYS DE LA LOIRE","Commune simple",113.0,683.0,0.1,"48.3136638147, 0.234399536229","{""type"": ""Polygon"", ""coordinates"": [[[0.23147651925099, 48.295980925846195], [0.214290288630419, 48.29745904059313], [0.221411512775215, 48.31362452750277], [0.220729245653613, 48.32373657700655], [0.226009937097733, 48.32650724896389], [0.261222963734492, 48.3297759676032], [0.262129244601516, 48.326628052299455], [0.253553434606382, 48.32410671008266], [0.247580238777938, 48.31571255117326], [0.240521578549945, 48.300513614031374], [0.23147651925099, 48.295980925846195]]]}",16430,192,18,2,72,52
17411,17370,SAINT-TROJAN-LES-BAINS,CHARENTE-MARITIME,POITOU-CHARENTES,"Commune simple",7.0,1770.0,1.5,"45.8319189499, -1.22713007046","{""type"": ""Polygon"", ""coordinates"": [[[-1.207707408943368, 45.85033961280062], [-1.197561030617889, 45.83046369327905], [-1.232551430255469, 45.80079555399645], [-1.241321235623585, 45.80384781995815], [-1.24566839285752, 45.81024030927669], [-1.252875933126093, 45.845355389738906], [-1.215869932238106, 45.860892466136924], [-1.207707408943368, 45.85033961280062]]]}",29775,411,06,2,17,54
77520,77760,VILLIERS-SOUS-GREZ,SEINE-ET-MARNE,ILE-DE-FRANCE,"Commune simple",87.0,1216.0,0.8,"48.3144333448, 2.6391835166","{""type"": ""Polygon"", ""coordinates"": [[[2.647597818993479, 48.29824589941869], [2.622960548795697, 48.296505450436854], [2.61358393237338, 48.299048460028196], [2.610771518144204, 48.30190041144272], [2.615127585791105, 48.318478718973], [2.616644811382635, 48.32501563845942], [2.625379820268095, 48.32416187020388], [2.641191215803978, 48.33211936714308], [2.670759334988169, 48.32923620484544], [2.667856429510542, 48.31886332444509], [2.647597818993479, 48.29824589941869]]]}",31494,520,03,4,77,11
67043,67800,BISCHHEIM,BAS-RHIN,ALSACE,"Chef-lieu canton",139.0,438.0,17.8,"48.6215316062, 7.75864282518","{""type"": ""MultiPolygon"", ""coordinates"": [[[[7.778073206037425, 48.62654906406122], [7.775846424880361, 48.62940499480087], [7.767647259623772, 48.62595805430976], [7.764426791381522, 48.62835794055671], [7.780852468324036, 48.638954332546064], [7.784961910860958, 48.639879546017156], [7.792398382038019, 48.63348851127519], [7.793407228857268, 48.63618737976019], [7.802789497552761, 48.62923958693854], [7.798051870312444, 48.62857463896585], [7.78612462644073, 48.633867195794174], [7.778073206037425, 48.62654906406122]]], [[[7.767672007291001, 48.61654008939466], [7.765597811931171, 48.61003580216912], [7.761076437075952, 48.608585806810495], [7.717932073599778, 48.61611735240759], [7.717725172556289, 48.62000034824372], [7.764352327429028, 48.619187301151875], [7.767672007291001, 48.61654008939466]]]]}",15162,043,44,6,67,42
68203,68500,MERXHEIM,HAUT-RHIN,ALSACE,"Commune simple",216.0,902.0,1.3,"47.9093933635, 7.30167546188","{""type"": ""Polygon"", ""coordinates"": [[[7.277833478764149, 47.89546592203921], [7.279842611002763, 47.917546246038775], [7.309302400487514, 47.922209362212776], [7.3295540615827, 47.92193265863369], [7.328317833753368, 47.91138785778305], [7.323411734470906, 47.91024381111566], [7.316816234954415, 47.90102290817542], [7.298322904986895, 47.89527568999599], [7.277833478764149, 47.89546592203921]]]}",15566,203,24,3,68,42
33057,33540,BLASIMON,GIRONDE,AQUITAINE,"Commune simple",76.0,2976.0,0.9,"44.7502132956, -0.089121338882","{""type"": ""Polygon"", ""coordinates"": [[[-0.055133656793781, 44.7259422730492], [-0.092444369871113, 44.72897878660513], [-0.109497003285072, 44.73382603542154], [-0.12301573223862, 44.73667113721899], [-0.135524192033446, 44.74721986159528], [-0.139907521850139, 44.76571970608717], [-0.136793155715724, 44.7697453907697], [-0.127630149511239, 44.769418784735535], [-0.117904639306042, 44.762367696128095], [-0.113537982646918, 44.763445582980665], [-0.108269291053135, 44.77245945008199], [-0.110988100839578, 44.778618136282404], [-0.108984104886181, 44.778980725457764], [-0.082636673167216, 44.76958060326153], [-0.063052432750209, 44.77088060964101], [-0.059715494824995, 44.7734775568612], [-0.061621956056637, 44.7636582003813], [-0.049372658815272, 44.7583919674667], [-0.044399197468421, 44.748978442775076], [-0.045674502628628, 44.7421770785771], [-0.040062181338087, 44.73680836035823], [-0.045936128385035, 44.731367259208604], [-0.055133656793781, 44.7259422730492]]]}",12013,057,47,3,33,72
70560,70190,VILLERS-BOUTON,HAUTE-SAONE,FRANCHE-COMTE,"Commune simple",354.0,528.0,0.2,"47.4496113899, 5.97526749135","{""type"": ""Polygon"", ""coordinates"": [[[5.986459962470858, 47.43463813259381], [5.985958685342737, 47.43469604315598], [5.948967409561392, 47.45054815738546], [5.951391765779083, 47.45501775675567], [5.955722182899536, 47.45310622360769], [5.978474750144226, 47.460786561144516], [5.988629712731521, 47.460670351664064], [5.993134833270577, 47.4547712761486], [5.990078476423426, 47.44808464916383], [5.986459962470858, 47.43463813259381]]]}",35049,560,21,2,70,43
31390,31210,MONTREJEAU,HAUTE-GARONNE,MIDI-PYRENEES,"Chef-lieu canton",472.0,796.0,2.8,"43.0885884936, 0.558463262724","{""type"": ""Polygon"", ""coordinates"": [[[0.563853726497505, 43.07424712440745], [0.53219392571757, 43.084126346681906], [0.532637653736412, 43.0938729189641], [0.545074549536383, 43.095641852663476], [0.555331147297332, 43.10107626560091], [0.574791596951747, 43.099401498096796], [0.584993569993666, 43.08534129030059], [0.580763242580691, 43.07964040071165], [0.578263796342099, 43.0821667335321], [0.570086830753446, 43.081901555692006], [0.563853726497505, 43.07424712440745]]]}",34291,390,22,2,31,73
80533,80350,MERS-LES-BAINS,SOMME,PICARDIE,"Commune simple",59.0,554.0,3.1,"50.0705181348, 1.40473307328","{""type"": ""Polygon"", ""coordinates"": [[[1.409260195856242, 50.057074130391825], [1.379691087706571, 50.06501449209829], [1.392618454381693, 50.07546128480725], [1.413869621593212, 50.08508914326668], [1.417617311251437, 50.087580874161546], [1.422133906992575, 50.06937666860278], [1.409260195856242, 50.057074130391825]]]}",34424,533,11,1,80,22
39304,39210,"LE LOUVEROT",JURA,FRANCHE-COMTE,"Commune simple",286.0,175.0,0.3,"46.7328180633, 5.58174416388","{""type"": ""Polygon"", ""coordinates"": [[[5.589355419892794, 46.72367372783807], [5.570890071459667, 46.73126885521526], [5.571228873021173, 46.73261259426722], [5.577223879547084, 46.74076631601493], [5.590090084648176, 46.73797232452164], [5.587497733384969, 46.7327966063573], [5.590734417955697, 46.72813806790358], [5.589355419892794, 46.72367372783807]]]}",15610,304,32,2,39,43
89055,89210,BRIENON-SUR-ARMANCON,YONNE,BOURGOGNE,"Chef-lieu canton",111.0,2588.0,3.1,"48.0009924544, 3.61784777108","{""type"": ""Polygon"", ""coordinates"": [[[3.60042885969761, 47.971958252922946], [3.585633605337436, 47.97805353351548], [3.596168274684042, 47.989942876214265], [3.588873243965223, 48.00303771968239], [3.576794556280252, 48.0144366680208], [3.588350706532212, 48.01998599958634], [3.589963173957463, 48.026259387995744], [3.597334922274087, 48.03041583859479], [3.613360691463707, 48.02748967834997], [3.623306853964261, 48.02107496324413], [3.638498946778505, 48.02500720293099], [3.65381931224664, 48.0130620140069], [3.650434438161088, 48.01047096121276], [3.65763563909171, 47.994196007988904], [3.636653062682831, 47.97969629295919], [3.641281820302437, 47.97452341074723], [3.637304871676607, 47.972592129424854], [3.628847612012925, 47.97593149314497], [3.60042885969761, 47.971958252922946]]]}",12018,055,07,1,89,26
56072,56920,GUELTAS,MORBIHAN,BRETAGNE,"Commune simple",122.0,2077.0,0.5,"48.0920646623, -2.80987346419","{""type"": ""Polygon"", ""coordinates"": [[[-2.798536587094511, 48.05898564204663], [-2.81025866364013, 48.062277894461], [-2.814028069376146, 48.06754157324618], [-2.815215306100781, 48.08432002210978], [-2.81997242078434, 48.08557357026172], [-2.838004071699606, 48.07911270312159], [-2.847255707994722, 48.08118870251951], [-2.848786222526193, 48.087835010895716], [-2.842961285861872, 48.093493317219924], [-2.852261329131469, 48.1014498296576], [-2.851455152250661, 48.102076434811], [-2.817040132548568, 48.11531403095036], [-2.783475660123973, 48.111373949540784], [-2.778113250153722, 48.10607939321167], [-2.775248822576207, 48.08703780412094], [-2.790785859660306, 48.07914595644219], [-2.792056380583376, 48.075997560467556], [-2.786176589989534, 48.07210034371215], [-2.798536587094511, 48.05898564204663]]]}",31321,072,26,2,56,53
01006,01300,AMBLEON,AIN,RHONE-ALPES,"Commune simple",589.0,602.0,0.1,"45.7494989044, 5.59432017366","{""type"": ""Polygon"", ""coordinates"": [[[5.614854625053272, 45.734638855121595], [5.610040839855123, 45.73432696285766], [5.595487943526217, 45.74278978874029], [5.581323665199263, 45.74065535404928], [5.570824041689374, 45.75338266428518], [5.584292206712877, 45.76258904296401], [5.590633722613163, 45.76001992817223], [5.608527334740112, 45.758418149175974], [5.611401772816045, 45.748972409843965], [5.614854625053272, 45.734638855121595]]]}",16853,006,04,1,01,82
25215,25640,L'ECOUVOTTE,DOUBS,FRANCHE-COMTE,"Commune simple",354.0,206.0,0.1,"47.3436819821, 6.25275354958","{""type"": ""Polygon"", ""coordinates"": [[[6.261125136151312, 47.33667689532181], [6.246043887061357, 47.33780232926103], [6.241077180397395, 47.343346993008446], [6.249442339492052, 47.35058234560066], [6.258170046684614, 47.3506531367626], [6.260795809993011, 47.35110200674811], [6.261125136151312, 47.33667689532181]]]}",2954,215,24,1,25,43
17316,17520,SAINT-CIERS-CHAMPAGNE,CHARENTE-MARITIME,POITOU-CHARENTES,"Commune simple",59.0,1820.0,0.4,"45.448387711, -0.302733350511","{""type"": ""Polygon"", ""coordinates"": [[[-0.304514825349243, 45.42758034695864], [-0.323795598812691, 45.43558114201381], [-0.332786248461844, 45.43586395105945], [-0.334204099126084, 45.44221173702254], [-0.343168282037011, 45.44905576475775], [-0.337470664452559, 45.457372960921674], [-0.326240337048046, 45.46786387201806], [-0.321543976764531, 45.467723665683884], [-0.315339175732678, 45.472566755504154], [-0.311702915770591, 45.46658168724555], [-0.294606437841998, 45.46122710945736], [-0.290598172662526, 45.45518028460934], [-0.28619960525499, 45.456372744380175], [-0.277120120702356, 45.45875636997374], [-0.268344841507325, 45.45587618073526], [-0.26588399842891, 45.44930580154029], [-0.254552894259281, 45.44297522811741], [-0.25437975967431, 45.44045682432301], [-0.273489547873852, 45.43214080862519], [-0.28984827316154, 45.439061036406834], [-0.302202776456916, 45.43411944100114], [-0.304514825349243, 45.42758034695864]]]}",9135,316,02,1,17,54
51310,51390,JOUY-LES-REIMS,MARNE,CHAMPAGNE-ARDENNE,"Commune simple",148.0,187.0,0.2,"49.2123542299, 3.92767747156","{""type"": ""Polygon"", ""coordinates"": [[[3.92295025875902, 49.204918352998824], [3.910681350650422, 49.20948911058987], [3.939815700903439, 49.22087250391472], [3.941552250525092, 49.21523075272588], [3.92295025875902, 49.204918352998824]]]}",9298,310,31,3,51,21
17013,17400,ANTEZANT-LA-CHAPELLE,CHARENTE-MARITIME,POITOU-CHARENTES,"Commune simple",56.0,1876.0,0.4,"45.9950682393, -0.482871743818","{""type"": ""Polygon"", ""coordinates"": [[[-0.45978202855858, 45.9726708439444], [-0.480908720424164, 45.96619115808569], [-0.494220703270138, 45.96901681788947], [-0.502188687111677, 45.96585003844915], [-0.497503752747272, 45.97958769790905], [-0.504758968805525, 45.999914742486155], [-0.499453478932895, 46.01349133159051], [-0.509140536674597, 46.02115080135475], [-0.509764601630496, 46.03153341412395], [-0.498628704542505, 46.03122885959271], [-0.492558836951148, 46.02287112372616], [-0.481975656836641, 46.01716677995601], [-0.46853544306539, 46.01863375201586], [-0.46736298106588, 46.01583937664706], [-0.464420601495711, 46.00938554578534], [-0.471048885785927, 46.00454957928727], [-0.472540984079021, 45.99806809617399], [-0.450593749440215, 45.99147416425936], [-0.452420613771259, 45.98349556861672], [-0.45978202855858, 45.9726708439444]]]}",1134,013,29,5,17,54
38148,38110,DOLOMIEU,ISERE,RHONE-ALPES,"Commune simple",381.0,1335.0,2.9,"45.6153086109, 5.48684166259","{""type"": ""Polygon"", ""coordinates"": [[[5.516620094460866, 45.605697891253456], [5.507754520333194, 45.605499523909344], [5.497132800136168, 45.59965461131258], [5.483655029016824, 45.601043218753], [5.466088313114744, 45.603429865880244], [5.459092672420887, 45.61093452208658], [5.45460574687058, 45.611356863357564], [5.432084339760325, 45.614729008363454], [5.43927499390502, 45.61826702597431], [5.46218727544897, 45.62077690347802], [5.475608391981831, 45.617716515064956], [5.492346689088974, 45.634203257864456], [5.498499437918777, 45.63736421156688], [5.520136142969651, 45.61752954491074], [5.516620094460866, 45.605697891253456]]]}",22372,148,33,2,38,82
02574,02550,ORIGNY-EN-THIERACHE,AISNE,PICARDIE,"Commune simple",176.0,1639.0,1.5,"49.8861904623, 4.01101149757","{""type"": ""Polygon"", ""coordinates"": [[[4.008928218244917, 49.85826961768434], [3.992247839363112, 49.86093985913491], [3.984839808211933, 49.87388323939821], [3.988687638442567, 49.88377963263103], [3.9837845671307, 49.90062823296464], [4.033178795868881, 49.911127194535695], [4.037285287237178, 49.90714850571325], [4.043074744156146, 49.89775593573706], [4.020774777478993, 49.86691296539542], [4.008928218244917, 49.85826961768434]]]}",25554,574,17,5,02,22
64499,64270,SALIES-DE-BEARN,PYRENEES-ATLANTIQUES,AQUITAINE,"Chef-lieu canton",98.0,5242.0,4.9,"43.4683239252, -0.917789447505","{""type"": ""Polygon"", ""coordinates"": [[[-0.897207040814697, 43.430620396275266], [-0.901074637371944, 43.42987759326857], [-0.91027051068362, 43.435517871336444], [-0.922374605713597, 43.436647371996486], [-0.927761667061277, 43.44113610373645], [-0.937878983702713, 43.440849693097285], [-0.952112156767073, 43.458356028683916], [-0.969297642227094, 43.46332161061367], [-0.972292863541503, 43.46979678924659], [-0.971431629365353, 43.47630527842491], [-0.975318026479678, 43.47794637999904], [-0.980322147488908, 43.49982416158705], [-0.948641853774235, 43.507559038146425], [-0.943531599678389, 43.49784500032203], [-0.88800920041225, 43.49273475049911], [-0.869841534419488, 43.47632438666389], [-0.871307619290714, 43.47036298833113], [-0.859169274903497, 43.46494116578182], [-0.855030814707834, 43.46150354028808], [-0.859978782086559, 43.45600389716294], [-0.856055605798706, 43.44692003884532], [-0.872205733299806, 43.44111041269566], [-0.878517088907085, 43.43241751892248], [-0.897207040814697, 43.430620396275266]]]}",9375,499,37,3,64,72
63464,63410,VITRAC,PUY-DE-DOME,AUVERGNE,"Commune simple",661.0,1318.0,0.3,"45.9786269052, 2.89497191528","{""type"": ""Polygon"", ""coordinates"": [[[2.921565782777164, 45.96604357943205], [2.903052897427052, 45.97081086203118], [2.89342056857963, 45.96993773239191], [2.890740119678817, 45.967080613479744], [2.895973916177379, 45.95818866714464], [2.891146282763413, 45.957589802704994], [2.864490466291621, 45.96577354120823], [2.85768553308906, 45.970672885851194], [2.870541846957344, 45.973326759865536], [2.867635077262447, 45.979086560245584], [2.875986896527333, 45.98128421252973], [2.876856834330617, 45.99081238342229], [2.883505701293876, 45.99898689014454], [2.896551734381076, 45.994253954365064], [2.915596972287967, 45.99324318231196], [2.922668432895872, 45.9900424756482], [2.926287640494224, 45.9789328065238], [2.921565782777164, 45.96604357943205]]]}",9503,464,23,4,63,83
80453,80500,LABOISSIERE-EN-SANTERRE,SOMME,PICARDIE,"Commune simple",94.0,724.0,0.1,"49.6588650675, 2.66756575772","{""type"": ""Polygon"", ""coordinates"": [[[2.669976371060613, 49.64168144251788], [2.646790498943336, 49.64685515819703], [2.642967798984274, 49.653268966028236], [2.663871292534566, 49.6674273415158], [2.669688273941864, 49.679960374063896], [2.681940001253181, 49.673855797332116], [2.689751948867873, 49.66197881415168], [2.687115543730071, 49.66073201632985], [2.681843295908877, 49.66043977960813], [2.680564255365032, 49.650219458604205], [2.667880288516226, 49.64483881849128], [2.669976371060613, 49.64168144251788]]]}",33317,453,27,3,80,22
18008,18340,ARCAY,CHER,CENTRE,"Commune simple",165.0,1840.0,0.5,"46.9625352039, 2.3359112711","{""type"": ""Polygon"", ""coordinates"": [[[2.325039202924843, 46.92445734280379], [2.31902190267563, 46.92952717523668], [2.316518816967249, 46.94246898524901], [2.31162963558537, 46.94235886201799], [2.323245548767269, 46.957527112478665], [2.316631803863736, 46.96994041201147], [2.325031931435762, 46.9734923494631], [2.328807807644581, 46.97979902183617], [2.320419135853532, 46.991977029333015], [2.323895900891116, 46.99385222248137], [2.324412226727533, 47.00202162718574], [2.333167177164838, 47.00286486621467], [2.34194620729734, 46.99527110396964], [2.35466701919102, 46.991237244941054], [2.352013326593814, 46.964544237590054], [2.361421677908817, 46.95301781925576], [2.349268227390913, 46.94894316922794], [2.348279583324632, 46.93606206448945], [2.338458596586125, 46.92866794659228], [2.325039202924843, 46.92445734280379]]]}",30533,008,17,1,18,24
04040,04380,"LE CASTELLARD-MELAN",ALPES-DE-HAUTE-PROVENCE,"PROVENCE-ALPES-COTE D'AZUR","Commune simple",1216.0,2602.0,0.1,"44.2016431995, 6.13159521325","{""type"": ""Polygon"", ""coordinates"": [[[6.148855006530771, 44.16519541241329], [6.138940702934095, 44.17306432131018], [6.095778577127012, 44.18002926202944], [6.098582873762163, 44.201604764306914], [6.102892565914927, 44.206914697729395], [6.101473510967692, 44.213260336524854], [6.119740631103314, 44.22203875616435], [6.147460299103039, 44.23421002247481], [6.165448057197785, 44.22357649996351], [6.170908420772233, 44.21884268196739], [6.157976998705423, 44.203901728731424], [6.156362715189695, 44.196939893336506], [6.147076743746622, 44.18911749418268], [6.150939810035852, 44.172098631823516], [6.148855006530771, 44.16519541241329]]]}",1697,040,31,3,04,93
02491,02270,MONCEAU-LE-NEUF-ET-FAUCOUZY,AISNE,PICARDIE,"Commune simple",95.0,2003.0,0.3,"49.7845792788, 3.63110860935","{""type"": ""Polygon"", ""coordinates"": [[[3.63850504363549, 49.75261220419027], [3.634297068654115, 49.76219426161961], [3.614028113392603, 49.7629988760918], [3.594935022029318, 49.774315679438836], [3.591971023760525, 49.777142350889115], [3.596565638066884, 49.78684145111177], [3.600920117922071, 49.79367536774816], [3.611292237807573, 49.79521410572138], [3.621688690079348, 49.80326565255503], [3.636496935524207, 49.807447959193944], [3.645626774690961, 49.81034690436016], [3.662193553447032, 49.80420254574841], [3.670764553496493, 49.80782142069681], [3.661469093490551, 49.78898648650656], [3.664891582985765, 49.78644316319688], [3.648362537214795, 49.778670471773374], [3.647371510470581, 49.75957378097031], [3.63850504363549, 49.75261220419027]]]}",10363,491,27,5,02,22
37213,37370,SAINT-CHRISTOPHE-SUR-LE-NAIS,INDRE-ET-LOIRE,CENTRE,"Commune simple",95.0,1822.0,1.1,"47.6235750307, 0.473186358315","{""type"": ""Polygon"", ""coordinates"": [[[0.42105468207016, 47.601041133671295], [0.431741474761944, 47.61831591091571], [0.451414041193601, 47.621394717407874], [0.455414340976845, 47.62773193924169], [0.454115785126716, 47.634565971002665], [0.461875439072311, 47.64341629959597], [0.475354896478669, 47.64664423970512], [0.478965463131333, 47.64440779798075], [0.498417907720995, 47.64476298524908], [0.506996604345747, 47.6322847123381], [0.504056311377254, 47.62564787569966], [0.507374976266369, 47.611922258135095], [0.501217073201394, 47.60634220264927], [0.486276150703698, 47.60945254913056], [0.460344929351173, 47.60838690745804], [0.439948028262392, 47.60689664914065], [0.42105468207016, 47.601041133671295]]]}",16888,213,17,2,37,24
47134,47170,LANNES,LOT-ET-GARONNE,AQUITAINE,"Commune simple",108.0,3251.0,0.4,"44.0233573212, 0.28577304123","{""type"": ""Polygon"", ""coordinates"": [[[0.305492790797325, 43.99399227176762], [0.303003631499914, 43.99123836809048], [0.282437649897688, 43.99798730311436], [0.273552361695171, 43.99805427754786], [0.268923122095581, 44.0040623528236], [0.250635783023911, 44.00426149081249], [0.232994544432709, 44.009390913552295], [0.232774891558282, 44.022389325781525], [0.237728440273334, 44.02833211138372], [0.25558021629146, 44.02412557333349], [0.261791091677598, 44.033304698250284], [0.273526615936533, 44.03926221610964], [0.279290999371077, 44.05239161233038], [0.301115014018183, 44.05955998075208], [0.314885136924772, 44.05726906189864], [0.317591108334015, 44.0544356763753], [0.312853138909433, 44.04846595390554], [0.322990880462503, 44.03759285896963], [0.31714457829162, 44.02469821182255], [0.321843245321173, 44.015015698911746], [0.315479999496281, 44.009969892779495], [0.318025526376291, 43.99724507462989], [0.305492790797325, 43.99399227176762]]]}",8085,134,22,4,47,72
71072,71390,CERSOT,SAONE-ET-LOIRE,BOURGOGNE,"Commune simple",330.0,603.0,0.1,"46.7053648589, 4.63239889903","{""type"": ""Polygon"", ""coordinates"": [[[4.646410087462413, 46.691597393339], [4.638562997706867, 46.695699423296126], [4.628512647844256, 46.69446457246051], [4.616152636981416, 46.69916935989142], [4.613470705529565, 46.71596727009308], [4.624658163352952, 46.72182548726602], [4.628739524347221, 46.71993043029711], [4.631747875666385, 46.71109782510965], [4.649472407037335, 46.70925940710931], [4.656259847434316, 46.70643281268978], [4.651919286493733, 46.698020626066906], [4.646410087462413, 46.691597393339]]]}",26623,072,04,2,71,26
54508,54610,SIVRY,MEURTHE-ET-MOSELLE,LORRAINE,"Commune simple",295.0,585.0,0.3,"48.8296711116, 6.20716489613","{""type"": ""Polygon"", ""coordinates"": [[[6.199155278467217, 48.81325455436776], [6.187862463988992, 48.815347529379956], [6.195323404855396, 48.82766846092741], [6.190479333566072, 48.83716763685332], [6.202526300785846, 48.84349708254321], [6.211508485518199, 48.842320083459306], [6.230675229221379, 48.83276682085668], [6.230448868125097, 48.82669729218943], [6.226150867892335, 48.825535240393265], [6.216452590494202, 48.826102651218065], [6.199155278467217, 48.81325455436776]]]}",26779,508,23,3,54,41
80680,80170,ROSIERES-EN-SANTERRE,SOMME,PICARDIE,"Chef-lieu canton",90.0,1348.0,2.9,"49.8180169007, 2.70364687243","{""type"": ""Polygon"", ""coordinates"": [[[2.7136503983238, 49.79728119592268], [2.69643579474136, 49.804939157854335], [2.675596817299222, 49.8075179285696], [2.672095735708115, 49.818756823941996], [2.663882687910501, 49.8218879185371], [2.670573036362672, 49.826640785335705], [2.688770120647254, 49.83049777931448], [2.689820492332545, 49.83363587391413], [2.709540902243242, 49.831671971512414], [2.71259576850947, 49.83426659254091], [2.721915145432853, 49.831826563550884], [2.735654820157965, 49.828479099375365], [2.736098025330779, 49.81527342200772], [2.72132938600686, 49.80681338231317], [2.72398148531067, 49.804133108459716], [2.7136503983238, 49.79728119592268]]]}",8155,680,37,3,80,22
50556,50750,SAINTE-SUZANNE-SUR-VIRE,MANCHE,BASSE-NORMANDIE,"Commune simple",58.0,504.0,0.5,"49.0733180514, -1.05714630383","{""type"": ""Polygon"", ""coordinates"": [[[-1.05916471027014, 49.05784612302489], [-1.064029045451404, 49.066946046613715], [-1.078105344719561, 49.07622845843891], [-1.052051746956359, 49.08901254360745], [-1.041606564827965, 49.069332482023434], [-1.045445571904567, 49.06286490469435], [-1.05916471027014, 49.05784612302489]]]}",26856,556,35,4,50,25
52187,52230,EPIZON,HAUTE-MARNE,CHAMPAGNE-ARDENNE,"Commune simple",364.0,2313.0,0.1,"48.3781421603, 5.33232295089","{""type"": ""Polygon"", ""coordinates"": [[[5.342704295488723, 48.35225482908639], [5.326374832775771, 48.36470978314254], [5.325791461248406, 48.3713727781385], [5.320966165669427, 48.372232460879154], [5.303021360083807, 48.36626417344849], [5.291038955016736, 48.370267762335885], [5.284882778984261, 48.37812712194441], [5.28840499319012, 48.39666313718027], [5.307087752643682, 48.40138625155852], [5.321335950084619, 48.39805694069014], [5.330992046969676, 48.39940654935415], [5.334534404080832, 48.396996696647705], [5.379651018219406, 48.377314913877676], [5.388005155907642, 48.36908202924364], [5.372602185579495, 48.36122767643694], [5.347372159188121, 48.353665554439324], [5.342704295488723, 48.35225482908639]]]}",18912,187,22,3,52,21
17248,17120,MORTAGNE-SUR-GIRONDE,CHARENTE-MARITIME,POITOU-CHARENTES,"Commune simple",35.0,2031.0,1.0,"45.4982547943, -0.777581892089","{""type"": ""Polygon"", ""coordinates"": [[[-0.790575666872706, 45.46108858082311], [-0.799587018182826, 45.47539698414488], [-0.808115688282946, 45.472889990456935], [-0.816640491546615, 45.48058762607139], [-0.808174316918062, 45.484391300345564], [-0.796922449491378, 45.49601454785329], [-0.80160644498481, 45.50600694875041], [-0.792733219057024, 45.51442980035624], [-0.769327508757446, 45.527577858690144], [-0.750373243287595, 45.52817664152611], [-0.73809118876627, 45.52710786668147], [-0.734636590932074, 45.52151649568388], [-0.730318161994293, 45.52099300441885], [-0.746056148337483, 45.511733489420585], [-0.759451491847099, 45.50959976518841], [-0.77568265551221, 45.4930081752821], [-0.759789112373883, 45.48582521955946], [-0.774664719514543, 45.468620944396555], [-0.790575666872706, 45.46108858082311]]]}",9105,248,08,4,17,54
55128,55260,COURCELLES-SUR-AIRE,MEUSE,LORRAINE,"Commune simple",272.0,1185.0,0.0,"48.9403925531, 5.2333703508","{""type"": ""Polygon"", ""coordinates"": [[[5.234757544260417, 48.92544622726438], [5.216306068327804, 48.923674898617726], [5.208490701269974, 48.927057853272636], [5.191445078576103, 48.93693366867871], [5.205666494090051, 48.93965942531221], [5.225279756691742, 48.95601144161399], [5.265332320067783, 48.951626786292394], [5.274800221441445, 48.94417854866152], [5.269702757028345, 48.94128845417805], [5.235983706807539, 48.92856303496254], [5.234757544260417, 48.92544622726438]]]}",17650,128,23,1,55,41
67365,67540,OSTWALD,BAS-RHIN,ALSACE,"Commune simple",141.0,702.0,10.9,"48.5471323955, 7.70760430953","{""type"": ""Polygon"", ""coordinates"": [[[7.730267730649802, 48.55115930460323], [7.716267683725834, 48.54913861915729], [7.7213912420328, 48.54032891437685], [7.719363639168328, 48.537255394333876], [7.706034836747423, 48.53253951348673], [7.695986246000632, 48.53336084998103], [7.68830918612124, 48.53672810580245], [7.688184818931996, 48.5467087422039], [7.69442675802081, 48.55562689018183], [7.704010419381375, 48.557590809917656], [7.722325367442757, 48.56212703010788], [7.73060674702631, 48.55806678470948], [7.730267730649802, 48.55115930460323]]]}",29310,365,42,6,67,42
35109,35370,ETRELLES,ILLE-ET-VILAINE,BRETAGNE,"Commune simple",91.0,2792.0,2.5,"48.0697223278, -1.21606173712","{""type"": ""Polygon"", ""coordinates"": [[[-1.228774416860085, 48.03925909512208], [-1.22497969344624, 48.04457721684118], [-1.235897971289809, 48.049348354556344], [-1.233477455801839, 48.05235528750403], [-1.240167523716922, 48.06874105987811], [-1.259635533642531, 48.07073261941042], [-1.263546974685943, 48.08005339280994], [-1.2682877713786, 48.08130546405139], [-1.268659836069691, 48.088077844895984], [-1.258536742188913, 48.09982614899412], [-1.248172385880572, 48.099425475632614], [-1.231491020847804, 48.09237527740227], [-1.182909710682436, 48.07491702505454], [-1.167616313026606, 48.07673004920413], [-1.162748535905908, 48.08287668315496], [-1.15110157526989, 48.078412910380706], [-1.165699684077181, 48.06930055132267], [-1.172184710230854, 48.05266121900128], [-1.186856093996181, 48.052248212487825], [-1.19936284819372, 48.04217814269598], [-1.228774416860085, 48.03925909512208]]]}",9174,109,02,1,35,53
18106,18600,GROSSOUVRE,CHER,CENTRE,"Commune simple",209.0,1585.0,0.3,"46.8722999491, 2.93595390975","{""type"": ""Polygon"", ""coordinates"": [[[2.961609895250291, 46.85424468239775], [2.932702918050234, 46.85916548416809], [2.912911868495954, 46.85730643770772], [2.909350699371894, 46.8597797280397], [2.902745704915714, 46.868498987977496], [2.911775298856333, 46.88625261794748], [2.909327844838923, 46.88911389574219], [2.91539139002793, 46.89169356729471], [2.934827313968351, 46.89356996809168], [2.954147110211745, 46.879065305819715], [2.963798690723686, 46.878447487414974], [2.964669751755581, 46.87164993896521], [2.978364958955326, 46.86760164061202], [2.961609895250291, 46.85424468239775]]]}",5345,106,26,2,18,24
39126,39150,"LA CHAUMUSSE",JURA,FRANCHE-COMTE,"Commune simple",889.0,1076.0,0.4,"46.6006202227, 5.94399129597","{""type"": ""Polygon"", ""coordinates"": [[[5.936789207528973, 46.577665079247865], [5.916358998004548, 46.596812153296604], [5.923928865969757, 46.6055935599744], [5.93655369884581, 46.61059575435014], [5.944634054049463, 46.61904744322547], [5.956067565980503, 46.62465489765554], [5.969529385333844, 46.60005899208488], [5.936789207528973, 46.577665079247865]]]}",20485,126,28,3,39,43
21564,21700,SAINT-NICOLAS-LES-CITEAUX,COTE-D'OR,BOURGOGNE,"Commune simple",207.0,2886.0,0.4,"47.1291027258, 5.08467105168","{""type"": ""Polygon"", ""coordinates"": [[[5.07381758549546, 47.09874510871377], [5.068595061232568, 47.1042513846195], [5.054346656076014, 47.10659484797783], [5.045386385271397, 47.11448991877204], [5.036156491313677, 47.11671518125216], [5.029800799771455, 47.125211490414905], [5.054568474839714, 47.124179795689024], [5.064876212342527, 47.131129051330454], [5.066888205191635, 47.144359033711005], [5.049115099711606, 47.15634686792566], [5.051920435914933, 47.16240318886691], [5.044570046752287, 47.1701702544385], [5.048821271232423, 47.171527029927205], [5.062870546442053, 47.16732393156843], [5.071255579326745, 47.164220243193604], [5.070838268705863, 47.157833459540505], [5.080230830454695, 47.15796221957987], [5.092617879038964, 47.15326289748379], [5.096923854612516, 47.15467095942361], [5.095061354374311, 47.14786006170059], [5.102908118975785, 47.139206923001844], [5.116449133543805, 47.1354836108087], [5.118390546492878, 47.13853720708589], [5.122202257778422, 47.140142506298915], [5.132025011929926, 47.12686680566641], [5.131469626733147, 47.12116705207744], [5.131732385956502, 47.1174696228605], [5.129323618709489, 47.1129387911395], [5.115013408993748, 47.10126806791804], [5.093121639034292, 47.10779972879268], [5.078454607332844, 47.108181385412486], [5.07381758549546, 47.09874510871377]]]}",7743,564,24,1,21,26
49349,49230,TILLIERES,MAINE-ET-LOIRE,"PAYS DE LA LOIRE","Commune simple",78.0,2443.0,1.7,"47.1463051978, -1.17040980947","{""type"": ""Polygon"", ""coordinates"": [[[-1.153987837647249, 47.124032424224126], [-1.158019009804601, 47.12184095439655], [-1.210784912774928, 47.13380589713434], [-1.230987046826407, 47.13130113894882], [-1.238219823909645, 47.13490402793497], [-1.21884905847706, 47.144321855454365], [-1.209087721839717, 47.14454237348645], [-1.18836279742154, 47.15823234097935], [-1.169554520734664, 47.17051480157573], [-1.159903512610472, 47.17136710528359], [-1.132884147759596, 47.16572736305294], [-1.126991274134562, 47.160420456818414], [-1.12488795281148, 47.15056974456529], [-1.132322953687812, 47.146544934088006], [-1.132586108068055, 47.13999042739021], [-1.151458685313256, 47.130289866037316], [-1.153987837647249, 47.124032424224126]]]}",5605,349,19,2,49,52
76317,76110,GRAINVILLE-YMAUVILLE,SEINE-MARITIME,HAUTE-NORMANDIE,"Commune simple",115.0,633.0,0.4,"49.6540235507, 0.413049424917","{""type"": ""Polygon"", ""coordinates"": [[[0.42759638602687, 49.64360541412191], [0.40882419938462, 49.63781220530457], [0.401551317816033, 49.646647764622145], [0.381631739095506, 49.64274985914397], [0.380910405566642, 49.6433187271295], [0.400774223270626, 49.655145385562946], [0.404768919536784, 49.66513839520869], [0.418637025836343, 49.67057612476348], [0.432317859110835, 49.66432966127379], [0.436181794165727, 49.662954727129716], [0.4241815448063, 49.65287442068873], [0.42759638602687, 49.64360541412191]]]}",26178,317,24,2,76,23
03296,03360,VALIGNY,ALLIER,AUVERGNE,"Commune simple",232.0,2096.0,0.4,"46.7156221865, 2.82039123195","{""type"": ""Polygon"", ""coordinates"": [[[2.868009719552471, 46.71707209521257], [2.855719815938193, 46.696158700758886], [2.841997093728077, 46.69887789329484], [2.828229805464272, 46.70283795191796], [2.813921766563289, 46.699763237136374], [2.793854086125085, 46.70094450985008], [2.780563011586203, 46.70589917186855], [2.774749707681636, 46.718952931124605], [2.782748080980923, 46.72246194642281], [2.793402865254588, 46.73355666705658], [2.827485284785352, 46.735332702366634], [2.836648079681394, 46.72811581599618], [2.84572673309047, 46.726615683344754], [2.868009719552471, 46.71707209521257]]]}",26306,296,02,1,03,83
27469,27340,PONT-DE-L'ARCHE,EURE,HAUTE-NORMANDIE,"Chef-lieu canton",59.0,944.0,4.1,"49.2909189807, 1.14424790108","{""type"": ""Polygon"", ""coordinates"": [[[1.159370039345871, 49.27233086293889], [1.123065113704485, 49.27605179646544], [1.12787546153337, 49.29576504532987], [1.134620322506855, 49.30429482304259], [1.12587973670766, 49.307567356838256], [1.129592655690452, 49.309845900644326], [1.133993537971445, 49.30984205819145], [1.162668688248542, 49.30708974709537], [1.162885402653423, 49.3067963184336], [1.159370039345871, 49.27233086293889]]]}",7503,469,28,1,27,23
70361,70270,MONTESSAUX,HAUTE-SAONE,FRANCHE-COMTE,"Commune simple",331.0,323.0,0.2,"47.7375144324, 6.5647568741","{""type"": ""Polygon"", ""coordinates"": [[[6.569060249355634, 47.72700565108201], [6.562614765863811, 47.73086011610143], [6.549688188319799, 47.73086572960345], [6.551579810742653, 47.73760156524152], [6.564517571969126, 47.74810971702623], [6.573230778612779, 47.745771706966316], [6.578237227742612, 47.73718558321588], [6.569060249355634, 47.72700565108201]]]}",28765,361,16,1,70,43
39055,39250,BILLECUL,JURA,FRANCHE-COMTE,"Commune simple",868.0,431.0,0.0,"46.7464177883, 6.05640813471","{""type"": ""Polygon"", ""coordinates"": [[[6.060935933103135, 46.72760829111788], [6.047721988409553, 46.73848452436315], [6.046556177617422, 46.75063492623061], [6.038931887604082, 46.753540173130126], [6.045286027156772, 46.76233749760518], [6.074477848810613, 46.74643953125195], [6.067724259677872, 46.73688846306419], [6.056954321059164, 46.73299475242022], [6.060935933103135, 46.72760829111788]]]}",28998,055,20,2,39,43
39191,39230,DARBONNAY,JURA,FRANCHE-COMTE,"Commune simple",267.0,444.0,0.1,"46.8253223066, 5.60755327893","{""type"": ""Polygon"", ""coordinates"": [[[5.618141062043119, 46.820722611077265], [5.608896733606079, 46.81325722736205], [5.589971607076884, 46.81428868744682], [5.593850051228086, 46.81581382026438], [5.593923690901572, 46.82502808846634], [5.599394025435953, 46.82989540699356], [5.609121283381183, 46.83917937706617], [5.61668601345703, 46.838421972793824], [5.621598476367572, 46.83304898029672], [5.618141062043119, 46.820722611077265]]]}",30909,191,30,2,39,43
25398,25650,MONTFLOVIN,DOUBS,FRANCHE-COMTE,"Commune simple",927.0,335.0,0.1,"46.9945339119, 6.4355909855","{""type"": ""Polygon"", ""coordinates"": [[[6.438599792048884, 46.9769552048245], [6.437124443469116, 46.98708360182591], [6.429219070197262, 46.99573608126307], [6.415664772307522, 47.0057178435014], [6.405934900760603, 47.00455462891436], [6.423750383168225, 47.01002913260771], [6.431251725361642, 47.00595820246898], [6.430681199995253, 46.99926131366306], [6.436736622879396, 46.99464717679862], [6.442250027110592, 46.99952044354935], [6.448081641287794, 46.99512865068045], [6.452009845777944, 46.989820219278535], [6.449072936993983, 46.98363572292438], [6.438599792048884, 46.9769552048245]]]}",24644,398,15,3,25,43
60289,60210,GREZ,OISE,PICARDIE,"Commune simple",183.0,592.0,0.3,"49.6337227766, 1.97882087154","{""type"": ""Polygon"", ""coordinates"": [[[1.97824595759012, 49.61933219380442], [1.969372672123247, 49.623103681575714], [1.961656807812546, 49.63524218456093], [1.959176168641467, 49.64224863364943], [1.960888592330953, 49.6451570060061], [1.97521603064027, 49.64567401303909], [1.99432800173838, 49.64217600480236], [1.997583315192454, 49.62573013246608], [1.97824595759012, 49.61933219380442]]]}",36417,289,17,1,60,22
32301,32350,ORDAN-LARROQUE,GERS,MIDI-PYRENEES,"Commune simple",196.0,4305.0,0.9,"43.6837953357, 0.477177140595","{""type"": ""Polygon"", ""coordinates"": [[[0.488204784145921, 43.63912162610435], [0.475590028620452, 43.644095824666664], [0.467767302756543, 43.66037959711647], [0.454218511191691, 43.661386597606814], [0.444832929824922, 43.66162557562745], [0.436658063196693, 43.670003804469246], [0.438206379222575, 43.68031252476424], [0.433208912978491, 43.69356403974788], [0.441872793081914, 43.6957127508284], [0.451904680370266, 43.70310550808485], [0.436414074064876, 43.71038519942885], [0.431836592989135, 43.720018613505374], [0.433678030167682, 43.722970059943314], [0.446654271186722, 43.720664355590586], [0.468380978768585, 43.72396283189061], [0.486335050579928, 43.713710489751826], [0.493843358561747, 43.70522293135099], [0.5066928494523, 43.701682954097095], [0.505171935833172, 43.69529216408546], [0.52621517963622, 43.68323207044986], [0.530483039449058, 43.67401144318774], [0.531146847764134, 43.67069559705513], [0.522549217217513, 43.67276869965926], [0.520717986121919, 43.669801151229365], [0.522024012234959, 43.65967613714593], [0.499008563121037, 43.65458488956356], [0.488204784145921, 43.63912162610435]]]}",5818,301,11,1,32,73
32107,32100,CONDOM,GERS,MIDI-PYRENEES,Sous-préfecture,121.0,9778.0,7.1,"43.9716968333, 0.374186827134","{""type"": ""Polygon"", ""coordinates"": [[[0.371980250722451, 43.90116105164678], [0.368260320929954, 43.914046807349344], [0.346221385994604, 43.91011867891717], [0.334465706104572, 43.915406144200865], [0.337500582922038, 43.92190947207084], [0.328603104441342, 43.929679321204134], [0.325612249688083, 43.95015498334728], [0.312314434840195, 43.95382682704745], [0.302861075367722, 43.961572254158625], [0.29977647674073, 43.96405349057916], [0.301261413323858, 43.970609790364655], [0.309333616929498, 43.982128120067834], [0.304331513702443, 43.987425938766314], [0.305492790797325, 43.99399227176762], [0.318025526376291, 43.99724507462989], [0.315479999496281, 44.009969892779495], [0.324740120854765, 44.00780143901419], [0.357013477235058, 44.015411954070494], [0.372811096334803, 44.00837246258147], [0.382336779633739, 44.0082406801386], [0.393874322429794, 44.019493178160616], [0.398032417956397, 44.021348121860456], [0.407709534329306, 44.02204612926422], [0.41893254756712, 44.02829072902184], [0.442437447137993, 44.02876169186939], [0.435797240822873, 44.00881381645746], [0.44139597669232, 43.98138182833698], [0.45643711077916, 43.96317469283454], [0.443218741718485, 43.959651654486585], [0.426389455162643, 43.96519055618982], [0.422156404471386, 43.96368608329111], [0.414119888078081, 43.95561725634953], [0.414079102758891, 43.945522270642705], [0.407623820391209, 43.94057890945185], [0.404967790528886, 43.937877542178775], [0.39207382766374, 43.941622491205614], [0.387355013697803, 43.941257609655956], [0.379829394259832, 43.937430522155424], [0.38041971892317, 43.93081735545505], [0.393656657843498, 43.92116613076292], [0.387720311493447, 43.905257621615704], [0.371980250722451, 43.90116105164678]]]}",3407,107,06,2,32,73
31286,31220,LAVELANET-DE-COMMINGES,HAUTE-GARONNE,MIDI-PYRENEES,"Commune simple",243.0,1381.0,0.6,"43.2526939851, 1.11470722168","{""type"": ""Polygon"", ""coordinates"": [[[1.123764237706483, 43.23068093482217], [1.098411055675091, 43.23902823826341], [1.084883942850173, 43.25279894873499], [1.112198014321753, 43.27844719706779], [1.128889363582075, 43.26579840507174], [1.142838755432527, 43.25205642852326], [1.135649609728976, 43.243681588108245], [1.134698691612368, 43.2369258514054], [1.123764237706483, 43.23068093482217]]]}",21261,286,27,1,31,73
39251,39570,GEVINGEY,JURA,FRANCHE-COMTE,"Commune simple",312.0,576.0,0.5,"46.6375986496, 5.50938673759","{""type"": ""Polygon"", ""coordinates"": [[[5.518630591061608, 46.618700579667795], [5.512832412542615, 46.61913420840555], [5.504597573721898, 46.630539525419465], [5.49595823824376, 46.63349373006596], [5.491578728253339, 46.632102592684284], [5.492082262655593, 46.63852389254813], [5.496117458072979, 46.63952613463937], [5.497453685695818, 46.65067688676561], [5.510607057617785, 46.653632717547204], [5.517807100112369, 46.648078522245264], [5.523486337555539, 46.637971822578436], [5.518630591061608, 46.618700579667795]]]}",16215,251,34,2,39,43
50412,50580,PORTBAIL,MANCHE,BASSE-NORMANDIE,"Commune simple",26.0,2114.0,1.7,"49.3520385149, -1.69541641793","{""type"": ""Polygon"", ""coordinates"": [[[-1.682834338107446, 49.33076769850212], [-1.693296594142468, 49.329757928796944], [-1.700005308826345, 49.33352205472616], [-1.72029996768523, 49.325372759290644], [-1.745723202985272, 49.34801430539921], [-1.709618482048276, 49.36905869442731], [-1.702136222628805, 49.36428061497388], [-1.68199056068664, 49.36440602452823], [-1.677006761013649, 49.37040704177444], [-1.684934227697957, 49.378428933957935], [-1.677631828052724, 49.381692375105125], [-1.671119013913605, 49.37800948815431], [-1.643787613818792, 49.36808714681154], [-1.637586928929511, 49.362463644975755], [-1.643615490850949, 49.358378120233674], [-1.651987141466047, 49.36071217761021], [-1.675980291313713, 49.34877281754456], [-1.676939499049333, 49.335651788104755], [-1.682834338107446, 49.33076769850212]]]}",8180,412,03,2,50,25
09237,09460,"LE PUCH",ARIEGE,MIDI-PYRENEES,"Commune simple",1113.0,284.0,0.0,"42.7207669696, 2.09926724082","{""type"": ""Polygon"", ""coordinates"": [[[2.102565242556713, 42.71159902408757], [2.088969086072617, 42.71166403547727], [2.087574978782886, 42.72281993062582], [2.100535312379497, 42.73171458751504], [2.11380591461173, 42.724496878849], [2.102565242556713, 42.71159902408757]]]}",35769,237,13,1,09,73
85067,85390,CHEFFOIS,VENDEE,"PAYS DE LA LOIRE","Commune simple",142.0,1880.0,0.9,"46.6786935635, -0.782949851125","{""type"": ""Polygon"", ""coordinates"": [[[-0.813637608741891, 46.65372861180965], [-0.818737858756487, 46.65867913678653], [-0.813953918983988, 46.66420222009782], [-0.815443399763604, 46.673663175317536], [-0.810442021331861, 46.674244216247246], [-0.805528932847488, 46.68748767899747], [-0.789651038242974, 46.69892115578101], [-0.757756113548632, 46.706623248772466], [-0.743560997907886, 46.687382223067694], [-0.76084753677787, 46.682399467375234], [-0.769924134593674, 46.65654533366375], [-0.813637608741891, 46.65372861180965]]]}",7144,067,05,1,85,52
63427,63460,TEILHEDE,PUY-DE-DOME,AUVERGNE,"Commune simple",576.0,1203.0,0.4,"45.9614924136, 3.05247762419","{""type"": ""Polygon"", ""coordinates"": [[[3.045088285975103, 45.94504426395157], [3.034445871880666, 45.95597998598289], [3.015997498697776, 45.95971213589181], [3.017988076656184, 45.966411502872866], [3.031316927653575, 45.9706949463048], [3.034781595396855, 45.976493108035854], [3.043540805683661, 45.97960578395569], [3.06529154155479, 45.96846524154982], [3.083468742250907, 45.96499540810364], [3.087689997264977, 45.96420878857458], [3.091019984752396, 45.95549839046349], [3.045088285975103, 45.94504426395157]]]}",8442,427,14,4,63,83
77299,77250,MONTARLOT,SEINE-ET-MARNE,ILE-DE-FRANCE,"Commune simple",86.0,523.0,0.2,"48.3513975864, 2.85826669265","{""type"": ""Polygon"", ""coordinates"": [[[2.870936252571521, 48.34416280792519], [2.853308973805679, 48.33977873635425], [2.84382955824396, 48.341763956345204], [2.841321315718706, 48.3545543254701], [2.853726972524958, 48.3641879781809], [2.858468893204151, 48.36308712164514], [2.877699954212657, 48.354867372023975], [2.879157307890434, 48.349218786273745], [2.870780484644704, 48.34714064134516], [2.870936252571521, 48.34416280792519]]]}",23619,299,21,4,77,11
70349,70110,MOIMAY,HAUTE-SAONE,FRANCHE-COMTE,"Commune simple",281.0,625.0,0.2,"47.5597602693, 6.39935154409","{""type"": ""Polygon"", ""coordinates"": [[[6.407415029988914, 47.54282811684445], [6.396184861991746, 47.54722831098124], [6.381002883611209, 47.567229544580236], [6.373758319428239, 47.57161079204244], [6.374087043019328, 47.57597088713226], [6.382985699173138, 47.57289310178485], [6.397096994997504, 47.5741316287234], [6.395852266856377, 47.57088838434073], [6.408971510984033, 47.567433280024076], [6.420076240929517, 47.55644951815567], [6.41500143055585, 47.547020879946956], [6.407415029988914, 47.54282811684445]]]}",18887,349,27,1,70,43
71567,71960,VERGISSON,SAONE-ET-LOIRE,BOURGOGNE,"Commune simple",391.0,579.0,0.2,"46.3095589166, 4.71007119393","{""type"": ""Polygon"", ""coordinates"": [[[4.693883744327226, 46.29453647663937], [4.693436090581603, 46.30232502785755], [4.704823014881993, 46.32369052436326], [4.716008980862534, 46.32386489162902], [4.730656903679523, 46.31100670248675], [4.72563973795838, 46.30647127644646], [4.707274077512327, 46.29684045347697], [4.693883744327226, 46.29453647663937]]]}",19401,567,27,5,71,26
02701,02310,SAULCHERY,AISNE,PICARDIE,"Commune simple",106.0,265.0,0.7,"48.9756405479, 3.31260850509","{""type"": ""Polygon"", ""coordinates"": [[[3.296767261135196, 48.96875649122922], [3.312664160209248, 48.9889576978306], [3.313594327457629, 48.9823370029751], [3.316597242861807, 48.97964942473094], [3.320857083937428, 48.98146353490061], [3.326781657350322, 48.976384892522056], [3.323450169642488, 48.970063328443146], [3.296767261135196, 48.96875649122922]]]}",22318,701,07,1,02,22
06093,06260,"LA PENNE",ALPES-MARITIMES,"PROVENCE-ALPES-COTE D'AZUR","Commune simple",850.0,1801.0,0.3,"43.9246861706, 6.94222404957","{""type"": ""Polygon"", ""coordinates"": [[[6.942272010176807, 43.897261245919914], [6.941527690682077, 43.90398301774217], [6.929796468837924, 43.910073777780646], [6.912989178859075, 43.92705886595807], [6.908878394736563, 43.92892715731978], [6.899665074562497, 43.92674272481428], [6.891724347558207, 43.930224818367265], [6.915611726086326, 43.94219281442628], [6.949172490131487, 43.93844309427197], [6.962219140560352, 43.94297148701707], [6.971587082711358, 43.936557745192474], [6.980287088775551, 43.93542992827842], [6.978107284458458, 43.92688586744637], [6.972670495470608, 43.922578403753455], [6.953002256385992, 43.898179558746676], [6.942272010176807, 43.897261245919914]]]}",8872,093,18,2,06,93
14449,14310,MONTS-EN-BESSIN,CALVADOS,BASSE-NORMANDIE,"Commune simple",129.0,725.0,0.4,"49.121907033, -0.611431669802","{""type"": ""Polygon"", ""coordinates"": [[[-0.617167736744282, 49.098391771878894], [-0.613641687117236, 49.11485180038296], [-0.638562102007712, 49.11983340297225], [-0.646533660304938, 49.124182148835686], [-0.642906433042256, 49.12642522900542], [-0.629156566638394, 49.12552698193523], [-0.61280285051547, 49.13742286912741], [-0.587934315954676, 49.1324792908125], [-0.598189228845038, 49.11011311495084], [-0.617167736744282, 49.098391771878894]]]}",17334,449,37,2,14,25
57231,57420,FOVILLE,MOSELLE,LORRAINE,"Commune simple",275.0,341.0,0.1,"48.9185016444, 6.3250667958","{""type"": ""Polygon"", ""coordinates"": [[[6.327503615496925, 48.90487385356653], [6.310847179520288, 48.911753176164545], [6.311180719676433, 48.92106860682862], [6.325606940326852, 48.92795935223181], [6.335956419410047, 48.929165631172424], [6.343522857243099, 48.921286030556686], [6.32708648093285, 48.91436325236885], [6.329334488005036, 48.90553401195677], [6.327503615496925, 48.90487385356653]]]}",14085,231,33,4,57,41
79166,79360,MARIGNY,DEUX-SEVRES,POITOU-CHARENTES,"Commune simple",58.0,3205.0,0.9,"46.1947992339, -0.416618786711","{""type"": ""Polygon"", ""coordinates"": [[[-0.42461626285765, 46.15993873781591], [-0.44663718763355, 46.17391035580766], [-0.435891709549063, 46.18069848704028], [-0.438809439487865, 46.190597041544905], [-0.452951632926269, 46.193620306874706], [-0.460578540416263, 46.202176441668804], [-0.469511682336583, 46.20528415111426], [-0.465699618721102, 46.21089869740133], [-0.45223366076865, 46.21292188061642], [-0.451726806469148, 46.21950806538217], [-0.439138774949698, 46.22376531375606], [-0.435442644116599, 46.22591407359684], [-0.394524634770947, 46.220085742678364], [-0.399662937105178, 46.21081988588205], [-0.377278312872447, 46.19835511547148], [-0.363926891009336, 46.195470369634634], [-0.358685145640719, 46.19168673729176], [-0.386819426817698, 46.17716070359561], [-0.395453713131317, 46.16469008812088], [-0.403638123268291, 46.16843796678475], [-0.42461626285765, 46.15993873781591]]]}",4330,166,03,2,79,54
60053,60310,BEAULIEU-LES-FONTAINES,OISE,PICARDIE,"Commune simple",89.0,1264.0,0.6,"49.6653459644, 2.91164661769","{""type"": ""Polygon"", ""coordinates"": [[[2.886184336600583, 49.649165945760714], [2.883648620631928, 49.650529402014705], [2.870161834119028, 49.658674900063666], [2.875533716661796, 49.663892265734845], [2.888843224617263, 49.66752640364027], [2.888794828326643, 49.6706893231506], [2.891572494925426, 49.6731628874836], [2.88842402732749, 49.68201984647697], [2.898386542543453, 49.68619786063868], [2.918325651849774, 49.671404627367146], [2.933317665989475, 49.6734175680851], [2.934781258602078, 49.6766262294656], [2.938475781092834, 49.67878469671444], [2.946497317460234, 49.67508641918939], [2.953289865724368, 49.66654384676569], [2.949996609011119, 49.66485322221284], [2.955731339371133, 49.66086577120609], [2.953350689370803, 49.660559365262415], [2.914093158147662, 49.652369864252684], [2.899113389003817, 49.65467671086272], [2.886184336600583, 49.649165945760714]]]}",4457,053,19,3,60,22
62768,62870,SAINT-REMY-AU-BOIS,PAS-DE-CALAIS,NORD-PAS-DE-CALAIS,"Commune simple",58.0,408.0,0.1,"50.3683009566, 1.86914301088","{""type"": ""Polygon"", ""coordinates"": [[[1.889978907896335, 50.35674789088565], [1.883120438369557, 50.35337285874952], [1.879810043241816, 50.35520145744977], [1.872515988420307, 50.359435848732865], [1.857303498322601, 50.357491217285904], [1.857600166882933, 50.36733461141524], [1.853551786129159, 50.369433992920165], [1.854998773737583, 50.37434074791524], [1.861676236367947, 50.38205216703135], [1.879810935201406, 50.37794427238642], [1.880842259338799, 50.359287160966765], [1.889978907896335, 50.35674789088565]]]}",27884,768,18,4,62,31
27603,27560,SAINT-SIMEON,EURE,HAUTE-NORMANDIE,"Commune simple",130.0,752.0,0.3,"49.2843032087, 0.516823898884","{""type"": ""Polygon"", ""coordinates"": [[[0.501288616949748, 49.257652332261046], [0.490014045915462, 49.25778697037753], [0.495638437389729, 49.278113771444815], [0.503030702398789, 49.28273701420659], [0.512150727681959, 49.302037375526695], [0.527127291309598, 49.29946712047187], [0.536851231888407, 49.30175248473158], [0.53774645115357, 49.3017257805083], [0.544727227887283, 49.28912386340865], [0.542437695580103, 49.28262868716099], [0.529347487935762, 49.28152492997204], [0.519257949645622, 49.28321563212066], [0.508040921588616, 49.27634691948259], [0.501288616949748, 49.257652332261046]]]}",16378,603,12,2,27,23
54163,54450,DOMJEVIN,MEURTHE-ET-MOSELLE,LORRAINE,"Commune simple",257.0,1041.0,0.2,"48.5805107093, 6.69825075007","{""type"": ""Polygon"", ""coordinates"": [[[6.692373938057627, 48.56019514377912], [6.680055635893512, 48.574292069980665], [6.671567510615438, 48.57613036372559], [6.672019283006192, 48.58934484032794], [6.68663222270527, 48.59869930078066], [6.692495709100069, 48.59309639541825], [6.711689185053717, 48.58905002799962], [6.716396142443474, 48.590532993839176], [6.728102763354904, 48.59079700640526], [6.7283307100365, 48.58446812613133], [6.719513580697799, 48.57040770102518], [6.697494368116081, 48.565466200383334], [6.692373938057627, 48.56019514377912]]]}",8372,163,06,2,54,41
52072,52000,BRETHENAY,HAUTE-MARNE,CHAMPAGNE-ARDENNE,"Commune simple",287.0,896.0,0.4,"48.1570319253, 5.13602745985","{""type"": ""Polygon"", ""coordinates"": [[[5.11510227492202, 48.14500972793243], [5.110039101219048, 48.14452431251477], [5.107334799405421, 48.15090967235468], [5.119768817133228, 48.16510718079603], [5.123008418488279, 48.17071980349744], [5.135184117421659, 48.17265147740675], [5.144842550220927, 48.17056804723879], [5.154690484403541, 48.15896577419788], [5.174143127510597, 48.155656407856995], [5.169236256657461, 48.14951761858157], [5.138638933847761, 48.148969095079686], [5.130330582356711, 48.145077744223265], [5.11510227492202, 48.14500972793243]]]}",35992,072,07,1,52,21
64321,64450,LASCLAVERIES,PYRENEES-ATLANTIQUES,AQUITAINE,"Commune simple",240.0,609.0,0.3,"43.4339584385, -0.291563063654","{""type"": ""Polygon"", ""coordinates"": [[[-0.286192331586392, 43.418191189752115], [-0.308691487119088, 43.43094949628614], [-0.311237249032943, 43.43696771851977], [-0.296956323909652, 43.44801970804166], [-0.286092423545606, 43.452554932119654], [-0.283580480906582, 43.44644503972395], [-0.287039651743681, 43.44037017660458], [-0.285125688979643, 43.437366754184836], [-0.276496504822292, 43.43555717156272], [-0.273780429963224, 43.422574104701], [-0.286192331586392, 43.418191189752115]]]}",18790,321,40,3,64,72
17390,17240,SAINTE-RAMEE,CHARENTE-MARITIME,POITOU-CHARENTES,"Commune simple",28.0,482.0,0.1,"45.419274916, -0.664112168706","{""type"": ""Polygon"", ""coordinates"": [[[-0.656065742763688, 45.407124723728394], [-0.685268963150774, 45.416390070067116], [-0.673177359665985, 45.42516145274712], [-0.670585249789905, 45.43088033991284], [-0.652515103055859, 45.42728814394988], [-0.647645104178385, 45.42155149246589], [-0.656065742763688, 45.407124723728394]]]}",20769,390,16,1,17,54
41068,41230,COURMEMIN,LOIR-ET-CHER,CENTRE,"Commune simple",105.0,2623.0,0.5,"47.4697320137, 1.6274781438","{""type"": ""Polygon"", ""coordinates"": [[[1.63792258901684, 47.437041102247406], [1.62870859414808, 47.4450087618206], [1.608711792356864, 47.447940569858176], [1.601480520270037, 47.45294072503042], [1.586494351633044, 47.47809467498118], [1.601493941802225, 47.485973401057066], [1.60863566265347, 47.49429670879079], [1.621712601388291, 47.50439143810217], [1.635957339134739, 47.50588249522971], [1.635004418111042, 47.49271803334765], [1.648557181215057, 47.48888773902855], [1.64206550995354, 47.47985426231529], [1.659335757024466, 47.47377926041413], [1.669397957739853, 47.462145739363116], [1.66800627564611, 47.45885271743349], [1.657075814929697, 47.45165071618063], [1.654494375150483, 47.44503962365555], [1.63792258901684, 47.437041102247406]]]}",4486,068,17,3,41,24
31025,31320,AUREVILLE,HAUTE-GARONNE,MIDI-PYRENEES,"Commune simple",218.0,683.0,0.7,"43.4804161473, 1.45712269625","{""type"": ""Polygon"", ""coordinates"": [[[1.476085756578674, 43.459469186141455], [1.445103226261995, 43.47412867758904], [1.438896571332616, 43.48655658425125], [1.441216928535633, 43.48940655222601], [1.437614643154117, 43.49143341154022], [1.454471481104714, 43.496111317857576], [1.455534802636574, 43.49932100863303], [1.459000588222219, 43.499613272163984], [1.463455511820518, 43.4989745781077], [1.460830956574959, 43.48296474831724], [1.471930013588906, 43.47779458420915], [1.475239513709283, 43.47554655241235], [1.473361536650507, 43.46250831341902], [1.476694321966833, 43.46027860016077], [1.476085756578674, 43.459469186141455]]]}",19507,025,10,3,31,73
55431,55300,RICHECOURT,MEUSE,LORRAINE,"Commune simple",229.0,618.0,0.1,"48.8920724047, 5.75183420043","{""type"": ""Polygon"", ""coordinates"": [[[5.765202824524245, 48.87299100170365], [5.757292798969983, 48.8771508951445], [5.731340839241382, 48.88071552728558], [5.74332671905861, 48.886803254129745], [5.749001086621004, 48.896067367114505], [5.735385143583401, 48.90004155771065], [5.732765966852865, 48.911502085302466], [5.747025431243316, 48.91526100056429], [5.753147652912391, 48.91305082297768], [5.751250977674489, 48.899902960155295], [5.75600496227487, 48.8986958182172], [5.777429732278238, 48.87613629244672], [5.765202824524245, 48.87299100170365]]]}",22271,431,17,2,55,41
54026,54370,ATHIENVILLE,MEURTHE-ET-MOSELLE,LORRAINE,"Commune simple",248.0,1314.0,0.2,"48.7174707236, 6.48605238169","{""type"": ""Polygon"", ""coordinates"": [[[6.486547467971524, 48.69520819401417], [6.478135201479624, 48.69918127293888], [6.473859365850324, 48.716078714813705], [6.46403728487995, 48.71691361429839], [6.450639994573258, 48.71182824110711], [6.44329067389612, 48.719621114063926], [6.451565182076716, 48.72706136736575], [6.486466702832968, 48.73088090470201], [6.503346073676037, 48.73823700730094], [6.512016604189921, 48.73459692604371], [6.513707684820337, 48.72797485518467], [6.508923637699294, 48.721993554945165], [6.506759352663344, 48.705572328203665], [6.513662993109893, 48.70122753876375], [6.508566216148234, 48.69602066345319], [6.504017803747407, 48.69694674705267], [6.491795259238423, 48.70026747195753], [6.486547467971524, 48.69520819401417]]]}",9154,026,01,2,54,41
25501,25240,RONDEFONTAINE,DOUBS,FRANCHE-COMTE,"Commune simple",1064.0,276.0,0.0,"46.7329359308, 6.18194952328","{""type"": ""Polygon"", ""coordinates"": [[[6.189581727214934, 46.725141429757], [6.174958130299844, 46.727394253406906], [6.164157691052051, 46.73432484748772], [6.180197658288471, 46.74144209988584], [6.19899372615319, 46.73319704643443], [6.191186105856369, 46.72657470509611], [6.189581727214934, 46.725141429757]]]}",1021,501,17,3,25,43
88064,88600,BOIS-DE-CHAMP,VOSGES,LORRAINE,"Commune simple",507.0,1762.0,0.1,"48.2415730449, 6.80358451732","{""type"": ""Polygon"", ""coordinates"": [[[6.836755370021208, 48.22381146947807], [6.82230017804573, 48.22525318445264], [6.814380761606402, 48.221446539619755], [6.802440989089114, 48.226173611222976], [6.793655771345179, 48.22342943949628], [6.785418023089798, 48.227170946571285], [6.783623662621382, 48.23692111865206], [6.74557903877292, 48.24043972303964], [6.764156821599975, 48.249253365345986], [6.774172021560874, 48.250113866759825], [6.805834353442029, 48.261601246336625], [6.816074071740395, 48.26048730319613], [6.828442465163003, 48.254141841309895], [6.842882207410153, 48.24590792282518], [6.833159217075645, 48.23906226116428], [6.838065889932428, 48.230146815191524], [6.836755370021208, 48.22381146947807]]]}",6739,064,02,3,88,41
48016,48000,BALSIEGES,LOZERE,LANGUEDOC-ROUSSILLON,"Commune simple",900.0,3295.0,0.5,"44.4754747624, 3.44126913972","{""type"": ""Polygon"", ""coordinates"": [[[3.426340970059295, 44.43180427788765], [3.419071206499115, 44.44087020579792], [3.419926203687655, 44.4511023086411], [3.412880424567867, 44.46033807933631], [3.415130028669684, 44.47056507332626], [3.41318908678859, 44.48710039933214], [3.424102431109092, 44.49351359187968], [3.418988086566483, 44.50259842728727], [3.433612908517885, 44.51512717321817], [3.454556248377213, 44.5222898096724], [3.464777748332236, 44.49675258658377], [3.467572410273086, 44.49400407921173], [3.471599603131825, 44.49581440314587], [3.471723591468971, 44.47902464113042], [3.460116910825944, 44.46807297673312], [3.465972911865387, 44.45865011890891], [3.462865283686982, 44.452136659654585], [3.455565038519235, 44.44765701252332], [3.45660431890672, 44.44096415979593], [3.454001999394622, 44.43453843585001], [3.426340970059295, 44.43180427788765]]]}",9394,016,25,2,48,91
24264,24700,MENESPLET,DORDOGNE,AQUITAINE,"Commune simple",40.0,1913.0,1.6,"45.0036275997, 0.10542960424","{""type"": ""Polygon"", ""coordinates"": [[[0.134199570317534, 44.97908445082127], [0.11061150874003, 44.990204747538456], [0.096391545582167, 44.989951562843395], [0.083476764356324, 44.98584754011024], [0.081231748497359, 44.9921406046608], [0.069457065894902, 44.996831513388024], [0.071844593284329, 45.01577024489957], [0.079008555653197, 45.01675140684495], [0.07971174127242, 45.02275247398794], [0.086470738227871, 45.0264074658105], [0.092251507147547, 45.02078329142541], [0.101760954555055, 45.02236481538582], [0.114408228927887, 45.018044399671915], [0.131757065268375, 45.023069861854076], [0.135597173775861, 44.995941459857285], [0.14198022375128, 44.98332999888073], [0.134199570317534, 44.97908445082127]]]}",9515,264,23,3,24,72
44185,44460,SAINT-NICOLAS-DE-REDON,LOIRE-ATLANTIQUE,"PAYS DE LA LOIRE","Chef-lieu canton",19.0,2214.0,3.1,"47.6362405155, -2.05685289452","{""type"": ""Polygon"", ""coordinates"": [[[-2.038450724278862, 47.610246931619166], [-2.058585764711244, 47.60836498930585], [-2.06605490488435, 47.60387362250201], [-2.085300001157815, 47.606535504815916], [-2.084798486529969, 47.620438830267474], [-2.097035597340285, 47.63135984401428], [-2.082051530391305, 47.6494214966508], [-2.051980945241558, 47.650429532244566], [-2.047413174777311, 47.66378635731387], [-2.043094573646377, 47.66569569037452], [-2.035332963585714, 47.668474941964966], [-2.012283940017613, 47.666454473024686], [-2.008912931767655, 47.66383033305976], [-2.013301495574666, 47.65400057007127], [-2.030539116827728, 47.64740536393932], [-2.040856984925795, 47.63598357898965], [-2.050035189681991, 47.63299807195295], [-2.038450724278862, 47.610246931619166]]]}",11504,185,40,1,44,52
79120,79390,"LA FERRIERE-EN-PARTHENAY",DEUX-SEVRES,POITOU-CHARENTES,"Commune simple",169.0,2935.0,0.8,"46.6478583733, -0.0787535449945","{""type"": ""Polygon"", ""coordinates"": [[[-0.081559693610675, 46.61425599503413], [-0.100859964059741, 46.61308626372439], [-0.109824176527716, 46.61571780730855], [-0.110769341647634, 46.61898126179686], [-0.10870523814381, 46.625426294891845], [-0.100379167182034, 46.62850849933167], [-0.113752708180417, 46.631570073365864], [-0.115947737242137, 46.640882126100365], [-0.114957989466091, 46.64712680593418], [-0.105449017530797, 46.64788049191987], [-0.108560869384621, 46.657447137098224], [-0.09924974949622, 46.67638839125242], [-0.089831855420108, 46.67400231351596], [-0.077142308746099, 46.67924556867827], [-0.07588489990999, 46.67599929291535], [-0.06184715429874, 46.67640203306264], [-0.055539452224517, 46.67132592648344], [-0.031656887550768, 46.6693467636105], [-0.037945578848202, 46.664062124828796], [-0.034734102787232, 46.661398869653276], [-0.035288054395235, 46.65116586230073], [-0.058779549954042, 46.63843052075683], [-0.066804310272199, 46.62970957476055], [-0.065814371502263, 46.62282457593463], [-0.081559693610675, 46.61425599503413]]]}",7070,120,30,3,79,54
52012,52230,ANNONVILLE,HAUTE-MARNE,CHAMPAGNE-ARDENNE,"Commune simple",316.0,618.0,0.0,"48.386421082, 5.26980637959","{""type"": ""Polygon"", ""coordinates"": [[[5.284882778984261, 48.37812712194441], [5.272017747340984, 48.37399124839763], [5.253490658423609, 48.37669417571039], [5.251068832296645, 48.382608473422216], [5.257749905916081, 48.397232964591076], [5.27279156297131, 48.399087608400855], [5.27475141983584, 48.39627790587384], [5.28840499319012, 48.39666313718027], [5.284882778984261, 48.37812712194441]]]}",29214,012,22,3,52,21
33246,33220,LIGUEUX,GIRONDE,AQUITAINE,"Commune simple",83.0,513.0,0.2,"44.7917917064, 0.262913013471","{""type"": ""Polygon"", ""coordinates"": [[[0.274024545365944, 44.78362240612357], [0.260344394361687, 44.77544764606268], [0.255908517905124, 44.77486043532705], [0.251276667434215, 44.77983548440409], [0.252201480873138, 44.79119123690393], [0.257117670133898, 44.80399713208737], [0.263311534725553, 44.80880765056839], [0.261392432821977, 44.81183221262526], [0.265974651613847, 44.81259391016628], [0.274350456739963, 44.79568382768097], [0.274024545365944, 44.78362240612357]]]}",29358,246,41,5,33,72
55005,55130,AMANTY,MEUSE,LORRAINE,"Commune simple",389.0,1118.0,0.0,"48.5151526576, 5.60410565546","{""type"": ""Polygon"", ""coordinates"": [[[5.594689964620128, 48.50147319401652], [5.564646874029034, 48.51138731848916], [5.574243163790012, 48.522538497869924], [5.587704286211941, 48.51965394105988], [5.592483836396188, 48.525346144425185], [5.605653913566401, 48.52942339301965], [5.613191845537467, 48.525414603661496], [5.630400967737958, 48.53055235205142], [5.638524958873906, 48.522604613918475], [5.629571722133552, 48.51185813164541], [5.618993664247196, 48.50131781957974], [5.598907649077416, 48.50185802412127], [5.594689964620128, 48.50147319401652]]]}",29896,005,10,2,55,41
14329,14430,HEULAND,CALVADOS,BASSE-NORMANDIE,"Commune simple",101.0,293.0,0.1,"49.2648018759, -0.00106358427932","{""type"": ""Polygon"", ""coordinates"": [[[-0.012661890998221, 49.24617618851501], [-0.0102672107786, 49.24894391324832], [-0.004014472530114, 49.257925225552775], [-0.008645682640765, 49.270656334066814], [-0.00671225383604, 49.2771187675218], [0.000915837804591, 49.28119493806226], [0.004437514983266, 49.279510224492505], [0.007655272958912, 49.27713417591841], [0.003843582047511, 49.267944536848155], [0.006990268909427, 49.25895455864144], [0.00041397379627, 49.249830882934326], [-0.012661890998221, 49.24617618851501]]]}",31804,329,15,3,14,25
33019,33980,AUDENGE,GIRONDE,AQUITAINE,"Chef-lieu canton",32.0,8180.0,5.8,"44.7138966628, -0.944173294479","{""type"": ""Polygon"", ""coordinates"": [[[-1.017861795870605, 44.667986849945], [-1.027053744539445, 44.679407321551345], [-1.049414123764011, 44.681646687813405], [-1.069517913104547, 44.69563884566359], [-1.062973173351711, 44.69671782629044], [-1.038062359657001, 44.691788568379195], [-1.036912084170595, 44.694075201484026], [-1.01683930624627, 44.70446957749899], [-0.984506509306435, 44.73142906045365], [-0.881355504098235, 44.75999972821927], [-0.837084148531976, 44.736772965323425], [-0.842831291077569, 44.72760502072904], [-0.906761195470021, 44.699577900763764], [-0.923800312142443, 44.69254785055749], [-0.951980868789223, 44.686253248246636], [-0.9904615700016, 44.67063785910211], [-1.017861795870605, 44.667986849945]]]}",328,019,02,6,33,72
10090,10170,CHAUCHIGNY,AUBE,CHAMPAGNE-ARDENNE,"Commune simple",130.0,977.0,0.3,"48.4261431924, 3.98046866414","{""type"": ""Polygon"", ""coordinates"": [[[3.968716775684561, 48.41197231560945], [3.944233138456156, 48.42878743450341], [3.999338708781885, 48.44242550866388], [4.009361273370123, 48.4228439212769], [3.988689651449039, 48.4133190344456], [3.968716775684561, 48.41197231560945]]]}",14524,090,14,2,10,21
57181,57260,DOMNOM-LES-DIEUZE,MOSELLE,LORRAINE,"Commune simple",244.0,668.0,0.1,"48.8611192156, 6.82405240882","{""type"": ""Polygon"", ""coordinates"": [[[6.817052997018796, 48.84513539771234], [6.798218032542462, 48.85660273795983], [6.822992374628859, 48.87549526034427], [6.846509234106084, 48.86974424193248], [6.844620710671928, 48.85563293593384], [6.830088036058571, 48.854505663882605], [6.817052997018796, 48.84513539771234]]]}",36282,181,08,2,57,41
27642,27170,"LE TILLEUL-OTHON",EURE,HAUTE-NORMANDIE,"Commune simple",151.0,471.0,0.4,"49.1134110176, 0.795971990008","{""type"": ""Polygon"", ""coordinates"": [[[0.815542124576401, 49.10639723064428], [0.78924916882605, 49.104540490934475], [0.776607113321493, 49.11054966311669], [0.784019557608973, 49.12272119602801], [0.798774456200813, 49.124440237146246], [0.806539438323393, 49.115830494453526], [0.815806383901878, 49.115405523784304], [0.815542124576401, 49.10639723064428]]]}",32519,642,04,2,27,23
45217,45300,MORVILLE-EN-BEAUCE,LOIRET,CENTRE,"Commune simple",127.0,1107.0,0.2,"48.2550792825, 2.15858235508","{""type"": ""Polygon"", ""coordinates"": [[[2.199811541690271, 48.24659461948287], [2.19147354244449, 48.25003814164449], [2.174874213355968, 48.24406568647625], [2.150626616033656, 48.244856752319954], [2.125523007019038, 48.24685127412752], [2.12087508283534, 48.25655279608573], [2.123101005807506, 48.2628769878749], [2.139757115268556, 48.267858263854386], [2.144318183204177, 48.26667661955622], [2.151054349307104, 48.261803244496505], [2.161187582471054, 48.26099375002917], [2.176640328026202, 48.26813878636543], [2.186074059318755, 48.26554968486531], [2.192172151409043, 48.25632355643133], [2.197155459021241, 48.25558366738971], [2.201920665292998, 48.249659222982544], [2.199811541690271, 48.24659461948287]]]}",13500,217,17,3,45,24
79069,79320,CHANTELOUP,DEUX-SEVRES,POITOU-CHARENTES,"Commune simple",199.0,2068.0,1.0,"46.7625455282, -0.505290757688","{""type"": ""Polygon"", ""coordinates"": [[[-0.507441691148952, 46.73631619047264], [-0.523604131561372, 46.73851603043995], [-0.543315465558237, 46.748057983358336], [-0.543696963329284, 46.7605203329565], [-0.530112305367098, 46.76378688398329], [-0.522191468216895, 46.77874825177481], [-0.512581384510679, 46.78512622032492], [-0.489400345871432, 46.78681505509019], [-0.469929191854365, 46.78436754067627], [-0.468770468743708, 46.78102278958027], [-0.480477462457265, 46.76637448436899], [-0.460209664138197, 46.75728031898362], [-0.4840622082207, 46.75418865958416], [-0.507441691148952, 46.73631619047264]]]}",13534,069,18,3,79,54
41266,41120,VALAIRE,LOIR-ET-CHER,CENTRE,"Commune simple",99.0,659.0,0.1,"47.474463527, 1.25582446624","{""type"": ""Polygon"", ""coordinates"": [[[1.231938975093611, 47.456593835274596], [1.237556759457717, 47.46499872866004], [1.235951358157155, 47.47745391141512], [1.262522587039986, 47.48452524695317], [1.269417688788971, 47.49269531643777], [1.274304575832763, 47.49316398251069], [1.278163411550266, 47.490078768384485], [1.270953588741671, 47.47106390727853], [1.259493977573363, 47.46451839671615], [1.231938975093611, 47.456593835274596]]]}",32773,266,04,1,41,24
2A336,20167,VALLE-DI-MEZZANA,CORSE-DU-SUD,CORSE,"Commune simple",474.0,708.0,0.3,"42.0235582479, 8.8195514546","{""type"": ""Polygon"", ""coordinates"": [[[8.803080084063748, 42.012790769827454], [8.79630546613279, 42.02359479482513], [8.805738770929965, 42.02821226712075], [8.813769051710253, 42.029870081069575], [8.825550126703941, 42.03900562751658], [8.835104665850125, 42.03883013771914], [8.835402673468174, 42.01785804501149], [8.83039784691939, 42.01198100030106], [8.803080084063748, 42.012790769827454]]]}",36020,336,06,1,2A,94
01153,01170,ECHENEVEX,AIN,RHONE-ALPES,"Commune simple",985.0,1647.0,1.6,"46.3160845207, 6.01926187996","{""type"": ""Polygon"", ""coordinates"": [[[6.058732527167872, 46.292776489113365], [6.045494224442835, 46.292230225146646], [6.028640342660559, 46.29822180504439], [6.024390026275162, 46.30435436329697], [6.008479927660566, 46.31248043304724], [5.984710538708914, 46.316097503027336], [5.973746698043681, 46.322782159542975], [5.972353798241581, 46.32945969663719], [5.987047650622097, 46.3469805757094], [5.992177684817083, 46.3380060442211], [6.00140645035673, 46.335717788939824], [6.000350646867615, 46.32880695455557], [6.004097371367368, 46.32644640195177], [6.018885445995676, 46.32783072331628], [6.055217471956038, 46.315498719925735], [6.065333556771924, 46.300844518539265], [6.058732527167872, 46.292776489113365]]]}",13731,153,14,3,01,82
76589,76590,SAINT-HONORE,SEINE-MARITIME,HAUTE-NORMANDIE,"Commune simple",140.0,307.0,0.2,"49.7837336028, 1.15649576765","{""type"": ""Polygon"", ""coordinates"": [[[1.170639391050694, 49.77238496451563], [1.163250731404361, 49.77294788604123], [1.140409335896945, 49.78440153833352], [1.140623016904146, 49.78768502846665], [1.152982176838964, 49.793300918128274], [1.1627990333767, 49.792856072280735], [1.170639391050694, 49.77238496451563]]]}",19902,589,35,1,76,23
71384,71240,SAINT-AMBREUIL,SAONE-ET-LOIRE,BOURGOGNE,"Commune simple",190.0,1830.0,0.5,"46.6810830382, 4.81914623845","{""type"": ""Polygon"", ""coordinates"": [[[4.811234900317969, 46.65820326517509], [4.803925556443133, 46.6614437712653], [4.79078310290619, 46.65840741480297], [4.776904728257489, 46.66722452367249], [4.768043928244176, 46.668721446493414], [4.76519330941341, 46.6752139722077], [4.76990848161493, 46.674150600721184], [4.778254148221243, 46.677678141748544], [4.791498607696891, 46.68170510396987], [4.796015481176513, 46.68770485477874], [4.805190647851005, 46.690082676338655], [4.813915550370664, 46.698159018225624], [4.815796180502843, 46.700768184709666], [4.84043491309541, 46.696547868492935], [4.854096255261251, 46.69947124606768], [4.86869734332222, 46.69655941703167], [4.874739775292589, 46.68692276294001], [4.873872451990587, 46.686441564415006], [4.839123677772719, 46.67753793064387], [4.822902311414082, 46.672221792673255], [4.811234900317969, 46.65820326517509]]]}",13212,384,47,2,71,26
47227,47700,RUFFIAC,LOT-ET-GARONNE,AQUITAINE,"Commune simple",116.0,1302.0,0.2,"44.368227915, 0.0368814395107","{""type"": ""Polygon"", ""coordinates"": [[[0.024335901462269, 44.345021846775126], [0.012358966137206, 44.3636139841728], [0.014724678596451, 44.36661482670665], [0.021279534929868, 44.37544921870927], [0.010738695007023, 44.38146005936768], [0.018551557517875, 44.38932889912575], [0.027971011262451, 44.392006824618186], [0.028731457749692, 44.38183020493202], [0.037932845869906, 44.38025862288146], [0.050019131156814, 44.38429455108491], [0.059408255867801, 44.38345585249591], [0.070741711572034, 44.37052553245642], [0.051132433237144, 44.36244412292359], [0.049290785462015, 44.350558406806805], [0.024335901462269, 44.345021846775126]]]}",13402,227,05,2,47,72
80193,80250,CHIRMONT,SOMME,PICARDIE,"Commune simple",117.0,782.0,0.1,"49.7148777519, 2.37183697001","{""type"": ""Polygon"", ""coordinates"": [[[2.376020265713476, 49.69757115052863], [2.361816535349762, 49.70126250699374], [2.356000042079045, 49.709902981271526], [2.351860127735788, 49.72826526897114], [2.366267210207235, 49.73008423238774], [2.39174932990702, 49.72389744235722], [2.39041289461947, 49.72089862565877], [2.388804708853206, 49.70468971959377], [2.377550204726903, 49.69820797944989], [2.376020265713476, 49.69757115052863]]]}",28473,193,05,3,80,22
44016,44430,"LA BOISSIERE-DU-DORE",LOIRE-ATLANTIQUE,"PAYS DE LA LOIRE","Commune simple",88.0,947.0,0.9,"47.2350761826, -1.20383839178","{""type"": ""Polygon"", ""coordinates"": [[[-1.188465565157541, 47.22000264806376], [-1.202750446060493, 47.217889307220354], [-1.215905922601978, 47.22298264493908], [-1.22365263357831, 47.227424499060966], [-1.231266793191967, 47.23957903180895], [-1.21782955873809, 47.24378347341612], [-1.204918433592022, 47.253042827209256], [-1.195860553194095, 47.252181181403536], [-1.18110594595357, 47.24089560184137], [-1.188465565157541, 47.22000264806376]]]}",21835,016,17,2,44,52
55583,55210,WOEL,MEUSE,LORRAINE,"Commune simple",218.0,1339.0,0.2,"49.0386550285, 5.74002247215","{""type"": ""Polygon"", ""coordinates"": [[[5.743164362929623, 49.02119861732703], [5.730572270097422, 49.01795886011654], [5.723074612433327, 49.020801392750975], [5.714688561949417, 49.02943067445905], [5.712930258985931, 49.046573728463684], [5.744998447192728, 49.05976326958162], [5.766237553971735, 49.04650911455903], [5.777823218311963, 49.05225175195529], [5.756868778488805, 49.02603104650843], [5.743164362929623, 49.02119861732703]]]}",30698,583,09,3,55,41
31312,31310,MAILHOLAS,HAUTE-GARONNE,MIDI-PYRENEES,"Commune simple",278.0,301.0,0.0,"43.2454899283, 1.25132543337","{""type"": ""Polygon"", ""coordinates"": [[[1.258403804483802, 43.23645460590895], [1.235571177450592, 43.23983587670186], [1.238045239435078, 43.24627349584227], [1.262407201681283, 43.26044339478432], [1.261741991679666, 43.25391847276078], [1.254775529026648, 43.249820234586856], [1.265784839708713, 43.24022634281729], [1.258403804483802, 43.23645460590895]]]}",31464,312,27,1,31,73
42147,42600,MONTBRISON,LOIRE,RHONE-ALPES,Sous-préfecture,414.0,1629.0,15.0,"45.6008365515, 4.0713982073","{""type"": ""Polygon"", ""coordinates"": [[[4.109756335966248, 45.58510973728814], [4.103791139900681, 45.577315534331404], [4.096007506129421, 45.577986049811095], [4.086311406489731, 45.58381672093562], [4.079115109199313, 45.58045487857048], [4.061660088241021, 45.57973849735719], [4.058658653750022, 45.58239642231057], [4.063465324254536, 45.59161780550027], [4.0584393370525, 45.6011390895389], [4.044329466096898, 45.59921770773493], [4.042760190955065, 45.60581533255784], [4.028647114484667, 45.608592900406016], [4.031566329995701, 45.61997620852099], [4.060777719725028, 45.62679202431226], [4.069569903546613, 45.625466027141265], [4.071030556116747, 45.60873770840187], [4.106011372577225, 45.59733127738552], [4.114976472941303, 45.599782360832414], [4.115492581624328, 45.59355432586583], [4.109756335966248, 45.58510973728814]]]}",5394,147,09,1,42,82
31327,31220,MAURAN,HAUTE-GARONNE,MIDI-PYRENEES,"Commune simple",328.0,533.0,0.2,"43.1846795745, 1.02272813927","{""type"": ""Polygon"", ""coordinates"": [[[1.005739625512044, 43.17555012850357], [0.991819790974785, 43.18200416858638], [0.994288596887091, 43.184911377084184], [1.024937037070229, 43.192261069908625], [1.034044597511027, 43.191680590560274], [1.04135607435513, 43.195466618000076], [1.044610248078199, 43.19342918044667], [1.04591292848426, 43.17782394378137], [1.017455654016704, 43.18021092585594], [1.005739625512044, 43.17555012850357]]]}",23040,327,11,1,31,73
14089,14210,BOUGY,CALVADOS,BASSE-NORMANDIE,"Commune simple",94.0,304.0,0.4,"49.1086067044, -0.522373258036","{""type"": ""Polygon"", ""coordinates"": [[[-0.519626978142936, 49.101531171850084], [-0.538906417996553, 49.10425004740277], [-0.537987884425834, 49.109668165472456], [-0.52495469836597, 49.11899707927228], [-0.515476421752571, 49.11207466911329], [-0.501705437315308, 49.10913765873103], [-0.507189070671635, 49.1042797935964], [-0.519626978142936, 49.101531171850084]]]}",23160,089,16,2,14,25
81154,81170,MARNAVES,TARN,MIDI-PYRENEES,"Commune simple",303.0,1030.0,0.1,"44.0959603431, 1.87162676035","{""type"": ""Polygon"", ""coordinates"": [[[1.902966425271471, 44.10757739965671], [1.88933432699434, 44.1000319943421], [1.892438261326053, 44.0900900048419], [1.88893353192496, 44.084095695782956], [1.871251782961522, 44.07965733255028], [1.862023353805624, 44.08094803341736], [1.84685202275235, 44.095110447364355], [1.837684854673042, 44.10303380598601], [1.901690588575455, 44.110895110550736], [1.902966425271471, 44.10757739965671]]]}",23649,154,34,1,81,73
22217,22780,PLOUGRAS,COTES-D'ARMOR,BRETAGNE,"Commune simple",230.0,2695.0,0.5,"48.4964328915, -3.56487485198","{""type"": ""Polygon"", ""coordinates"": [[[-3.578691894599459, 48.46273375774058], [-3.592162596317884, 48.46450354530453], [-3.594945172775482, 48.470433271643216], [-3.599593288707122, 48.47079733572604], [-3.598069529578835, 48.47389743105619], [-3.604904099770772, 48.47824709937815], [-3.601798136256672, 48.48441450982836], [-3.604167523350988, 48.49405029412834], [-3.597677027637931, 48.498591466726154], [-3.584798325218882, 48.50462464997072], [-3.559271546631754, 48.52694609115566], [-3.539280076208268, 48.53825005649733], [-3.535081051712494, 48.54348213005989], [-3.534987219650108, 48.53641952826815], [-3.527388401872154, 48.52715243283488], [-3.538933685367292, 48.515467811701505], [-3.533277745326465, 48.5060758416208], [-3.544286035277395, 48.47579706098771], [-3.554136751384386, 48.4754240843375], [-3.560098244404892, 48.46676200678637], [-3.578691894599459, 48.46273375774058]]]}",10224,217,36,3,22,53
14595,14100,SAINT-JEAN-DE-LIVET,CALVADOS,BASSE-NORMANDIE,"Commune simple",137.0,352.0,0.2,"49.0933846739, 0.242347762493","{""type"": ""Polygon"", ""coordinates"": [[[0.233085090855579, 49.08384897121978], [0.222114668786938, 49.08920089602182], [0.219806820468554, 49.09494146695502], [0.247747792564492, 49.09971398122796], [0.250232662442582, 49.102460832979055], [0.25881797988061, 49.10023683567167], [0.265336113592312, 49.09666971876582], [0.2593303972607, 49.09002836581167], [0.244865664199108, 49.08923879976898], [0.233085090855579, 49.08384897121978]]]}",15362,595,49,3,14,25
21566,21230,SAINT-PIERRE-EN-VAUX,COTE-D'OR,BOURGOGNE,"Commune simple",379.0,1097.0,0.1,"47.0569877471, 4.52938380841","{""type"": ""Polygon"", ""coordinates"": [[[4.547410368482907, 47.041702965499105], [4.522927377188527, 47.0423615760793], [4.507891321306665, 47.05064525634307], [4.500532694099759, 47.060817507604625], [4.515354681162886, 47.074797687460965], [4.540467765702905, 47.07306991133084], [4.53706071323457, 47.06682986508784], [4.542437319925724, 47.061283229130865], [4.555164790397544, 47.062121170219726], [4.556551143524366, 47.04302994262599], [4.547410368482907, 47.041702965499105]]]}",1262,566,02,1,21,26
54330,54210,LUPCOURT,MEURTHE-ET-MOSELLE,LORRAINE,"Commune simple",255.0,691.0,0.4,"48.6024897309, 6.22121574013","{""type"": ""Polygon"", ""coordinates"": [[[6.211185754126293, 48.5835546435763], [6.20353330502061, 48.5877761946666], [6.213227603227906, 48.598696080640195], [6.199267373206109, 48.597244739060784], [6.196515301015612, 48.60552003871827], [6.204580852386313, 48.6079948765009], [6.23043971333479, 48.617414693217775], [6.241530052733317, 48.61145049700104], [6.242829248145287, 48.598676216383836], [6.239981062569605, 48.59607998032443], [6.221830148057984, 48.594241177984976], [6.211185754126293, 48.5835546435763]]]}",1399,330,25,3,54,41
23091,23500,GIOUX,CREUSE,LIMOUSIN,"Commune simple",777.0,3727.0,0.2,"45.8012431656, 2.11443257853","{""type"": ""Polygon"", ""coordinates"": [[[2.110011854215813, 45.75819345697372], [2.102109986779515, 45.76151689176872], [2.0898577841445, 45.75626757024753], [2.085958286548609, 45.78669261860423], [2.061656347836792, 45.7881772177614], [2.066560926861071, 45.794260597200314], [2.097453565489916, 45.8110819439736], [2.091478340469402, 45.820471790868744], [2.102533801215898, 45.836040634301256], [2.120413060025105, 45.84189073829249], [2.128337232398128, 45.84433860438677], [2.145575461342661, 45.84283129661862], [2.154358291987376, 45.840619004779136], [2.142798536557729, 45.82252099665987], [2.141847162569677, 45.80914969917455], [2.146818001926611, 45.79996581101061], [2.141454811543606, 45.7946299549043], [2.139207376690488, 45.76949669386213], [2.124334070741063, 45.767743248375545], [2.110011854215813, 45.75819345697372]]]}",2472,091,17,1,23,74
26380,26600,GERVANS,DROME,RHONE-ALPES,"Commune simple",174.0,346.0,0.6,"45.1078817162, 4.83145777292","{""type"": ""Polygon"", ""coordinates"": [[[4.830461505575069, 45.084021773185775], [4.829596776533072, 45.09800487094857], [4.825023519744929, 45.10398803467167], [4.814786863231914, 45.11145932320793], [4.847433168198545, 45.12250549570253], [4.835087666862262, 45.10412903791979], [4.835384264992175, 45.09379379758333], [4.830461505575069, 45.084021773185775]]]}",35181,380,28,3,26,82
70178,70200,"LA COTE",HAUTE-SAONE,FRANCHE-COMTE,"Commune simple",325.0,691.0,0.5,"47.6890199051, 6.57292150437","{""type"": ""Polygon"", ""coordinates"": [[[6.578816764309891, 47.67369303498516], [6.571950853792365, 47.67873252144261], [6.556844117101137, 47.678067124988495], [6.557637371875051, 47.68495358067812], [6.548778401716421, 47.70099012754995], [6.556343081505007, 47.70134586291861], [6.587879617536986, 47.69853508804038], [6.592127794005715, 47.693052654517594], [6.5963393971551, 47.694355733311845], [6.587490026983348, 47.67630125042054], [6.578816764309891, 47.67369303498516]]]}",23181,178,31,1,70,43
54341,54150,MANCE,MEURTHE-ET-MOSELLE,LORRAINE,"Commune simple",245.0,737.0,0.6,"49.2743132888, 5.91941137591","{""type"": ""Polygon"", ""coordinates"": [[[5.922801648960149, 49.256268704265075], [5.918763862223737, 49.25802175168166], [5.906256920152872, 49.253870891420576], [5.894414990366815, 49.25934630291002], [5.904272312058995, 49.26550529592837], [5.89755061476138, 49.26942717390838], [5.919308832248449, 49.28468995824792], [5.926476898420449, 49.28912207065147], [5.917068559302722, 49.29639339774874], [5.918072969274668, 49.29956251681022], [5.926755393539135, 49.30034178084384], [5.930419158361767, 49.29436978382695], [5.935377838530303, 49.29377249951344], [5.933854485617855, 49.287296706564824], [5.942082190382351, 49.27916212208858], [5.926191231404766, 49.26612693734688], [5.922801648960149, 49.256268704265075]]]}",23326,341,07,1,54,41
59448,59122,OOST-CAPPEL,NORD,NORD-PAS-DE-CALAIS,"Commune simple",13.0,401.0,0.5,"50.9297498837, 2.58933450299","{""type"": ""Polygon"", ""coordinates"": [[[2.590013040064943, 50.91909616377851], [2.576438182054341, 50.92001968597795], [2.573379757812443, 50.93746560362901], [2.592880766205114, 50.93810474942014], [2.606462150151056, 50.93693727648385], [2.608992872057024, 50.93102484403721], [2.590013040064943, 50.91909616377851]]]}",33284,448,31,4,59,31
30246,30460,SAINTE-CROIX-DE-CADERLE,GARD,LANGUEDOC-ROUSSILLON,"Commune simple",463.0,778.0,0.1,"44.0681849372, 3.87021747137","{""type"": ""Polygon"", ""coordinates"": [[[3.894165807687864, 44.0724086058809], [3.889263043905946, 44.06704802520274], [3.894279466500763, 44.05818638775486], [3.889377635320834, 44.05280785524349], [3.884929472691114, 44.05327593495078], [3.877699581991555, 44.05707844346348], [3.864760724129484, 44.05652434533387], [3.856038372727245, 44.06328943935244], [3.855287447925044, 44.06648157804423], [3.84707386383311, 44.06902063157165], [3.840545583848907, 44.077522673346664], [3.841815080980592, 44.0806272070998], [3.882928566407886, 44.07716221525463], [3.894165807687864, 44.0724086058809]]]}",23446,246,13,3,30,91
02729,02600,SOUCY,AISNE,PICARDIE,"Commune simple",125.0,527.0,0.1,"49.3209750175, 3.12324909086","{""type"": ""Polygon"", ""coordinates"": [[[3.113140275198494, 49.305416838653684], [3.110018821171819, 49.33084111112779], [3.120821232801353, 49.33904675451454], [3.135614441989113, 49.330563398733325], [3.134665677628932, 49.31485144896179], [3.139501279165349, 49.30815796367896], [3.113140275198494, 49.305416838653684]]]}",31003,729,36,4,02,22
21556,21270,SAINT-LEGER-TRIEY,COTE-D'OR,BOURGOGNE,"Commune simple",193.0,1049.0,0.2,"47.3166201603, 5.35525672839","{""type"": ""Polygon"", ""coordinates"": [[[5.34469072797248, 47.29524729806308], [5.334816119972107, 47.30166979731917], [5.324678892700901, 47.30208045626108], [5.324339743393551, 47.30464503516531], [5.348027012899697, 47.323108509520985], [5.348180144705913, 47.326608857747836], [5.338781008381948, 47.32947343090209], [5.352530945920976, 47.33974198393684], [5.358370909227969, 47.33424678632501], [5.376790470669111, 47.329566179797304], [5.381545636720052, 47.32030022500637], [5.380677089054543, 47.310870292449145], [5.37091842320068, 47.310592706383495], [5.34469072797248, 47.29524729806308]]]}",9216,556,25,2,21,26
11229,11140,MAZUBY,AUDE,LANGUEDOC-ROUSSILLON,"Commune simple",1239.0,884.0,0.0,"42.7876134652, 2.03335100934","{""type"": ""Polygon"", ""coordinates"": [[[2.044972086146729, 42.77364935769828], [2.037745335777633, 42.76926842265409], [2.024280566155662, 42.76941644799497], [2.01771370447389, 42.77378067712949], [2.024253925356439, 42.78628586443648], [2.018998884059429, 42.795284328399276], [2.020331359217912, 42.80534118747677], [2.028051521636193, 42.808891573718824], [2.034583523673336, 42.80975991099572], [2.04832375313578, 42.788876243467634], [2.051871662976863, 42.77719962698175], [2.044972086146729, 42.77364935769828]]]}",33919,229,04,2,11,91
56054,56410,ERDEVEN,MORBIHAN,BRETAGNE,"Commune simple",15.0,3051.0,3.4,"47.6370207886, -3.15628129656","{""type"": ""Polygon"", ""coordinates"": [[[-3.158279677513122, 47.6067192021106], [-3.196711916711165, 47.62402149638553], [-3.2100932834165, 47.642920109642084], [-3.204460807204625, 47.648700437766756], [-3.194635459397409, 47.65015273546022], [-3.184605392778403, 47.65789892582133], [-3.154311721932372, 47.659293620008604], [-3.143426862314106, 47.65228372922227], [-3.138272347044577, 47.652194007030005], [-3.134495326650454, 47.6545504618365], [-3.1359022368436, 47.661193382789385], [-3.131289960669758, 47.659901134293726], [-3.118627998171539, 47.664258436105364], [-3.109620319713665, 47.66134509048751], [-3.108130860599816, 47.658263336899395], [-3.122519490772849, 47.64987124792381], [-3.10581041670525, 47.638378983808956], [-3.106757773115138, 47.62555476048335], [-3.132520033726825, 47.62336263815985], [-3.141045764750287, 47.614607681353], [-3.158279677513122, 47.6067192021106]]]}",4576,054,04,1,56,53
22184,22150,PLEMY,COTES-D'ARMOR,BRETAGNE,"Commune simple",208.0,3997.0,1.7,"48.3378874008, -2.67639170288","{""type"": ""Polygon"", ""coordinates"": [[[-2.681962443397842, 48.310489681588514], [-2.700587394806663, 48.30678718781456], [-2.724851044356362, 48.31565431783198], [-2.713413995279159, 48.33112809144863], [-2.724954938711712, 48.34629284940096], [-2.724024659977072, 48.367193496636744], [-2.698413340448535, 48.366833369483295], [-2.686452560128275, 48.360887287366495], [-2.661477222837237, 48.365007798235354], [-2.63717797047621, 48.36019708489784], [-2.636537807918825, 48.35549216210461], [-2.628182996096358, 48.354059001004565], [-2.625173003333809, 48.34225091371452], [-2.628637608793641, 48.33619603147227], [-2.620015052542636, 48.3247630673966], [-2.617765464373876, 48.32231735916701], [-2.642937967819427, 48.31679758859167], [-2.647869224533866, 48.311086739790376], [-2.657399729026767, 48.3105586857229], [-2.669542716155875, 48.31507324916599], [-2.681962443397842, 48.310489681588514]]]}",12368,184,38,4,22,53
11200,11160,LESPINASSIERE,AUDE,LANGUEDOC-ROUSSILLON,"Commune simple",721.0,1668.0,0.1,"43.4088985719, 2.54776717601","{""type"": ""Polygon"", ""coordinates"": [[[2.566311956828469, 43.39757357735282], [2.552907112821178, 43.39995710817341], [2.540318470750676, 43.39115083810083], [2.530956072610876, 43.39104771021802], [2.515325201136755, 43.39847293809539], [2.511815142244819, 43.40355820098375], [2.518988409801138, 43.42371570513988], [2.54804945628985, 43.424650539721654], [2.561482534353328, 43.42096314492475], [2.565540883594807, 43.422913772576635], [2.565787398036558, 43.42295974410398], [2.583366736530527, 43.41234082865055], [2.5926513990252, 43.41171939660622], [2.592303467490654, 43.405087649936526], [2.58691360426311, 43.39959736242338], [2.573478250336021, 43.39949129950498], [2.569030897290163, 43.400247388742514], [2.566311956828469, 43.39757357735282]]]}",19988,200,25,1,11,91
34109,34320,GABIAN,HERAULT,LANGUEDOC-ROUSSILLON,"Commune simple",158.0,1603.0,0.8,"43.5181480219, 3.26449755932","{""type"": ""Polygon"", ""coordinates"": [[[3.258721659788522, 43.49478454378666], [3.258105969410381, 43.49528084685506], [3.25050774492102, 43.50713879101207], [3.23635386447038, 43.51603271469066], [3.234021641945627, 43.52621358155941], [3.247337681547982, 43.534551486169335], [3.244022683396145, 43.54021828420416], [3.255467629893645, 43.535648316974545], [3.268724165128289, 43.538063568899126], [3.274808107570881, 43.54303285098808], [3.2771834403355, 43.54057953818447], [3.289823920231544, 43.52589895285167], [3.283931042317853, 43.5094496963399], [3.287175962477303, 43.495846564412304], [3.258721659788522, 43.49478454378666]]]}",13236,109,29,1,34,91
09182,09320,MASSAT,ARIEGE,MIDI-PYRENEES,"Chef-lieu canton",1073.0,4517.0,0.7,"42.8756880579, 1.37725705929","{""type"": ""Polygon"", ""coordinates"": [[[1.334852654101078, 42.84474397781451], [1.314649919559478, 42.84974415389765], [1.308952394382992, 42.85440352400714], [1.303720481656492, 42.870717810437185], [1.315208252374412, 42.889922227739845], [1.326324425359746, 42.89639232368696], [1.335775312401439, 42.896593179344734], [1.399875602979668, 42.90028381210615], [1.404577706302633, 42.899688178097115], [1.409777217568749, 42.893882918959356], [1.43142388942126, 42.88684392161455], [1.445609753210214, 42.88785072606539], [1.453916777305833, 42.880433473715826], [1.451123731036959, 42.85814168862475], [1.439421836254833, 42.84639683424262], [1.39866359406086, 42.86483690156898], [1.385541086598673, 42.87506470746699], [1.362210861753492, 42.878866705935025], [1.35532329826162, 42.87462396814355], [1.35876365515577, 42.86453098168912], [1.33625720442228, 42.85161038696785], [1.334852654101078, 42.84474397781451]]]}",13356,182,09,3,09,73
65148,65230,CIZOS,HAUTES-PYRENEES,MIDI-PYRENEES,"Commune simple",367.0,771.0,0.1,"43.262678463, 0.488561935084","{""type"": ""Polygon"", ""coordinates"": [[[0.462756079830706, 43.2487576368977], [0.464329590682997, 43.26170057971578], [0.469810066705167, 43.26786812873746], [0.478002939461836, 43.26611572020304], [0.493415910322694, 43.27731048750759], [0.515712622724299, 43.27384752101355], [0.50864458516313, 43.26296584750196], [0.499317810671277, 43.25284144829961], [0.491585686530123, 43.25085315266208], [0.478962096274816, 43.25234116816459], [0.462756079830706, 43.2487576368977]]]}",27753,148,08,3,65,73
38398,38480,SAINT-JEAN-D'AVELANNE,ISERE,RHONE-ALPES,"Commune simple",346.0,783.0,0.9,"45.5079774289, 5.66725503833","{""type"": ""Polygon"", ""coordinates"": [[[5.667247504868358, 45.49123364640757], [5.646908538428788, 45.49748141866783], [5.639832090763759, 45.504927920707175], [5.654695118677494, 45.51456924271109], [5.668125299464776, 45.51749441865028], [5.672796217849118, 45.52320368916737], [5.691249767415859, 45.52180787132206], [5.695684593915674, 45.51996257113274], [5.683554859925261, 45.509522349166495], [5.68343764652911, 45.50285784048738], [5.671137885535189, 45.497276802061094], [5.667247504868358, 45.49123364640757]]]}",33152,398,21,2,38,82
68293,68210,SAINT-COSME,HAUT-RHIN,ALSACE,"Commune simple",371.0,277.0,0.1,"47.680928319, 7.0534744668","{""type"": ""Polygon"", ""coordinates"": [[[7.041660150105923, 47.672410910451994], [7.037637450519086, 47.67514565881617], [7.045745547333435, 47.68333697306888], [7.038634267980668, 47.68794508366105], [7.070767869407295, 47.68557716807175], [7.071153092421019, 47.68240928693543], [7.064448936717683, 47.678154386556145], [7.041660150105923, 47.672410910451994]]]}",33530,293,05,1,68,42
76703,76910,TOUFFREVILLE-SUR-EU,SEINE-MARITIME,HAUTE-NORMANDIE,"Commune simple",66.0,576.0,0.2,"49.9919570086, 1.32074809461","{""type"": ""Polygon"", ""coordinates"": [[[1.319920971735419, 49.97756091905586], [1.305585672012546, 49.97963640347118], [1.306792590042947, 49.9894280350917], [1.300440934257801, 49.9943532559268], [1.320446721502849, 50.00554493661387], [1.339410586780303, 49.999802146984095], [1.342307056755805, 49.994747406332166], [1.319920971735419, 49.97756091905586]]]}",31109,703,19,1,76,23
59320,59480,ILLIES,NORD,NORD-PAS-DE-CALAIS,"Commune simple",27.0,802.0,1.4,"50.5626769272, 2.82845132596","{""type"": ""Polygon"", ""coordinates"": [[[2.821565797068416, 50.543970611324866], [2.813165134575526, 50.549307589658554], [2.81504788332237, 50.565968555247935], [2.808220673827056, 50.578855402314844], [2.825923678610085, 50.58309975862446], [2.839461431015344, 50.56822841275563], [2.849026009092134, 50.56488371599573], [2.854962037597358, 50.55875174691099], [2.842039382834958, 50.550577383440924], [2.821565797068416, 50.543970611324866]]]}",35835,320,07,5,59,31
39278,39130,LARGILLAY-MARSONNAY,JURA,FRANCHE-COMTE,"Commune simple",526.0,753.0,0.2,"46.5560198028, 5.66558400939","{""type"": ""Polygon"", ""coordinates"": [[[5.676648256010369, 46.54069848784665], [5.646642890132136, 46.54846910300235], [5.644550291948094, 46.55055363389592], [5.645661125719371, 46.56965503208857], [5.651216499472781, 46.570796813288354], [5.663859983238491, 46.56727783341049], [5.693196014057975, 46.55901413197352], [5.69536528311028, 46.55613402335281], [5.681592260861007, 46.54935806536451], [5.676648256010369, 46.54069848784665]]]}",25993,278,10,2,39,43
56062,56680,GAVRES,MORBIHAN,BRETAGNE,"Commune simple",4.0,197.0,0.8,"47.6951381724, -3.33453004583","{""type"": ""Polygon"", ""coordinates"": [[[-3.302898091007039, 47.69000474285583], [-3.310541101583384, 47.691867137628066], [-3.346381377806126, 47.6952150580698], [-3.356447638119533, 47.6870007833135], [-3.3611398592269, 47.69112464547523], [-3.352832922645618, 47.69962281196162], [-3.343678404624487, 47.697447900575746], [-3.332698887865858, 47.69858593240015], [-3.32534640279749, 47.70165739849906], [-3.307853205412112, 47.69322240623818], [-3.300960645257442, 47.69092201966069], [-3.302898091007039, 47.69000474285583]]]}",32824,062,28,1,56,53
63091,63340,CHARBONNIER-LES-MINES,PUY-DE-DOME,AUVERGNE,"Commune simple",449.0,340.0,0.9,"45.4181480729, 3.28199342923","{""type"": ""Polygon"", ""coordinates"": [[[3.291754640344228, 45.40461055858515], [3.276535259671567, 45.41332957860114], [3.265813574801165, 45.42503449999707], [3.270579088153789, 45.43204671470623], [3.275538817553217, 45.42638873306395], [3.296553061876578, 45.419905819693525], [3.295765009943489, 45.41838611894356], [3.291754640344228, 45.40461055858515]]]}",36248,091,40,3,63,83
08458,08130,TOURTERON,ARDENNES,CHAMPAGNE-ARDENNE,"Chef-lieu canton",166.0,891.0,0.2,"49.5406354028, 4.64242519656","{""type"": ""Polygon"", ""coordinates"": [[[4.662988529675107, 49.53055045725344], [4.649760154123652, 49.525454501862136], [4.635200953822549, 49.52878884894644], [4.625737005551012, 49.52603957419016], [4.620442753655413, 49.53112629227287], [4.6151009799811, 49.543961788460315], [4.634779442614463, 49.548965720516286], [4.655064043880159, 49.56022341963419], [4.660855093328604, 49.55982970508842], [4.665202473486675, 49.559662271309456], [4.658659276119474, 49.55045741022859], [4.662988529675107, 49.53055045725344]]]}",16765,458,30,4,08,21
73131,73600,HAUTECOUR,SAVOIE,RHONE-ALPES,"Commune simple",1408.0,1165.0,0.3,"45.5170974575, 6.54362483947","{""type"": ""Polygon"", ""coordinates"": [[[6.523044472654718, 45.4904901556029], [6.52767051502713, 45.51528560828901], [6.561374149543133, 45.56296830823024], [6.564033193668868, 45.560017551489935], [6.555091053386416, 45.54763643520147], [6.555620080704851, 45.523678910319994], [6.559074774301036, 45.52116273537775], [6.552988938936085, 45.49721656197955], [6.545170319933469, 45.4932003661079], [6.53130479758472, 45.49382691528796], [6.523044472654718, 45.4904901556029]]]}",16892,131,20,1,73,82
67484,67250,STUNDWILLER,BAS-RHIN,ALSACE,"Commune simple",149.0,331.0,0.5,"48.9244859775, 7.99641194102","{""type"": ""Polygon"", ""coordinates"": [[[7.980558455883846, 48.91280454440356], [7.990030092925453, 48.93100787674965], [7.99843075554001, 48.93630699034569], [8.012756295094823, 48.93310380534331], [8.012401769816659, 48.92971259202191], [7.993755413731908, 48.912425637132095], [7.980558455883846, 48.91280454440356]]]}",22330,484,26,7,67,42
02143,02420,"LE CATELET",AISNE,PICARDIE,"Chef-lieu canton",93.0,43.0,0.2,"50.0009779444, 3.2423098464","{""type"": ""Polygon"", ""coordinates"": [[[3.242639580104222, 49.998349442219784], [3.235718680159587, 50.00233304772588], [3.244629182426419, 50.00351917809035], [3.247183645801181, 49.998645749795315], [3.242639580104222, 49.998349442219784]]]}",22433,143,06,3,02,22
89073,89350,CHAMPIGNELLES,YONNE,BOURGOGNE,"Commune simple",191.0,5350.0,1.0,"47.7800283506, 3.07775894136","{""type"": ""Polygon"", ""coordinates"": [[[3.027031982974607, 47.7380059373132], [3.01434413334367, 47.74136536274931], [3.020257222128023, 47.746548759388276], [3.014002896337262, 47.76301143465574], [3.022587704910406, 47.766610239798304], [3.023798013861341, 47.78637467388898], [3.027584325789827, 47.79976617522163], [3.024344416451602, 47.81307812132759], [3.056829313071322, 47.81626191456804], [3.081893778759562, 47.814330060943526], [3.091434766935222, 47.806987894872776], [3.09533182590032, 47.7972915935245], [3.103913300112684, 47.793531207484], [3.124039679503357, 47.79274661174419], [3.127158223660019, 47.79547933864477], [3.135899519958711, 47.78730630596254], [3.156543558909045, 47.78639851612636], [3.175233995361831, 47.78047686093026], [3.160653284972254, 47.767537277124845], [3.158090421137924, 47.75865737767753], [3.137935987602621, 47.75890786239725], [3.113361010892673, 47.77065271849879], [3.108340594984654, 47.77038745944371], [3.108607443367926, 47.763762945571976], [3.093646414470995, 47.76558493912263], [3.088705546398964, 47.764643746779136], [3.080883242645708, 47.756081036829144], [3.060877013048025, 47.7569841873968], [3.040234441393034, 47.74685861435096], [3.036640243968579, 47.740379454520216], [3.027031982974607, 47.7380059373132]]]}",8764,073,06,1,89,26
67342,67280,OBERHASLACH,BAS-RHIN,ALSACE,"Commune simple",500.0,2526.0,1.8,"48.5685057118, 7.29548789735","{""type"": ""Polygon"", ""coordinates"": [[[7.326912802056178, 48.53700918658174], [7.315722633628744, 48.54394786073977], [7.260258415786652, 48.56079596219407], [7.264151669075793, 48.57010633415442], [7.241234217640767, 48.573736866769245], [7.256281654444215, 48.588675507652], [7.265138661762516, 48.59171828157749], [7.292853885402788, 48.59567568693369], [7.3052011503053, 48.5904187290611], [7.315131951038929, 48.590302001135726], [7.311710726089895, 48.58058857412873], [7.318695019497715, 48.57160550101025], [7.335384027975311, 48.55871866750241], [7.349987034674212, 48.55659038767936], [7.335056918522394, 48.54050512107887], [7.326912802056178, 48.53700918658174]]]}",2466,342,14,3,67,42
43224,43600,SAINTE-SIGOLENE,HAUTE-LOIRE,AUVERGNE,"Chef-lieu canton",771.0,3073.0,5.9,"45.2470426213, 4.22851598334","{""type"": ""Polygon"", ""coordinates"": [[[4.237990386129739, 45.218169427592784], [4.233567532221218, 45.21925396589689], [4.230668808533331, 45.2166563809666], [4.226470752855486, 45.20767923337075], [4.204696109139003, 45.21047370352847], [4.209224183927099, 45.216017053242005], [4.196196165570752, 45.223433572441465], [4.206058834947118, 45.235214541586004], [4.196700908413133, 45.24756236679954], [4.1984036911874, 45.25086708865558], [4.18782737495107, 45.25830130194435], [4.187627278596625, 45.26447207935468], [4.211478516294301, 45.26527881850144], [4.222397400824408, 45.27646176296257], [4.235636932424206, 45.28048578120629], [4.253246392247245, 45.278497747011635], [4.259785991513168, 45.27437180255698], [4.26313611634203, 45.27192954646469], [4.26548163719641, 45.258953152218915], [4.257778251020333, 45.25039486167593], [4.254040008810877, 45.230426844436835], [4.237990386129739, 45.218169427592784]]]}",1029,224,35,3,43,83
86085,86110,COUSSAY,VIENNE,POITOU-CHARENTES,"Commune simple",102.0,2027.0,0.3,"46.8386789415, 0.201706399643","{""type"": ""Polygon"", ""coordinates"": [[[0.236773873145627, 46.829129807387545], [0.221027802527711, 46.82082208370505], [0.170160923142146, 46.826996380832185], [0.156388229700226, 46.82254820951815], [0.151581274926453, 46.82385276833082], [0.147902075620575, 46.83414978252943], [0.157492390042491, 46.836026968407786], [0.199576237176698, 46.85876313083547], [0.213093912135079, 46.85564973834979], [0.224181192045852, 46.862512590654156], [0.236155374011288, 46.85128692674158], [0.243220067820618, 46.83452794292085], [0.236773873145627, 46.829129807387545]]]}",31288,085,18,1,86,54
78264,78490,GAMBAISEUIL,YVELINES,ILE-DE-FRANCE,"Commune simple",152.0,1915.0,0.1,"48.7565484282, 1.72527322588","{""type"": ""Polygon"", ""coordinates"": [[[1.711462847802544, 48.736224311291124], [1.675093053798294, 48.743400289377774], [1.695020420419675, 48.7580302159449], [1.71476036249052, 48.75806439602197], [1.71108263993238, 48.764303384467794], [1.698996813965465, 48.77098166303022], [1.699484175721063, 48.77436013228484], [1.705637228251891, 48.779779017856754], [1.720929457981207, 48.780582363536205], [1.72683722391507, 48.78613239404295], [1.732277470407034, 48.77679949111494], [1.743435707580228, 48.77009016600777], [1.744710688639781, 48.76347421146259], [1.758762180550733, 48.762487695476096], [1.767348053719837, 48.7659227757897], [1.764097135194996, 48.73829208599931], [1.744067233748596, 48.74271558982576], [1.722939509258077, 48.743498920923685], [1.711462847802544, 48.736224311291124]]]}",26038,264,18,2,78,11
02309,02840,FESTIEUX,AISNE,PICARDIE,"Commune simple",142.0,672.0,0.6,"49.5252642949, 3.76013631694","{""type"": ""Polygon"", ""coordinates"": [[[3.776804475185175, 49.514718745947576], [3.763736199205197, 49.51034385026207], [3.750122317678259, 49.51382617696383], [3.743432981203688, 49.51801966193616], [3.741519688296756, 49.527018952818985], [3.749748799133976, 49.53932615470895], [3.771130276696805, 49.53767327036855], [3.779063141626826, 49.53350632270419], [3.774415889387425, 49.527514429043705], [3.776443330772539, 49.5182262525419], [3.776804475185175, 49.514718745947576]]]}",27798,309,38,2,02,22
02420,02100,LESDINS,AISNE,PICARDIE,"Commune simple",106.0,1094.0,0.9,"49.9043632178, 3.31462117869","{""type"": ""Polygon"", ""coordinates"": [[[3.319756457235238, 49.883569678533355], [3.304794810645464, 49.89256435741266], [3.285575510931446, 49.89721022915318], [3.283833650809235, 49.90407748812211], [3.29364150600187, 49.91654089694526], [3.29879549385051, 49.917651296515736], [3.307570723251725, 49.914763936719744], [3.326583480393467, 49.92492837004063], [3.329536006788236, 49.91888385306681], [3.33812250791643, 49.91713566300513], [3.339917190975689, 49.90670125209959], [3.33442246192164, 49.889657121125936], [3.324437443290719, 49.889441483048124], [3.319756457235238, 49.883569678533355]]]}",18383,420,39,3,02,22
14146,14770,CAUVILLE,CALVADOS,BASSE-NORMANDIE,"Commune simple",221.0,591.0,0.1,"48.9518531525, -0.564152577979","{""type"": ""Polygon"", ""coordinates"": [[[-0.535912948421951, 48.94890315529625], [-0.542597646465129, 48.93970413347642], [-0.56883442753025, 48.93951941634584], [-0.575065589593817, 48.94548178132501], [-0.584412409796697, 48.96409699442004], [-0.582933564013465, 48.970208269217174], [-0.573683506754528, 48.96890916744695], [-0.569502769441485, 48.96338080981923], [-0.561236692109021, 48.96045820763035], [-0.550988671921316, 48.94932141579854], [-0.535912948421951, 48.94890315529625]]]}",31386,146,31,2,14,25
64148,64800,BRUGES-CAPBIS-MIFAGET,PYRENEES-ATLANTIQUES,AQUITAINE,"Commune simple",346.0,1671.0,0.9,"43.1253072219, -0.303486553374","{""type"": ""Polygon"", ""coordinates"": [[[-0.30077166162916, 43.094937603540835], [-0.308720745155457, 43.09797041358327], [-0.305359827434377, 43.10708474668753], [-0.317556353797271, 43.10937441602671], [-0.328210405689721, 43.11537435192871], [-0.318080429087429, 43.12171840138279], [-0.328462040794123, 43.13618013651993], [-0.326854859260524, 43.145844448943045], [-0.309155026092671, 43.15150277437759], [-0.295677602476672, 43.16139531379089], [-0.301959932576799, 43.154478192532196], [-0.295402290121541, 43.15635333257295], [-0.286827527092753, 43.1539054027376], [-0.286779024108966, 43.150458962178696], [-0.297670045793755, 43.1463182724516], [-0.28773863173234, 43.12734777955706], [-0.287253656584036, 43.117091088334966], [-0.278584974675677, 43.10486041077292], [-0.270748046562763, 43.1014078838689], [-0.275070397359332, 43.09725265537124], [-0.2908665305088, 43.100254883084], [-0.30077166162916, 43.094937603540835]]]}",9768,148,26,3,64,72
80477,80150,LIGESCOURT,SOMME,PICARDIE,"Commune simple",63.0,516.0,0.2,"50.2903292163, 1.87136971032","{""type"": ""Polygon"", ""coordinates"": [[[1.863650922352277, 50.27809257392233], [1.85492951030966, 50.28700049307532], [1.85720410932288, 50.30481002683413], [1.894225630107042, 50.293537266259825], [1.88089335196643, 50.27905856056349], [1.863650922352277, 50.27809257392233]]]}",13445,477,19,1,80,22
76444,76190,MONT-DE-L'IF,SEINE-MARITIME,HAUTE-NORMANDIE,"Commune simple",108.0,347.0,0.1,"49.5856197891, 0.820120153054","{""type"": ""Polygon"", ""coordinates"": [[[0.815779569346418, 49.57851790407867], [0.814166099867549, 49.580044144182686], [0.802843655080989, 49.58324700111076], [0.799410216873972, 49.58883056023398], [0.816822308530854, 49.59528496832157], [0.830380740974045, 49.585684017222015], [0.84555074907298, 49.586313726135685], [0.843005273645949, 49.57910356212231], [0.839365859899291, 49.581151489129134], [0.815779569346418, 49.57851790407867]]]}",15199,444,41,3,76,23
64353,64260,LOUVIE-JUZON,PYRENEES-ATLANTIQUES,AQUITAINE,"Commune simple",853.0,5641.0,1.1,"43.0727682758, -0.337194181284","{""type"": ""Polygon"", ""coordinates"": [[[-0.26050540516439, 43.038274745948], [-0.273997835183747, 43.03512854865292], [-0.290592014182076, 43.02310934494439], [-0.341857036721658, 43.025570473423116], [-0.339076799476761, 43.039483509124395], [-0.330483292353393, 43.04263044636181], [-0.32988703477283, 43.04613259778009], [-0.343703470460453, 43.06030525313249], [-0.356301206080461, 43.06520632848905], [-0.367311127059272, 43.07675431399812], [-0.419765694292288, 43.07704524390831], [-0.4201400966022, 43.07839272550572], [-0.424186878585527, 43.0957200857818], [-0.415652099343424, 43.10263508838052], [-0.41232356239406, 43.102443518446115], [-0.40706417164617, 43.09387753151994], [-0.397864521527887, 43.094942439100315], [-0.379769159442623, 43.097663493389184], [-0.375214783144826, 43.10361291338294], [-0.357199408124983, 43.10629156256908], [-0.35187100167778, 43.11102173407453], [-0.328210405689721, 43.11537435192871], [-0.317556353797271, 43.10937441602671], [-0.305359827434377, 43.10708474668753], [-0.308720745155457, 43.09797041358327], [-0.30077166162916, 43.094937603540835], [-0.301624820979386, 43.087934883932135], [-0.293840346078694, 43.08387937572223], [-0.291593318972312, 43.0771966787133], [-0.30270963043535, 43.05832141566679], [-0.303074324049334, 43.05481753919605], [-0.302226442985145, 43.05135989016564], [-0.299269861684229, 43.04858804107949], [-0.283417852027198, 43.04068344459676], [-0.265904589239597, 43.04392593051517], [-0.26050540516439, 43.038274745948]]]}",4665,353,04,2,64,72
86108,86330,"LA GRIMAUDIERE",VIENNE,POITOU-CHARENTES,"Commune simple",94.0,1928.0,0.4,"46.8026516286, 0.0301338119599","{""type"": ""Polygon"", ""coordinates"": [[[0.058050468157393, 46.77441058359091], [0.048944928359177, 46.77641158221988], [0.035635420700864, 46.78668306424328], [0.001130971133931, 46.79008568623558], [-0.007060232650817, 46.80176543034806], [0.0068100015734, 46.8105431702446], [0.006615978550591, 46.813817889748336], [-0.004427367091908, 46.81983708877479], [-0.004304885662157, 46.823309288120505], [0.014907586560031, 46.834360718139074], [0.016607464915473, 46.83496346394019], [0.030538613554054, 46.830638696313855], [0.037037831783543, 46.8253461567406], [0.029492207875663, 46.81620430403235], [0.029649982819312, 46.809495736213954], [0.051538143257717, 46.800355261356465], [0.056113838005355, 46.801869129807024], [0.073655866856777, 46.7967848864037], [0.074727552333472, 46.79054112999002], [0.07365952829374, 46.78383742820242], [0.070535038576925, 46.781216944440565], [0.060676092981102, 46.78089306351357], [0.058050468157393, 46.77441058359091]]]}",4792,108,16,1,86,54
64300,64170,LACQ,PYRENEES-ATLANTIQUES,AQUITAINE,"Commune simple",116.0,1723.0,0.7,"43.4215600876, -0.612163653339","{""type"": ""Polygon"", ""coordinates"": [[[-0.599292057561098, 43.40057837583899], [-0.60850180587532, 43.400316699694166], [-0.611692470019871, 43.40569478361166], [-0.624197398879479, 43.401845520781016], [-0.63325307598702, 43.40285673308036], [-0.645906310849891, 43.42320810390273], [-0.632114439760921, 43.43177715969312], [-0.630989488584477, 43.43842536954099], [-0.619708658677422, 43.442009208848035], [-0.607630958128647, 43.439809495464246], [-0.589552867728537, 43.43669981755302], [-0.573557745392603, 43.430285395463564], [-0.580629759792914, 43.427169896825866], [-0.58726881264195, 43.41633230578961], [-0.599292057561098, 43.40057837583899]]]}",2059,300,95,3,64,72
29120,29160,LANVEOC,FINISTERE,BRETAGNE,"Commune simple",50.0,1919.0,2.2,"48.275777582, -4.44432214727","{""type"": ""Polygon"", ""coordinates"": [[[-4.38449955320125, 48.27515572709832], [-4.385388891437225, 48.26828617449139], [-4.446316888467232, 48.25902284322541], [-4.471606392208166, 48.26364097945072], [-4.478703488775627, 48.272518243432664], [-4.494343384829685, 48.27196821996151], [-4.502598847108406, 48.28086108393084], [-4.472584895689636, 48.286806316949765], [-4.45992928775161, 48.29285819604886], [-4.423409368890516, 48.29136604072355], [-4.41033527197997, 48.276635030035116], [-4.38449955320125, 48.27515572709832]]]}",2186,120,11,2,29,53
21439,21540,MONTOILLOT,COTE-D'OR,BOURGOGNE,"Commune simple",452.0,767.0,0.1,"47.2727014053, 4.65838043081","{""type"": ""Polygon"", ""coordinates"": [[[4.676268797619901, 47.255420227053015], [4.646629275524174, 47.26402998281103], [4.636585700264236, 47.28258620083479], [4.635322261034062, 47.285854599736986], [4.63919766171183, 47.28796096749488], [4.658307211070723, 47.290967043156535], [4.663942145683804, 47.278055030111744], [4.681602641844122, 47.26653569817409], [4.684534934016539, 47.26006387589942], [4.676268797619901, 47.255420227053015]]]}",20703,439,35,2,21,26
70510,70140,VADANS,HAUTE-SAONE,FRANCHE-COMTE,"Commune simple",217.0,1284.0,0.1,"47.3519943594, 5.57942602132","{""type"": ""Polygon"", ""coordinates"": [[[5.6082497758406, 47.3341355737881], [5.598727413165197, 47.341329617201716], [5.579180732174145, 47.341576246618246], [5.563576895625154, 47.34863195160843], [5.543145162387567, 47.34032642474512], [5.534770373289263, 47.34312152487143], [5.535955131867241, 47.35529094239089], [5.545226874969154, 47.3557186338458], [5.574274725002234, 47.366643441159205], [5.599038522246923, 47.366353307379406], [5.613277493008823, 47.35194678718945], [5.616576192910579, 47.342405992391214], [5.617795097642194, 47.33968537136173], [5.6082497758406, 47.3341355737881]]]}",27869,510,19,2,70,43
60113,60480,BUCAMPS,OISE,PICARDIE,"Commune simple",143.0,583.0,0.2,"49.5247948425, 2.3166105981","{""type"": ""Polygon"", ""coordinates"": [[[2.334795355283337, 49.51077160197555], [2.318082563680267, 49.516844266572484], [2.305216661180735, 49.5260553716465], [2.300242081509877, 49.52534372624601], [2.291891446786635, 49.517152539562844], [2.2872751222517, 49.51855452596011], [2.289122046277402, 49.52775063071191], [2.279724681927639, 49.53031954305563], [2.288368629814712, 49.53629327936814], [2.304954207528528, 49.52912758588424], [2.319827982788798, 49.52994886448652], [2.326976548695875, 49.53446446527163], [2.346465801856039, 49.528666293762484], [2.340161068891742, 49.52502819550679], [2.340726768044148, 49.51967472357447], [2.334795355283337, 49.51077160197555]]]}",32903,113,16,2,60,22
81220,81800,RABASTENS,TARN,MIDI-PYRENEES,"Chef-lieu canton",165.0,6658.0,5.0,"43.8484040939, 1.71495143196","{""type"": ""Polygon"", ""coordinates"": [[[1.670186208970356, 43.78424418513166], [1.67730232388186, 43.79507682086873], [1.670897511498594, 43.799075949529744], [1.669462194867713, 43.80522351862657], [1.678055158143728, 43.845289071956685], [1.662621785382005, 43.887817278571944], [1.671786370917731, 43.88653407203116], [1.683879983691893, 43.89151384651157], [1.692968917240547, 43.88973291496804], [1.704734386341786, 43.89502144995639], [1.737021356016847, 43.88711925014046], [1.75930611152152, 43.87355019200958], [1.771363782742586, 43.85439000300062], [1.787467650806167, 43.84631699482043], [1.793899740636324, 43.836758176720785], [1.776759462251307, 43.83125725045081], [1.762731695834363, 43.8383261229622], [1.7492420668513, 43.825194089111925], [1.735988854601845, 43.827507319277046], [1.732129968222743, 43.82549149718966], [1.717187843365626, 43.8121765864289], [1.704544129269437, 43.80741004771378], [1.682906264232658, 43.7853526553955], [1.670186208970356, 43.78424418513166]]]}",3029,220,25,1,81,73
27310,27150,HACQUEVILLE,EURE,HAUTE-NORMANDIE,"Commune simple",120.0,974.0,0.5,"49.2818666204, 1.55751068434","{""type"": ""Polygon"", ""coordinates"": [[[1.551121849694591, 49.26268254267615], [1.546114144266544, 49.262442471466684], [1.530897535933756, 49.27095262034883], [1.533279516830532, 49.27271689125686], [1.532200755973105, 49.27924930498316], [1.553093233156193, 49.296782227813225], [1.558573862687655, 49.30088468066101], [1.572089102376034, 49.30135996010283], [1.57704987876227, 49.29196916872988], [1.584254144755827, 49.28740559404384], [1.584857105629172, 49.28396015368409], [1.574994859153573, 49.27577919489401], [1.551121849694591, 49.26268254267615]]]}",3156,310,15,1,27,23
71301,71140,MONT,SAONE-ET-LOIRE,BOURGOGNE,"Commune simple",319.0,1623.0,0.2,"46.6315974398, 3.82797477122","{""type"": ""Polygon"", ""coordinates"": [[[3.809918289458791, 46.60213758962277], [3.801919190122648, 46.61076641771952], [3.808747341505714, 46.61565304432502], [3.795190394400238, 46.625112866474076], [3.811740908365199, 46.63236272816991], [3.816368023999861, 46.638435085561355], [3.819644083441048, 46.64848800867449], [3.819185724462044, 46.6519130790078], [3.814147978852064, 46.657811023354824], [3.809152004199539, 46.6578013595522], [3.810658535864772, 46.66411201333913], [3.820471981950733, 46.663492943854074], [3.85518952668223, 46.640502298975946], [3.864907301187339, 46.630875295599246], [3.843693209588614, 46.621686430688165], [3.827549191165855, 46.6085851012445], [3.809918289458791, 46.60213758962277]]]}",4117,301,03,3,71,26
46073,46260,CONCOTS,LOT,MIDI-PYRENEES,"Commune simple",267.0,2609.0,0.4,"44.3966512584, 1.6428976522","{""type"": ""Polygon"", ""coordinates"": [[[1.660489689939553, 44.370297763367006], [1.646970888472346, 44.36929514336268], [1.637206083789742, 44.376602142968906], [1.628132847605683, 44.37857814834701], [1.623171448125457, 44.38437719651528], [1.607022464964535, 44.377394742002465], [1.603928178474577, 44.40005241119562], [1.608653402882696, 44.40961956578348], [1.623945599559019, 44.41709524565485], [1.631050919149167, 44.42559276001479], [1.639607203113307, 44.428183624069554], [1.640792004690446, 44.42854937131035], [1.649755169577452, 44.42518434585368], [1.65774453022417, 44.40615933087671], [1.664014441660557, 44.401247864740505], [1.684114413592384, 44.40742285454246], [1.686283529574604, 44.40433369924836], [1.686542050927496, 44.38724010827467], [1.677194559507408, 44.385912803430706], [1.660489689939553, 44.370297763367006]]]}",4249,073,17,1,46,73
31348,31160,MONCAUP,HAUTE-GARONNE,MIDI-PYRENEES,"Commune simple",928.0,719.0,0.0,"42.9729218811, 0.701637765798","{""type"": ""Polygon"", ""coordinates"": [[[0.696220618598419, 42.94868679369613], [0.690306758081639, 42.954182921811544], [0.690619027293331, 42.96694736986324], [0.684424052654669, 42.97880724378135], [0.699646766024167, 42.98735741734649], [0.713421905579322, 42.98859592790442], [0.723772748632235, 42.98186079483848], [0.714096077902589, 42.97399000968309], [0.698456378820623, 42.95191060338906], [0.696220618598419, 42.94868679369613]]]}",27984,348,01,2,31,73
67116,67600,EBERSMUNSTER,BAS-RHIN,ALSACE,"Commune simple",163.0,761.0,0.5,"48.3033027968, 7.53361664193","{""type"": ""Polygon"", ""coordinates"": [[[7.511830711228072, 48.2835262724957], [7.508286112595946, 48.28502236577176], [7.51662795674928, 48.28892151992812], [7.525466945935996, 48.30439964010076], [7.520674139369808, 48.310404747987654], [7.523179932188302, 48.31692370409417], [7.539239187469685, 48.3248427501797], [7.547961047221099, 48.31334170173867], [7.551714867135499, 48.31128668453604], [7.550592310829132, 48.304868154747496], [7.538513838004137, 48.285424512479445], [7.5353262028077, 48.28807931807466], [7.511830711228072, 48.2835262724957]]]}",19375,116,24,5,67,42
51055,51450,BETHENY,MARNE,CHAMPAGNE-ARDENNE,"Commune simple",96.0,2003.0,6.4,"49.2956894813, 4.06006294917","{""type"": ""Polygon"", ""coordinates"": [[[4.083088578748161, 49.274684241213805], [4.068282746902749, 49.276982902704745], [4.050347906835253, 49.270082885373675], [4.045110673147181, 49.270631823225685], [4.027744787782138, 49.28723322348557], [4.028611665865538, 49.29763645703284], [4.03064645775194, 49.31487099880223], [4.056950492400642, 49.315461752616315], [4.061341230333103, 49.32502452394421], [4.07489920737658, 49.324868681797156], [4.072522569042976, 49.31705954331619], [4.088438676909703, 49.303620807593695], [4.093719399556107, 49.293953563902875], [4.095953709242115, 49.2839450701378], [4.083088578748161, 49.274684241213805]]]}",23062,055,22,3,51,21
50107,50500,CATZ,MANCHE,BASSE-NORMANDIE,"Commune simple",18.0,277.0,0.1,"49.3127149417, -1.18665023659","{""type"": ""Polygon"", ""coordinates"": [[[-1.178018225138748, 49.304205754714154], [-1.186369673466503, 49.30279099508138], [-1.198587050313358, 49.306597353539004], [-1.199416862544548, 49.32034143801574], [-1.172109300617451, 49.32067646484236], [-1.178018225138748, 49.304205754714154]]]}",25452,107,09,4,50,25
69102,69170,JOUX,RHONE,RHONE-ALPES,"Commune simple",659.0,2502.0,0.7,"45.890505206, 4.36735802084","{""type"": ""Polygon"", ""coordinates"": [[[4.394470699258961, 45.865168220446996], [4.361093646904437, 45.86616953979072], [4.342468653385517, 45.87690257400322], [4.336936185606008, 45.89016224764304], [4.32622428562583, 45.89736727130587], [4.323220560488899, 45.90388691649059], [4.346215339494478, 45.9157649469381], [4.356097626985488, 45.91570094394235], [4.377828423764348, 45.907512797121655], [4.396321998654686, 45.907745313114674], [4.402951570265763, 45.89246956341917], [4.412400382104243, 45.89125315224655], [4.397980722587587, 45.883110504393024], [4.400334765144589, 45.870184292470235], [4.394470699258961, 45.865168220446996]]]}",1385,102,29,2,69,82
30229,30570,SAINT-ANDRE-DE-MAJENCOULES,GARD,LANGUEDOC-ROUSSILLON,"Commune simple",414.0,2202.0,0.6,"44.0274774754, 3.67645577466","{""type"": ""Polygon"", ""coordinates"": [[[3.675654361402603, 43.994743980152265], [3.675126630769618, 43.9965022807168], [3.647784740910056, 44.00632486020695], [3.645718121463298, 44.016525381251874], [3.652997293606894, 44.029199652437114], [3.6443377833733, 44.04555970104481], [3.658910991210278, 44.05298834891313], [3.667094277016912, 44.052686779938405], [3.687053013685926, 44.04469691707027], [3.696289966382331, 44.04495357138261], [3.704185819115755, 44.03664962969182], [3.722679477182257, 44.03595305629576], [3.724798868215436, 44.03288788511089], [3.713451691710218, 44.022377951028716], [3.702484618588258, 44.01605864696206], [3.683723940448813, 44.01580847408648], [3.675730628514918, 44.00748785405075], [3.678380488549127, 43.997535174871174], [3.675654361402603, 43.994743980152265]]]}",1013,229,36,3,30,91
66058,66550,CORNEILLA-LA-RIVIERE,PYRENEES-ORIENTALES,LANGUEDOC-ROUSSILLON,"Commune simple",146.0,1264.0,1.8,"42.709567145, 2.72548561716","{""type"": ""Polygon"", ""coordinates"": [[[2.74599258832427, 42.6854600158956], [2.729750898760865, 42.690014619134786], [2.712023628506957, 42.693762596639054], [2.70794142204059, 42.71788371476299], [2.70050612511735, 42.72682747216325], [2.723788918643189, 42.734173023997876], [2.747808072326842, 42.70524455262154], [2.74374910978349, 42.688484618080174], [2.74599258832427, 42.6854600158956]]]}",28181,058,05,2,66,91
67280,67220,MAISONSGOUTTE,BAS-RHIN,ALSACE,"Commune simple",424.0,508.0,0.8,"48.3535462593, 7.25920729014","{""type"": ""Polygon"", ""coordinates"": [[[7.263764259013928, 48.340489783291275], [7.237148536912492, 48.34562646935253], [7.232069671784708, 48.35087177069898], [7.252262253180627, 48.35385109383382], [7.259133867476432, 48.37042563116898], [7.273757896543071, 48.36368172431067], [7.27705983865795, 48.35806631602909], [7.277756634135172, 48.351842164147726], [7.266088476467079, 48.346650034489535], [7.263764259013928, 48.340489783291275]]]}",20216,280,32,5,67,42
32464,32730,VILLECOMTAL-SUR-ARROS,GERS,MIDI-PYRENEES,"Commune simple",197.0,1122.0,0.9,"43.4001487787, 0.200965512965","{""type"": ""Polygon"", ""coordinates"": [[[0.180075086690284, 43.37912541261131], [0.173804942346931, 43.40277225485803], [0.187970456831244, 43.41911093322512], [0.192558263255265, 43.40987676316294], [0.206257866298709, 43.407467516996], [0.219166767213947, 43.41117561614393], [0.22902284519863, 43.41830583720976], [0.23945235826202, 43.40504233604803], [0.232375502274357, 43.40149493593521], [0.213202285095271, 43.39308133608943], [0.199720641117272, 43.394893845715316], [0.197473966966304, 43.38196292610044], [0.180075086690284, 43.37912541261131]]]}",4943,464,17,3,32,73
63113,63000/63100,CLERMONT-FERRAND,PUY-DE-DOME,AUVERGNE,"Préfecture de région",370.0,4307.0,138.6,"45.7856492991, 3.11554542903","{""type"": ""Polygon"", ""coordinates"": [[[3.077364240894417, 45.75594154114564], [3.070287835926525, 45.765122154349534], [3.07514637124618, 45.77099921802063], [3.072684560116088, 45.777655448563316], [3.062796819069435, 45.785207488325895], [3.053195948728134, 45.78601385789104], [3.077910374282472, 45.80572024526894], [3.082327769219829, 45.806428498428225], [3.089152355599957, 45.814662810065514], [3.121238842408544, 45.818351950449035], [3.136776894185186, 45.81057195848006], [3.151108245885789, 45.81039160026913], [3.157560109512725, 45.80609643823646], [3.162364220030292, 45.806593907542464], [3.158472140331311, 45.787400949792655], [3.162589380932123, 45.77811102698831], [3.163522003722596, 45.77145504998065], [3.171873717862329, 45.76337423801845], [3.165672914521795, 45.759250262626026], [3.152974491239824, 45.758944020505645], [3.151911517677805, 45.756009859335634], [3.133887351830621, 45.76065220483871], [3.125095289684842, 45.75836604824956], [3.113258661120275, 45.76406064197883], [3.101438574093035, 45.75906516820179], [3.09838552746219, 45.75676262006493], [3.090142450583274, 45.758534466751605], [3.077364240894417, 45.75594154114564]]]}",3253,113,98,2,63,83
41238,41360,SAVIGNY-SUR-BRAYE,LOIR-ET-CHER,CENTRE,"Chef-lieu canton",135.0,6722.0,2.2,"47.86966042, 0.831215929044","{""type"": ""Polygon"", ""coordinates"": [[[0.832887114182996, 47.82129603331256], [0.787708474847011, 47.853251895635296], [0.777548316392547, 47.85374407529287], [0.774015958853395, 47.85121013138712], [0.759164509181083, 47.859228562483715], [0.763681508542418, 47.868561324222824], [0.757340816835922, 47.884682454772665], [0.759800120809066, 47.898090367746164], [0.768068759181933, 47.90139901312021], [0.786997542981438, 47.91175086759352], [0.794073461463215, 47.90743647128233], [0.797867593718321, 47.897964358841605], [0.813238192670991, 47.88948262886467], [0.816836239503928, 47.89182740774997], [0.843588319225208, 47.90650169899793], [0.860186839228538, 47.89333694532275], [0.889739081481044, 47.89312471125553], [0.8926793560755, 47.89594142383146], [0.901547737408863, 47.88054327726344], [0.911039147241178, 47.872645984777265], [0.918817169466497, 47.85889261928353], [0.909753116296501, 47.86044203051348], [0.901215123716989, 47.85780473872812], [0.895295402615324, 47.84919973747921], [0.879996402340181, 47.85014861503097], [0.848187426214056, 47.83268809392711], [0.832887114182996, 47.82129603331256]]]}",11717,238,21,2,41,24
70272,70120,GOURGEON,HAUTE-SAONE,FRANCHE-COMTE,"Commune simple",271.0,1373.0,0.3,"47.71794344, 5.84745299803","{""type"": ""Polygon"", ""coordinates"": [[[5.875094919189861, 47.705553616243655], [5.856527654844109, 47.70019943849211], [5.826490876747116, 47.70464007274605], [5.819954792711401, 47.71299369249024], [5.815898908218338, 47.72916767980015], [5.83513942857109, 47.73176512391124], [5.845858944368562, 47.73875497871304], [5.86712378281472, 47.7272749714178], [5.880942438972284, 47.7246117740808], [5.873838174210929, 47.71218635261583], [5.875094919189861, 47.705553616243655]]]}",32812,272,05,2,70,43
27355,27540,IVRY-LA-BATAILLE,EURE,HAUTE-NORMANDIE,"Commune simple",107.0,776.0,2.6,"48.886265363, 1.44688887159","{""type"": ""Polygon"", ""coordinates"": [[[1.449832053500381, 48.86957311445965], [1.436958517690128, 48.87964178773002], [1.422022328607592, 48.88064213597032], [1.422528210265103, 48.89365521930817], [1.426297097949835, 48.89578258481452], [1.439094955037405, 48.89845060283736], [1.458367872199266, 48.894895554446016], [1.463058255717664, 48.896359006384465], [1.461434484405524, 48.89960318621683], [1.470635738712023, 48.89800308944799], [1.465816813841853, 48.879133642119555], [1.45762814678876, 48.871517776128684], [1.449832053500381, 48.86957311445965]]]}",36058,355,32,3,27,23
54501,54830,SERANVILLE,MEURTHE-ET-MOSELLE,LORRAINE,"Commune simple",293.0,535.0,0.1,"48.459608902, 6.51664977219","{""type"": ""Polygon"", ""coordinates"": [[[6.508078262388717, 48.45036258458061], [6.500040157960672, 48.449591457487564], [6.493731850788671, 48.453451493851325], [6.497526305107851, 48.456761606676174], [6.513633800509751, 48.473701459757], [6.531553457648858, 48.46790155151267], [6.53448543999587, 48.44870515671718], [6.512094229827382, 48.452116822597965], [6.508078262388717, 48.45036258458061]]]}",36500,501,13,2,54,41
35198,35680,MOULINS,ILLE-ET-VILAINE,BRETAGNE,"Commune simple",67.0,1540.0,0.7,"48.0087571587, -1.36287785518","{""type"": ""Polygon"", ""coordinates"": [[[-1.344883878603364, 47.982681651964015], [-1.354501905557953, 47.98879684067833], [-1.362445305011228, 47.986456275680275], [-1.375487303447906, 47.989450364726196], [-1.384105512786435, 48.00062074850737], [-1.379844867838198, 48.00674616834203], [-1.395864307750869, 48.019640638289125], [-1.393128979640503, 48.025853634569444], [-1.383156094537081, 48.024513351859575], [-1.374326809196654, 48.03196222429551], [-1.351162025459575, 48.02478228430965], [-1.342037913315575, 48.027381703134864], [-1.336725155510097, 48.01468976280979], [-1.34519248398041, 48.002804814358484], [-1.336654026681806, 47.99103410219068], [-1.344883878603364, 47.982681651964015]]]}",9087,198,15,1,35,53
56258,56470,"LA TRINITE-SUR-MER",MORBIHAN,BRETAGNE,"Commune simple",11.0,640.0,1.6,"47.5909007393, -3.03700751097","{""type"": ""Polygon"", ""coordinates"": [[[-3.024018392370465, 47.59131276276851], [-3.028813120943065, 47.59075779812831], [-3.021199922722866, 47.567066212197126], [-3.043301259447634, 47.58777729092034], [-3.04203836055998, 47.57851724250119], [-3.051978972766146, 47.57793793120484], [-3.054844583232621, 47.58766535983523], [-3.044774245330575, 47.59888609200564], [-3.044501615282048, 47.60542717738317], [-3.026324612802517, 47.60829144691157], [-3.024018392370465, 47.59131276276851]]]}",2842,258,30,1,56,53
17347,17400,SAINT-JEAN-D'ANGELY,CHARENTE-MARITIME,POITOU-CHARENTES,Sous-préfecture,32.0,1893.0,7.6,"45.9427172637, -0.519834100838","{""type"": ""Polygon"", ""coordinates"": [[[-0.495223387186325, 45.91011701041232], [-0.497118095562833, 45.90701175895839], [-0.501987436343417, 45.90764520708702], [-0.511438588390355, 45.91553657409846], [-0.531114722716984, 45.91465330153765], [-0.536021635875661, 45.914445845645496], [-0.542587352190904, 45.919549535374266], [-0.530890349715792, 45.93431970775559], [-0.535322815810694, 45.93574966183618], [-0.531013208583842, 45.9368397746815], [-0.547575163619574, 45.955277966729014], [-0.542791157952476, 45.95564421435199], [-0.54613868979637, 45.96507616604916], [-0.534052212720827, 45.9793538104585], [-0.523259682648178, 45.96547536258657], [-0.511124222049576, 45.96064256491296], [-0.5037795139038, 45.96464702553524], [-0.48786015558367, 45.941270505972426], [-0.506076950888225, 45.93051267002122], [-0.508888825423263, 45.92071756556726], [-0.507571752632723, 45.917477402219006], [-0.494491486797101, 45.913438671110484], [-0.495223387186325, 45.91011701041232]]]}",8236,347,29,5,17,54
85271,85410,SAINT-SULPICE-EN-PAREDS,VENDEE,"PAYS DE LA LOIRE","Commune simple",88.0,1331.0,0.4,"46.6130038733, -0.8310839288","{""type"": ""Polygon"", ""coordinates"": [[[-0.830572431150253, 46.590140576235214], [-0.853232809958929, 46.60322703018125], [-0.86126963252092, 46.61178200494813], [-0.853095670423717, 46.627689434863726], [-0.839520459966098, 46.63131860192679], [-0.81885744754526, 46.62257088928831], [-0.801298577253917, 46.628185297899094], [-0.796561671516098, 46.61750674004648], [-0.830572431150253, 46.590140576235214]]]}",513,271,05,1,85,52
89452,89300,VILLECIEN,YONNE,BOURGOGNE,"Commune simple",152.0,768.0,0.4,"48.0143094754, 3.33899968576","{""type"": ""Polygon"", ""coordinates"": [[[3.33764523489025, 48.002874985331246], [3.317774196154772, 48.0009055182947], [3.299210024808843, 48.011654166706066], [3.356891211796526, 48.027295768922045], [3.372335907173289, 48.02587107434996], [3.370507160464682, 48.01950549840437], [3.379261339908693, 48.01694886565871], [3.370541502203436, 48.0129090398024], [3.349865344661166, 48.013665258326384], [3.33764523489025, 48.002874985331246]]]}",17224,452,19,1,89,26
55270,55300,LAHAYVILLE,MEUSE,LORRAINE,"Commune simple",230.0,402.0,0.0,"48.8922156555, 5.76968506389","{""type"": ""Polygon"", ""coordinates"": [[[5.777429732278238, 48.87613629244672], [5.75600496227487, 48.8986958182172], [5.751250977674489, 48.899902960155295], [5.753147652912391, 48.91305082297768], [5.756830618390272, 48.912993087957204], [5.757243258754374, 48.90996017725685], [5.770036265883138, 48.895123551284975], [5.787991107814526, 48.88789483751667], [5.786585127219116, 48.87820009657236], [5.777429732278238, 48.87613629244672]]]}",29586,270,17,2,55,41
14124,14230,"LA CAMBE",CALVADOS,BASSE-NORMANDIE,"Commune simple",25.0,1130.0,0.6,"49.3447032998, -1.0093041857","{""type"": ""Polygon"", ""coordinates"": [[[-1.005764130804661, 49.31865241256005], [-1.00846241139779, 49.325025344195566], [-1.025340753287825, 49.32303250651221], [-1.027945408909999, 49.34298124551466], [-1.028204968760112, 49.34630281795209], [-1.050011216615478, 49.35434908984565], [-1.046142614224773, 49.35825001791912], [-1.033785693007183, 49.35336201154783], [-1.019510526192493, 49.35688012134307], [-1.018012214530024, 49.36010712851732], [-0.99118672811129, 49.362463528352635], [-0.986226155929616, 49.36175430745357], [-0.978997803217336, 49.34755623657709], [-0.98206084562759, 49.341020011443675], [-0.997748955008352, 49.34189667205027], [-1.001589416788446, 49.33955533039466], [-0.999671853432921, 49.31927750348263], [-1.005764130804661, 49.31865241256005]]]}",17337,124,20,1,14,25
62139,62575,BLENDECQUES,PAS-DE-CALAIS,NORD-PAS-DE-CALAIS,"Commune simple",38.0,965.0,5.2,"50.7159944346, 2.27536301448","{""type"": ""Polygon"", ""coordinates"": [[[2.312580322089178, 50.70172767409618], [2.288995752375591, 50.70679080871383], [2.269203817498391, 50.70439674671374], [2.249903462301944, 50.702325536660474], [2.252724230432978, 50.70837285732623], [2.247962098183454, 50.70928638400171], [2.251862214427656, 50.71499918591565], [2.249771157917903, 50.724390841916986], [2.267369536191352, 50.735156094941296], [2.271217609901716, 50.73306996715018], [2.299328263911735, 50.71876635315494], [2.306885842419156, 50.70683797374857], [2.317322191703972, 50.70631242228195], [2.312580322089178, 50.70172767409618]]]}",14431,139,62,5,62,31
45075,45380,"LA CHAPELLE-SAINT-MESMIN",LOIRET,CENTRE,"Commune simple",103.0,890.0,9.5,"47.8887063362, 1.82847184827","{""type"": ""Polygon"", ""coordinates"": [[[1.812073395304699, 47.8694290300185], [1.802960425424758, 47.884412794632254], [1.809318847514284, 47.89325319153625], [1.804984881916262, 47.89910462252618], [1.859556531697343, 47.90020539785491], [1.862287134846679, 47.89332841810505], [1.812073395304699, 47.8694290300185]]]}",16325,075,39,2,45,24
57604,57480,RUSTROFF,MOSELLE,LORRAINE,"Commune simple",278.0,330.0,0.5,"49.4414794169, 6.37625718945","{""type"": ""Polygon"", ""coordinates"": [[[6.370907775555281, 49.4268821502854], [6.365287157946423, 49.43689850781462], [6.371556968786869, 49.45405954992873], [6.388939281171854, 49.45167597162976], [6.382182052549834, 49.435788737803044], [6.384948570298658, 49.43296750329765], [6.370907775555281, 49.4268821502854]]]}",32620,604,31,7,57,41
10149,10150,FEUGES,AUBE,CHAMPAGNE-ARDENNE,"Commune simple",175.0,1105.0,0.3,"48.396564153, 4.1086742347","{""type"": ""Polygon"", ""coordinates"": [[[4.144200493126343, 48.39433054098995], [4.108438339968317, 48.37894250099232], [4.103254866166976, 48.379728669452255], [4.100469946361171, 48.38606187736725], [4.095735654191365, 48.387050478437224], [4.087938010599951, 48.38297442059562], [4.081267676512971, 48.39097128828686], [4.082360570081183, 48.40009376430715], [4.079451695922055, 48.407804082150065], [4.089107454918691, 48.4094433018286], [4.097371271363161, 48.40717175237405], [4.120261283581226, 48.414047715717984], [4.122602764433936, 48.411038428291754], [4.125047428033758, 48.404654051007874], [4.134689839482411, 48.402501746196556], [4.144200493126343, 48.39433054098995]]]}",25693,149,02,3,10,21
87189,87440,"LES SALLES-LAVAUGUYON",HAUTE-VIENNE,LIMOUSIN,"Commune simple",267.0,1228.0,0.2,"45.7440613913, 0.693496428456","{""type"": ""Polygon"", ""coordinates"": [[[0.717244516803253, 45.733195635487924], [0.707279203909035, 45.734020378491785], [0.69561310361248, 45.72749442268662], [0.68563200723096, 45.7265602112891], [0.671555613893278, 45.73033325253067], [0.665281086697548, 45.73940145793589], [0.666222098456906, 45.74819552438739], [0.695378890719918, 45.76211913135759], [0.711681528902375, 45.76285647095144], [0.710395739248576, 45.75412799949656], [0.713748492500702, 45.75209700593347], [0.722025160714283, 45.754228390794204], [0.717244516803253, 45.733195635487924]]]}",6993,189,22,3,87,74
59344,59620,LEVAL,NORD,NORD-PAS-DE-CALAIS,"Commune simple",141.0,588.0,2.3,"50.180651266, 3.83355819928","{""type"": ""Polygon"", ""coordinates"": [[[3.83600195393561, 50.16508590649491], [3.829733480959629, 50.16905291183751], [3.820862106616558, 50.16949863394044], [3.810373129452952, 50.17197501334726], [3.819014561465548, 50.178904588619375], [3.813632251461245, 50.18686105032009], [3.81624409524177, 50.18749930965424], [3.8202131771858, 50.18556906114042], [3.831044213353492, 50.19187240680066], [3.845173193736933, 50.19443430615287], [3.85469527865826, 50.192509576869114], [3.842658790048283, 50.170249220741454], [3.83600195393561, 50.16508590649491]]]}",26236,344,10,1,59,31
69042,69590,"LA CHAPELLE-SUR-COISE",RHONE,RHONE-ALPES,"Commune simple",696.0,666.0,0.5,"45.6501998891, 4.49605895981","{""type"": ""Polygon"", ""coordinates"": [[[4.514398800246597, 45.64060501795993], [4.506745574896681, 45.636798931903435], [4.478712296781937, 45.63944034781826], [4.481088107965594, 45.660105817306885], [4.502301080076132, 45.6674802678371], [4.512975081810762, 45.64864892524994], [4.514398800246597, 45.64060501795993]]]}",17839,042,28,1,69,82
48145,48700,SAINT-DENIS-EN-MARGERIDE,LOZERE,LANGUEDOC-ROUSSILLON,"Commune simple",1253.0,3789.0,0.2,"44.7410960032, 3.47353884292","{""type"": ""Polygon"", ""coordinates"": [[[3.500527833684357, 44.70600818308982], [3.491868342181866, 44.70899999759081], [3.487843935886162, 44.7151759105887], [3.475653576731451, 44.720468742409395], [3.457421621632111, 44.71765555386678], [3.446501214705453, 44.724272372913006], [3.432551270876833, 44.72322035149952], [3.425145744194643, 44.72752549143546], [3.415392747367995, 44.745910848109574], [3.423940217411429, 44.748561413961276], [3.421232944880184, 44.75820513417387], [3.423728758713235, 44.76410171834656], [3.444709450744658, 44.76442466718908], [3.458678722149009, 44.76656452686292], [3.471387972178606, 44.75696777882646], [3.490199090144493, 44.757993564865636], [3.500449530404314, 44.75117732178014], [3.50687434616218, 44.75609989638403], [3.509352947874639, 44.766091150016635], [3.522197538611552, 44.76929056892616], [3.525740369654703, 44.76701399570024], [3.524157438462558, 44.75718091747915], [3.531267249083605, 44.752717460908755], [3.531376622437683, 44.75225777093865], [3.528299745644691, 44.74213484930526], [3.505711311931707, 44.71948927754895], [3.500527833684357, 44.70600818308982]]]}",22097,145,19,2,48,91
47317,47260,VERTEUIL-D'AGENAIS,LOT-ET-GARONNE,AQUITAINE,"Commune simple",82.0,2237.0,0.5,"44.4685862849, 0.404058956078","{""type"": ""Polygon"", ""coordinates"": [[[0.42204110385803, 44.43913757849292], [0.401852343528688, 44.44240115384743], [0.388745448981875, 44.440911403145414], [0.394389350093213, 44.445296249210436], [0.381340309162018, 44.45394877576398], [0.368786450838214, 44.45727956335446], [0.374173660835109, 44.46529817154139], [0.367552931839532, 44.473237578625934], [0.383893721643134, 44.484642163090285], [0.392874543953116, 44.486332031641545], [0.398789128726823, 44.49505539892296], [0.406065513045966, 44.498829590472745], [0.416749881660321, 44.49277549260487], [0.425587054181889, 44.49435120219595], [0.433259613209602, 44.4905490021678], [0.427431097853329, 44.47375047691815], [0.433842911341996, 44.46911730374377], [0.43455596458342, 44.462829156374646], [0.42274070435542, 44.45247491772629], [0.42204110385803, 44.43913757849292]]]}",5058,317,08,2,47,72
33142,33620,CUBNEZAIS,GIRONDE,AQUITAINE,"Commune simple",40.0,1033.0,1.3,"45.0728274718, -0.419591338026","{""type"": ""Polygon"", ""coordinates"": [[[-0.408729612794195, 45.05869831620592], [-0.425261539434001, 45.063499241236464], [-0.452144556821506, 45.062254450485504], [-0.450542148695605, 45.06905448894438], [-0.434366181685915, 45.0817123316135], [-0.433517450463915, 45.08860599928882], [-0.414780481779316, 45.08657735139333], [-0.388971030655015, 45.07739799272739], [-0.400533965849252, 45.05984113872323], [-0.408729612794195, 45.05869831620592]]]}",24488,142,44,1,33,72
61213,61320,LALACELLE,ORNE,BASSE-NORMANDIE,"Commune simple",304.0,1340.0,0.3,"48.4693160672, -0.127634893953","{""type"": ""Polygon"", ""coordinates"": [[[-0.108255141566794, 48.44802429116983], [-0.137841511807472, 48.45281849246929], [-0.148946356108672, 48.45879062707796], [-0.14813172594927, 48.47161495840147], [-0.153515920137733, 48.4769460130015], [-0.150169867273977, 48.47895255132161], [-0.155460220330566, 48.49013807928998], [-0.113456857100021, 48.48781681453349], [-0.114467706816186, 48.47450179735283], [-0.096323774704954, 48.463254517647016], [-0.108255141566794, 48.44802429116983]]]}",24940,213,02,1,61,25
79011,79110,ARDILLEUX,DEUX-SEVRES,POITOU-CHARENTES,"Commune simple",107.0,1059.0,0.2,"46.0930299539, -0.0437628037734","{""type"": ""Polygon"", ""coordinates"": [[[-0.050448017170366, 46.067952925315694], [-0.05000635256022, 46.07119096865878], [-0.057712425486117, 46.07448896613021], [-0.062293398393866, 46.086981698102306], [-0.071475350478454, 46.08813024372658], [-0.07065719656057, 46.0913335288293], [-0.058533956684473, 46.097149152641315], [-0.060228308282106, 46.10035666900605], [-0.050647022066808, 46.10813940267074], [-0.038388060355092, 46.113713049584874], [-0.029453157390079, 46.114051049475314], [-0.02810648698433, 46.11101406578727], [-0.01533929041856, 46.10762329421283], [-0.034903468558826, 46.08888936723429], [-0.029724130290223, 46.083278469099135], [-0.036095586328889, 46.074375887982036], [-0.050448017170366, 46.067952925315694]]]}",19159,011,10,2,79,54
71549,71290,"LA TRUCHERE",SAONE-ET-LOIRE,BOURGOGNE,"Commune simple",173.0,515.0,0.2,"46.5167546433, 4.95800393539","{""type"": ""Polygon"", ""coordinates"": [[[4.980215754890272, 46.51520348788384], [4.970472660472891, 46.514209848536055], [4.962767195793522, 46.506749240989805], [4.953710640010103, 46.50411210417035], [4.946786800055211, 46.50711252178619], [4.947349098636037, 46.51372325416832], [4.935598865656449, 46.51422899272893], [4.938794301915245, 46.52300190175022], [4.968156425541369, 46.52594116724919], [4.977586074216008, 46.52399507541433], [4.980215754890272, 46.51520348788384]]]}",26659,549,49,5,71,26
11017,11140,ARTIGUES,AUDE,LANGUEDOC-ROUSSILLON,"Commune simple",721.0,655.0,0.1,"42.7912861146, 2.20717290807","{""type"": ""Polygon"", ""coordinates"": [[[2.202949374137046, 42.771253839550816], [2.204476575993095, 42.7809586818559], [2.186208595794898, 42.796207263760216], [2.200771302368814, 42.804526791241635], [2.218334048146366, 42.808046365614004], [2.220326146866967, 42.801568404667826], [2.216170109391614, 42.79190738518726], [2.220357026113904, 42.78651561662103], [2.217595994858376, 42.776676082503], [2.211982341063585, 42.77207596964114], [2.202949374137046, 42.771253839550816]]]}",26717,017,03,2,11,91
2B301,20246,SAN-GAVINO-DI-TENDA,HAUTE-CORSE,CORSE,"Commune simple",417.0,5056.0,0.1,"42.6530617344, 9.15172283351","{""type"": ""Polygon"", ""coordinates"": [[[9.210229397660896, 42.58594905003098], [9.209453406085471, 42.59457931030892], [9.203420792954814, 42.603713858170686], [9.173419147142425, 42.61963037336424], [9.16973167244229, 42.629420648920394], [9.133524995715836, 42.645890938769874], [9.119068387077327, 42.65976919234108], [9.106990777144848, 42.655636253567096], [9.094337219049015, 42.659280956802874], [9.083478689409906, 42.67799830100631], [9.068011535287386, 42.684721483482996], [9.062211964109538, 42.69392398878891], [9.071430047955204, 42.693346407703004], [9.0745565962453, 42.69600923117089], [9.082794712487006, 42.7046394219569], [9.086233030307955, 42.71458873220266], [9.100417027967229, 42.7156196691875], [9.132704331341152, 42.694770257980366], [9.132642801185971, 42.68178772905955], [9.142453167315194, 42.674108710890835], [9.144183679032363, 42.66735384261797], [9.156302247203318, 42.6618942942216], [9.173163823904837, 42.64047662348903], [9.200928500085492, 42.620884849782776], [9.231958826448665, 42.604142567304756], [9.244891178629562, 42.59951733521343], [9.254446226787335, 42.59948953426897], [9.297476981245318, 42.614048157712965], [9.282415595615017, 42.59657405500966], [9.270206876216431, 42.59111484273095], [9.246579732905492, 42.59250140608565], [9.210229397660896, 42.58594905003098]]]}",2230,301,26,5,2B,94
86153,86320,MAZEROLLES,VIENNE,POITOU-CHARENTES,"Commune simple",119.0,2137.0,0.8,"46.3999686416, 0.663328917773","{""type"": ""Polygon"", ""coordinates"": [[[0.626204574087042, 46.37608454212551], [0.623040345301913, 46.38778405581044], [0.623107071310082, 46.39103759838837], [0.630289286840455, 46.39504273742007], [0.638121831821779, 46.41685296230626], [0.657655221170631, 46.415751066576526], [0.672091865558887, 46.41808235637816], [0.676604362950086, 46.41948053417302], [0.679161919201452, 46.4294869536312], [0.683759374204644, 46.43075142338864], [0.701390097193538, 46.40685705975195], [0.701717376267548, 46.39010792493816], [0.681551194002251, 46.38949268043149], [0.66559707454536, 46.38110463936742], [0.626204574087042, 46.37608454212551]]]}",35934,153,14,2,86,54
39376,39300,MOUTOUX,JURA,FRANCHE-COMTE,"Commune simple",693.0,425.0,0.1,"46.790683672, 5.94357919942","{""type"": ""Polygon"", ""coordinates"": [[[5.961463020859616, 46.77943251585382], [5.918074325106649, 46.79231892669299], [5.915462059629784, 46.79472784827769], [5.922335887541442, 46.79836453175966], [5.930586999358148, 46.79518109180427], [5.944244487470548, 46.79856222593173], [5.962472578973406, 46.79358868296968], [5.961463020859616, 46.77943251585382]]]}",14708,376,06,2,39,43
11329,11260,ROUVENAC,AUDE,LANGUEDOC-ROUSSILLON,"Commune simple",422.0,1274.0,0.2,"42.9338644188, 2.14709009746","{""type"": ""Polygon"", ""coordinates"": [[[2.154565289330248, 42.913345625873994], [2.129962466087923, 42.92298791218415], [2.120943497175815, 42.92137662741745], [2.115667957305077, 42.915847372156534], [2.116498257340698, 42.92480262820387], [2.132398356971018, 42.93685751921528], [2.131731982267962, 42.94703282827903], [2.127559732597184, 42.94850097305362], [2.134035052901857, 42.952672410214504], [2.154611606355858, 42.95552529666142], [2.167877258409765, 42.94491746717854], [2.165643278757763, 42.935969612686016], [2.168850313410928, 42.919725428799474], [2.167218224200398, 42.91663707752801], [2.154565289330248, 42.913345625873994]]]}",21193,329,26,2,11,91
12027,12500,BESSUEJOULS,AVEYRON,MIDI-PYRENEES,"Commune simple",441.0,1131.0,0.2,"44.5198421781, 2.71668578006","{""type"": ""Polygon"", ""coordinates"": [[[2.735620914586458, 44.48874573154458], [2.726033676499827, 44.48967656676678], [2.714307598563876, 44.495696290609175], [2.712838076662368, 44.512625674555125], [2.717916715916977, 44.518490251398376], [2.690432638951374, 44.52154038079619], [2.683599484534371, 44.526130191411376], [2.694330799456844, 44.5359729842943], [2.702161727884007, 44.53315864787312], [2.706231980258018, 44.53460092768341], [2.711700818465804, 44.543185596016976], [2.720027242555755, 44.54200970760397], [2.728257986832991, 44.53448629836245], [2.729947479321113, 44.531231599134884], [2.738842989054707, 44.528993419981745], [2.736638325644212, 44.51869855550825], [2.727111800441739, 44.51122153356712], [2.728193168594418, 44.50088063607052], [2.734319043248874, 44.495494236841786], [2.735620914586458, 44.48874573154458]]]}",33773,027,12,2,12,73
07241,07170,SAINT-GERMAIN,ARDECHE,RHONE-ALPES,"Commune simple",241.0,975.0,0.6,"44.5531057942, 4.44825609237","{""type"": ""Polygon"", ""coordinates"": [[[4.467754302649305, 44.536190940946696], [4.459151557220728, 44.53405403560874], [4.448619262447205, 44.5400902578506], [4.439513634896998, 44.53994825853297], [4.427146636266147, 44.55421779252132], [4.42202521669327, 44.57085995762771], [4.42609573723713, 44.57692112604831], [4.435050545675888, 44.56594643941748], [4.458334660010636, 44.560428165345066], [4.471618843869961, 44.56420467525893], [4.474277874609593, 44.559442133047014], [4.470591746294354, 44.5576544789224], [4.467754302649305, 44.536190940946696]]]}",29987,241,29,1,07,82
74229,74140,SAINT-CERGUES,HAUTE-SAVOIE,RHONE-ALPES,"Commune simple",732.0,1250.0,3.1,"46.2308494715, 6.32552147286","{""type"": ""Polygon"", ""coordinates"": [[[6.352943172510649, 46.21620030539105], [6.33305304913794, 46.21600108131954], [6.324503095514598, 46.2124660537854], [6.304104229746505, 46.22188423739862], [6.294471010543311, 46.224930664272584], [6.30915383977363, 46.24249368087158], [6.308533911392031, 46.255021352517495], [6.335081412031503, 46.24505309660158], [6.347238500770497, 46.233970632878915], [6.354717355759726, 46.229694427910104], [6.352943172510649, 46.21620030539105]]]}",30610,229,05,3,74,82
71332,71290,ORMES,SAONE-ET-LOIRE,BOURGOGNE,"Commune simple",188.0,978.0,0.5,"46.6333104747, 4.96657248032","{""type"": ""Polygon"", ""coordinates"": [[[4.990911575386155, 46.63512928368886], [4.974440606311682, 46.61905733123578], [4.952650640576261, 46.61108121283704], [4.942987326055288, 46.612785718443945], [4.946117193646399, 46.620992045792306], [4.955722510658434, 46.632906946638094], [4.954494059017664, 46.653662041373664], [4.961512135788085, 46.65421771142231], [4.971622657091948, 46.65527825275336], [4.975637532198506, 46.65309248417137], [4.990911575386155, 46.63512928368886]]]}",20025,332,16,4,71,26
77256,77650,LIZINES,SEINE-ET-MARNE,ILE-DE-FRANCE,"Commune simple",135.0,579.0,0.2,"48.5280718067, 3.16532874131","{""type"": ""Polygon"", ""coordinates"": [[[3.184730279053719, 48.51957312338339], [3.135020970562364, 48.52515439239098], [3.138278544435336, 48.53820341470372], [3.16168076682003, 48.532038839627035], [3.186885064501813, 48.53525833649056], [3.194638513103303, 48.52579138855826], [3.195617377376578, 48.52317201281938], [3.184730279053719, 48.51957312338339]]]}",34950,256,10,3,77,11
10176,10200,JAUCOURT,AUBE,CHAMPAGNE-ARDENNE,"Commune simple",218.0,660.0,0.2,"48.2539202754, 4.64112952114","{""type"": ""Polygon"", ""coordinates"": [[[4.654836519824188, 48.24003205265993], [4.631055597531421, 48.24562737327611], [4.622665730602499, 48.247956727028836], [4.618534144007101, 48.256022904558456], [4.619151378583394, 48.256374431093334], [4.629676643845073, 48.26771310266135], [4.654020128931867, 48.26426129751776], [4.652350767930999, 48.26131480556566], [4.664642537641675, 48.24850699834326], [4.654836519824188, 48.24003205265993]]]}",34104,176,03,1,10,21
50589,50170,TANIS,MANCHE,BASSE-NORMANDIE,"Commune simple",27.0,747.0,0.3,"48.5847136068, -1.44326167489","{""type"": ""Polygon"", ""coordinates"": [[[-1.442214709509064, 48.56498998778658], [-1.467065360440598, 48.575437903910554], [-1.463375751884505, 48.58184728226276], [-1.452449130650788, 48.588284449068865], [-1.453720459449821, 48.595084116483385], [-1.43188339841356, 48.60602650626983], [-1.431078210553304, 48.599407601663785], [-1.419616485232359, 48.58464432255025], [-1.433787455732709, 48.58056693516733], [-1.442214709509064, 48.56498998778658]]]}",18202,589,29,1,50,25
77461,77520,THENISY,SEINE-ET-MARNE,ILE-DE-FRANCE,"Commune simple",86.0,539.0,0.3,"48.4916945564, 3.17799318925","{""type"": ""Polygon"", ""coordinates"": [[[3.157184171918105, 48.47787156716638], [3.162476515860483, 48.482857265925404], [3.161508435480842, 48.49807082682062], [3.163353323020386, 48.49936372065442], [3.172122996305613, 48.502967703564806], [3.187279986801789, 48.5017123390392], [3.190180711649275, 48.49904493337337], [3.199804078067697, 48.49884922072436], [3.200685834599002, 48.492271675470576], [3.181729080337964, 48.481920766732564], [3.157184171918105, 48.47787156716638]]]}",11295,461,10,3,77,11
31024,31190,AURAGNE,HAUTE-GARONNE,MIDI-PYRENEES,"Commune simple",224.0,1374.0,0.4,"43.3912857783, 1.50909342818","{""type"": ""Polygon"", ""coordinates"": [[[1.519235126904595, 43.37165258826704], [1.493375871758662, 43.38087837772368], [1.484059153443931, 43.39317442402002], [1.475745514305605, 43.39680086144771], [1.479695111018272, 43.4098495568536], [1.483694519603691, 43.41170524360999], [1.496339080176694, 43.407238550994656], [1.510038163675988, 43.40677104478221], [1.524209298795017, 43.39943381880546], [1.538722399945788, 43.39160456310886], [1.543732324081386, 43.375970961979256], [1.525406774185304, 43.376289708157096], [1.519235126904595, 43.37165258826704]]]}",36179,024,24,3,31,73
39275,39310,LAMOURA,JURA,FRANCHE-COMTE,"Commune simple",1221.0,2233.0,0.5,"46.4081181986, 5.98341720791","{""type"": ""Polygon"", ""coordinates"": [[[5.95463840590695, 46.38148141369047], [5.934520950121861, 46.4027889131324], [5.964644936415597, 46.420230286949476], [5.967327735668572, 46.42619791326514], [5.981089515846484, 46.42191950678324], [5.995806005875526, 46.42367879123776], [6.012837868629583, 46.44045076677239], [6.013577282654361, 46.426698249731565], [6.020021438752091, 46.42140054955862], [6.048208380676265, 46.43543873428931], [6.056903493905853, 46.435233253431676], [6.006684548865308, 46.40519019629339], [5.991578470754083, 46.39100731896752], [5.969333243008418, 46.382343273028795], [5.95463840590695, 46.38148141369047]]]}",13210,275,26,3,39,43
01186,01110,HOSTIAZ,AIN,RHONE-ALPES,"Commune simple",900.0,1025.0,0.1,"45.9061631889, 5.54077986031","{""type"": ""Polygon"", ""coordinates"": [[[5.546614316157495, 45.88405756918775], [5.534005016803309, 45.89432356631734], [5.518383757120203, 45.90232171709103], [5.517095024191145, 45.91253115418855], [5.518778351488051, 45.91575511587541], [5.528147299067561, 45.91711372109766], [5.534562490569423, 45.92608781340021], [5.550549108781091, 45.922259752969836], [5.5544779150335, 45.917062620849315], [5.562614948107591, 45.90134585963284], [5.559440611278045, 45.89885001183496], [5.561493968143438, 45.8958303177326], [5.546614316157495, 45.88405756918775]]]}",17153,186,28,1,01,82
01031,01100,BELLIGNAT,AIN,RHONE-ALPES,"Commune simple",662.0,779.0,3.5,"46.2373497134, 5.6360052884","{""type"": ""Polygon"", ""coordinates"": [[[5.645385000244714, 46.21986936540783], [5.613412106563581, 46.236952333351844], [5.613541107877186, 46.24047217767908], [5.619272089431287, 46.249800611906515], [5.629870699110522, 46.256854059221084], [5.634214198538097, 46.25831228961319], [5.640036057563533, 46.24543747460234], [5.661120312907494, 46.231161073269384], [5.658422174211911, 46.22452078905908], [5.645385000244714, 46.21986936540783]]]}",12687,031,41,4,01,82
2B079,20235,CASTELLO-DI-ROSTINO,HAUTE-CORSE,CORSE,"Commune simple",463.0,1248.0,0.4,"42.471301177, 9.29768308268","{""type"": ""Polygon"", ""coordinates"": [[[9.325430143913827, 42.44623858981662], [9.308135210599893, 42.44810408573638], [9.287473948798834, 42.4702656356643], [9.273977252172873, 42.47071040435209], [9.26181777171887, 42.475556416486455], [9.284708188800176, 42.50010614567639], [9.298586398831514, 42.49511986335082], [9.290508977091083, 42.49174677955503], [9.289611420362023, 42.48828287938061], [9.318156760224289, 42.46970206772361], [9.331235215459266, 42.455190616017376], [9.325430143913827, 42.44623858981662]]]}",35917,079,25,3,2B,94
37123,37130,LANGEAIS,INDRE-ET-LOIRE,CENTRE,"Chef-lieu canton",83.0,6034.0,4.0,"47.3498571755, 0.367495526989","{""type"": ""Polygon"", ""coordinates"": [[[0.36826633784327, 47.30210701673128], [0.328936392690493, 47.34207522970845], [0.32448556857519, 47.343900353163185], [0.311597879193149, 47.33847746943327], [0.30596179955199, 47.34358019146895], [0.301815968377326, 47.35908486165681], [0.303358577350698, 47.36953324241292], [0.313069887319184, 47.385818274321984], [0.327510307143189, 47.38906055525299], [0.341911935103783, 47.38509438345536], [0.362299137802266, 47.38556787388296], [0.372857500939734, 47.39311172552663], [0.380249799957043, 47.38081284841204], [0.392736169613326, 47.375743490716545], [0.393637787311783, 47.369197594653265], [0.418074671350056, 47.368320099523494], [0.414822730789605, 47.36179879328525], [0.421695159678382, 47.349269683736544], [0.432336619990079, 47.34208367033026], [0.441804600426696, 47.32304466378533], [0.405876952041444, 47.31927499083275], [0.391954935915934, 47.31465755792826], [0.36826633784327, 47.30210701673128]]]}",446,123,11,1,37,24
21389,21500,MARMAGNE,COTE-D'OR,BOURGOGNE,"Commune simple",295.0,1291.0,0.2,"47.6397063583, 4.38235676513","{""type"": ""Polygon"", ""coordinates"": [[[4.38469382420812, 47.614850873002645], [4.364837908894583, 47.61465253248416], [4.356423528701474, 47.618315535243944], [4.361623666041882, 47.62382749935144], [4.36566965562578, 47.64404453505844], [4.389540478640857, 47.669599624751704], [4.398146021857259, 47.66690436038085], [4.397833298797527, 47.66005737312443], [4.405859682464138, 47.65618912638536], [4.401190999668279, 47.6433088343733], [4.403858007832266, 47.640378049560645], [4.391548515419687, 47.63010055575772], [4.38469382420812, 47.614850873002645]]]}",1904,389,21,3,21,26
03214,03240,ROCLES,ALLIER,AUVERGNE,"Commune simple",402.0,2158.0,0.4,"46.4445146062, 3.03677199137","{""type"": ""Polygon"", ""coordinates"": [[[3.04950680543071, 46.40900714726207], [3.027510694537369, 46.416992662231294], [3.014560032045435, 46.431888667215475], [2.994165446287489, 46.433033029958395], [2.991091425396812, 46.435860273716365], [2.995936397414717, 46.436427838070024], [3.00174556321114, 46.44574764128428], [3.009484043592314, 46.44969126466746], [3.025094645236594, 46.45755889362445], [3.02694947285897, 46.46697723547926], [3.053554862635852, 46.474891862774605], [3.057876497618948, 46.46970313973946], [3.069812660976442, 46.46857990759965], [3.065835455499499, 46.466565248874076], [3.071040527567072, 46.460763197639196], [3.062335608921601, 46.44869315280972], [3.065102602414715, 46.442136274521864], [3.045877250867999, 46.42738708470408], [3.050344751924892, 46.41422045853753], [3.046725042445347, 46.41374475243574], [3.04950680543071, 46.40900714726207]]]}",1961,214,19,2,03,83
18256,18260,SUBLIGNY,CHER,CENTRE,"Commune simple",260.0,1764.0,0.4,"47.3955907367, 2.7523718933","{""type"": ""Polygon"", ""coordinates"": [[[2.732382721034031, 47.372579641179364], [2.724467462000158, 47.381095194030436], [2.721884910351358, 47.413946625707496], [2.761057365798191, 47.4117111662885], [2.773526456625352, 47.41718231502327], [2.786384510774556, 47.402245302806655], [2.782388627785902, 47.390391183502715], [2.777702092390054, 47.38891497780383], [2.770069032204789, 47.376027103267056], [2.755889165822241, 47.37303648154523], [2.736325774653005, 47.38187887346096], [2.732382721034031, 47.372579641179364]]]}",34578,256,28,1,18,24
42173,42260,POMMIERS,LOIRE,RHONE-ALPES,"Commune simple",353.0,2409.0,0.4,"45.8312779492, 4.07654195266","{""type"": ""Polygon"", ""coordinates"": [[[4.106848480420204, 45.81399201276092], [4.094120231440812, 45.81054077415316], [4.090286665550314, 45.80487720988082], [4.082028634917104, 45.80269621675621], [4.073761055615984, 45.805287756890856], [4.074439913403919, 45.811720401553224], [4.0524331543878, 45.81250403671621], [4.047884315528806, 45.82592881717765], [4.038266338110844, 45.833015067936444], [4.039298403930283, 45.843353119392496], [4.045444540889719, 45.84878088609278], [4.058295696713141, 45.85700054745546], [4.061472151947535, 45.8626623778414], [4.073587083366159, 45.851975187544625], [4.092622056500864, 45.85197283893781], [4.097485344485758, 45.8424876421229], [4.11499488356568, 45.836021122344164], [4.119326025890797, 45.829773278829165], [4.106848480420204, 45.81399201276092]]]}",3618,173,26,2,42,82
49108,49440,"LA CORNUAILLE",MAINE-ET-LOIRE,"PAYS DE LA LOIRE","Commune simple",60.0,4432.0,1.0,"47.5247468295, -0.995630411608","{""type"": ""Polygon"", ""coordinates"": [[[-0.965479842177628, 47.49179599183094], [-1.011518126743893, 47.48984894722422], [-1.025774650631388, 47.50010963993843], [-1.044457500608429, 47.50550106908368], [-1.038734815343258, 47.53222586493663], [-1.03977782308702, 47.54883710607214], [-1.021988056646449, 47.551435348935854], [-1.007648242028041, 47.558157332450506], [-0.997583957057463, 47.55960253319691], [-0.988796034527026, 47.55603709984747], [-0.963102202248615, 47.554092645737285], [-0.943528042761738, 47.5558471429985], [-0.943872193325265, 47.54554309094459], [-0.965493866456936, 47.52641414310362], [-0.966560987334899, 47.523043051246844], [-0.958492326901863, 47.51883817494331], [-0.953066890583762, 47.50934267398367], [-0.95728660196148, 47.49590531520024], [-0.965479842177628, 47.49179599183094]]]}",2027,108,18,1,49,52
71198,71580,FLACEY-EN-BRESSE,SAONE-ET-LOIRE,BOURGOGNE,"Commune simple",202.0,1366.0,0.4,"46.5949707867, 5.38150826754","{""type"": ""Polygon"", ""coordinates"": [[[5.343522616102935, 46.57154643987857], [5.351690996717218, 46.57497325208362], [5.350592161273503, 46.57826585741306], [5.356364082850365, 46.58364230679738], [5.358209228784956, 46.60361188493712], [5.362550033759642, 46.60966612203121], [5.370929830525147, 46.61238466553761], [5.398592775315625, 46.612718618378196], [5.411763337411116, 46.598415808482144], [5.40569074401114, 46.58167055755078], [5.37553572791176, 46.580156225377515], [5.362123826198967, 46.57727179064707], [5.343522616102935, 46.57154643987857]]]}",2159,198,15,4,71,26
55514,55000,TREMONT-SUR-SAULX,MEUSE,LORRAINE,"Commune simple",213.0,1192.0,0.7,"48.7435666584, 5.06993719945","{""type"": ""Polygon"", ""coordinates"": [[[5.06108613886939, 48.72407817087355], [5.057210385735996, 48.729255517063436], [5.044294479482716, 48.73075508491229], [5.044308777212332, 48.747102675029026], [5.059104315101492, 48.75935433908877], [5.077621539216622, 48.76302828081033], [5.087454297066986, 48.76013967116354], [5.094946472870937, 48.75117322732476], [5.092502463154701, 48.734328211301154], [5.084511614386276, 48.72870975660885], [5.06108613886939, 48.72407817087355]]]}",2217,514,29,1,55,41
62119,62400,BETHUNE,PAS-DE-CALAIS,NORD-PAS-DE-CALAIS,Sous-préfecture,25.0,950.0,25.8,"50.5288922584, 2.64242379342","{""type"": ""Polygon"", ""coordinates"": [[[2.649804966956514, 50.50989130566214], [2.637143134506092, 50.51483650100447], [2.627697587609441, 50.5128786390282], [2.617155222514556, 50.52197497966669], [2.615944488828941, 50.52196225556687], [2.623005131124605, 50.52668726761222], [2.62949475042888, 50.54220782538095], [2.645056334186057, 50.55053776849631], [2.651949872645216, 50.541698497067166], [2.671720337631666, 50.53810836899474], [2.660279916088032, 50.53248570509804], [2.658889599562631, 50.51737565494193], [2.649804966956514, 50.50989130566214]]]}",29455,119,92,2,62,31
58219,58360,PREPORCHE,NIEVRE,BOURGOGNE,"Commune simple",332.0,2970.0,0.2,"46.9362843762, 3.86451394261","{""type"": ""Polygon"", ""coordinates"": [[[3.904836839002201, 46.913472416941204], [3.900273995550237, 46.919595002840055], [3.895154377534547, 46.91993202287448], [3.846942278303966, 46.913489301943706], [3.826176026850206, 46.92261716705028], [3.811416708094039, 46.92256895798184], [3.799487945937621, 46.92908122644026], [3.811567185118595, 46.9352276163519], [3.835637472411158, 46.9361721465185], [3.831327419448486, 46.95594917655395], [3.84718647695315, 46.96936679642738], [3.86131387154952, 46.96692112621047], [3.886031137308793, 46.94061303730028], [3.915258054999889, 46.94616537587225], [3.919574015114502, 46.952550989982704], [3.922420295801176, 46.94981800897166], [3.916965411793951, 46.92356932098504], [3.904836839002201, 46.913472416941204]]]}",29703,219,15,1,58,26
53197,53390,SAINT-AIGNAN-SUR-ROE,MAYENNE,"PAYS DE LA LOIRE","Chef-lieu canton",96.0,1816.0,0.9,"47.8498132435, -1.14052509792","{""type"": ""Polygon"", ""coordinates"": [[[-1.094406208641525, 47.829888667411986], [-1.106412130784433, 47.82435853748129], [-1.131163925475695, 47.82876050877648], [-1.148935054363893, 47.837811875642025], [-1.153248962999878, 47.83956968731651], [-1.153015931937173, 47.85302446105308], [-1.160380415186353, 47.85746776134886], [-1.194439754489385, 47.85329779703335], [-1.203022811757395, 47.85684774373157], [-1.189176077648292, 47.86770785440826], [-1.165522146569802, 47.870262999236985], [-1.124572106029224, 47.86383407924525], [-1.107078655672332, 47.850984187261254], [-1.104366913230916, 47.8413641149408], [-1.094406208641525, 47.829888667411986]]]}",244,197,25,1,53,52
77354,77830,PAMFOU,SEINE-ET-MARNE,ILE-DE-FRANCE,"Commune simple",115.0,1039.0,0.9,"48.4686137503, 2.86415645196","{""type"": ""Polygon"", ""coordinates"": [[[2.85980342535752, 48.45000466445213], [2.84688875415475, 48.45459479738943], [2.846910815785703, 48.460946164304296], [2.839822407799942, 48.465605836813324], [2.842512263775631, 48.47532526887084], [2.832666379420955, 48.48259863275879], [2.8402764570502, 48.48088186608046], [2.843660509012996, 48.4850155577998], [2.883551356935658, 48.4800955448939], [2.889286463445961, 48.47466739426001], [2.894400882898483, 48.47457309506139], [2.89106611513354, 48.46464734150592], [2.873034998742788, 48.45323122262757], [2.85980342535752, 48.45000466445213]]]}",35406,354,05,2,77,11
81167,81250,MIOLLES,TARN,MIDI-PYRENEES,"Commune simple",623.0,1211.0,0.1,"43.8782226811, 2.55075875276","{""type"": ""Polygon"", ""coordinates"": [[[2.564387474093772, 43.85097015339151], [2.553902886376036, 43.857524258888645], [2.544922644358764, 43.85917904716479], [2.53766154170174, 43.8711896480989], [2.529940366699838, 43.87372149540238], [2.527262644032118, 43.88911697280916], [2.537541526212213, 43.899843406116766], [2.551007086883831, 43.90158251275812], [2.552006697207114, 43.891570167533196], [2.576271380135483, 43.88175864813642], [2.579970392125096, 43.87618431977147], [2.564158255492317, 43.86634902629654], [2.563610006602651, 43.863215070416274], [2.564387474093772, 43.85097015339151]]]}",477,167,01,1,81,73
01092,01320,CHATILLON-LA-PALUD,AIN,RHONE-ALPES,"Commune simple",284.0,1408.0,1.5,"45.9748017433, 5.2416027725","{""type"": ""Polygon"", ""coordinates"": [[[5.226800070844331, 45.95458151256732], [5.217762466616542, 45.96203781830905], [5.215159728739416, 45.98467301794841], [5.219621505860628, 45.985720720092836], [5.217315061347804, 45.99198175216694], [5.221404754661132, 45.997883246643745], [5.231947292739696, 45.99107274965305], [5.246366440053709, 45.990652537124916], [5.268178493097915, 45.98365950120419], [5.278508671732453, 45.97629021622424], [5.261034454593219, 45.965154531577234], [5.257926233789761, 45.95551429921958], [5.248536077318921, 45.95424185163202], [5.244323153584026, 45.9595684578513], [5.23563631832236, 45.960992554641685], [5.226800070844331, 45.95458151256732]]]}",34559,092,08,2,01,82
67375,67370,PFULGRIESHEIM,BAS-RHIN,ALSACE,"Commune simple",163.0,479.0,1.3,"48.6443318607, 7.6650628557","{""type"": ""Polygon"", ""coordinates"": [[[7.636584619435705, 48.637607249418735], [7.636613123026327, 48.64099406095539], [7.648678881424046, 48.64855170539115], [7.668980742678294, 48.65372206985107], [7.696153485467786, 48.64252507998721], [7.696744239771816, 48.64047433305103], [7.636584619435705, 48.637607249418735]]]}",29311,375,31,6,67,42
38363,38270,SAINT-BARTHELEMY,ISERE,RHONE-ALPES,"Commune simple",290.0,767.0,1.0,"45.3413935073, 5.08049664145","{""type"": ""Polygon"", ""coordinates"": [[[5.078530815506121, 45.3222646131497], [5.063898733112227, 45.34294645563784], [5.063242341154466, 45.35625367971884], [5.069508333298161, 45.361218314286205], [5.091492549429586, 45.34951430179913], [5.094645365482354, 45.347410627765235], [5.101149417117607, 45.33121912896424], [5.092690595658877, 45.32769350416304], [5.078530815506121, 45.3222646131497]]]}",29431,363,02,3,38,82
23025,23220,BONNAT,CREUSE,LIMOUSIN,"Chef-lieu canton",355.0,4554.0,1.3,"46.3230193342, 1.91345063136","{""type"": ""Polygon"", ""coordinates"": [[[1.952331841746855, 46.28624701865867], [1.928627446509681, 46.297427568698154], [1.91711767123264, 46.29143807772808], [1.909058485949011, 46.29558480547413], [1.884033948265582, 46.29630599342369], [1.868213982172825, 46.304246009642284], [1.868208184242283, 46.31018068696814], [1.855501238438076, 46.31750145519203], [1.86309469287432, 46.326114833417215], [1.860063193834931, 46.33247857038223], [1.865159381793594, 46.34188628304297], [1.873130597946485, 46.34376647614141], [1.874488098210286, 46.3523622357635], [1.879234841615926, 46.353012364966595], [1.880860374028338, 46.34349139620196], [1.885581760297638, 46.34279918523393], [1.897521861866749, 46.348453704860134], [1.90561369859148, 46.35675373441296], [1.91485545977765, 46.35836398655671], [1.938486654641562, 46.35246265442724], [1.958031087708262, 46.342376669663864], [1.961953784958103, 46.31246016136622], [1.952331841746855, 46.28624701865867]]]}",3586,025,06,2,23,74
91075,91150,BOIS-HERPIN,ESSONNE,ILE-DE-FRANCE,"Commune simple",125.0,396.0,0.1,"48.3717921411, 2.24398863454","{""type"": ""Polygon"", ""coordinates"": [[[2.235956999981969, 48.36093322605408], [2.229800691687992, 48.360920359475934], [2.232021342745219, 48.36602723601887], [2.223823914786962, 48.36612677860183], [2.222069765594975, 48.36878746412395], [2.2420959600621, 48.37808538781499], [2.247554295883846, 48.387378218548186], [2.251987030899684, 48.387226329222635], [2.258715758940394, 48.37272021529421], [2.253743039024307, 48.36152343845663], [2.237076375150102, 48.36381057287802], [2.235956999981969, 48.36093322605408]]]}",34864,075,17,1,91,11
74128,74250,FILLINGES,HAUTE-SAVOIE,RHONE-ALPES,"Commune simple",677.0,1166.0,3.1,"46.1661884948, 6.35020094115","{""type"": ""Polygon"", ""coordinates"": [[[6.339166813715358, 46.146963079153636], [6.331130867589651, 46.150227460172864], [6.317430084753683, 46.14840240866042], [6.316569506032319, 46.161405999372974], [6.343039742045436, 46.16731749420545], [6.349710698510341, 46.18987866868896], [6.350000752015578, 46.19292550780692], [6.376651489560612, 46.17891449785665], [6.374996521053954, 46.16573246836045], [6.368000610159688, 46.15700820067344], [6.369873861427367, 46.15393324847376], [6.355288526456305, 46.15486087162994], [6.339166813715358, 46.146963079153636]]]}",2267,128,16,3,74,82
65262,65700,LARREULE,HAUTES-PYRENEES,MIDI-PYRENEES,"Commune simple",198.0,1021.0,0.4,"43.4410472948, 0.0162059547746","{""type"": ""Polygon"", ""coordinates"": [[[0.009655310320461, 43.422201547264585], [-0.004794171735961, 43.43162385503487], [-0.002482528185167, 43.44508459728141], [0.007535370570817, 43.455832472676185], [0.013442608327807, 43.460596095001385], [0.026761670745107, 43.45782031112235], [0.040588750909436, 43.4403459295509], [0.026434711111288, 43.429253759717184], [0.021449345519887, 43.42438121393305], [0.009655310320461, 43.422201547264585]]]}",29342,262,14,3,65,73
35239,35240,RETIERS,ILLE-ET-VILAINE,BRETAGNE,"Chef-lieu canton",80.0,4210.0,3.7,"47.9060282888, -1.34373706233","{""type"": ""Polygon"", ""coordinates"": [[[-1.319948848906076, 47.87151547866896], [-1.327397023412083, 47.87627925499677], [-1.352835512924993, 47.8790151266501], [-1.362620483388126, 47.877110162527885], [-1.364003270464782, 47.88040272704787], [-1.383884813764725, 47.88313136361479], [-1.390472774328459, 47.88825703599261], [-1.409394029868641, 47.893081595020874], [-1.391528315382695, 47.91460930510854], [-1.373591029977414, 47.921786927401826], [-1.367294184520362, 47.93129611629181], [-1.341794048929192, 47.931728391925375], [-1.322583009363279, 47.94728174680072], [-1.308603201324382, 47.945452240647036], [-1.302358898502533, 47.94057997445652], [-1.313367268271621, 47.92206904512209], [-1.307530917020431, 47.917073917591814], [-1.297984135334949, 47.917892641045235], [-1.29789001649802, 47.90796383000215], [-1.294199825526874, 47.9057645974189], [-1.293992286503525, 47.8970746711118], [-1.300741272369759, 47.89386212514696], [-1.307572226689973, 47.87928957590489], [-1.319948848906076, 47.87151547866896]]]}",3750,239,33,1,35,53
70283,70440,HAUT-DU-THEM-CHATEAU-LAMBERT,HAUTE-SAONE,FRANCHE-COMTE,"Commune simple",713.0,2526.0,0.5,"47.8372151662, 6.74620306195","{""type"": ""Polygon"", ""coordinates"": [[[6.718538483672791, 47.81447875238726], [6.69796796405761, 47.82893317161657], [6.715385694561877, 47.84974479245537], [6.73524659442016, 47.86492610598606], [6.737293537590102, 47.86547355754862], [6.738163767223309, 47.86204906691376], [6.784952258300514, 47.8495734949443], [6.79221582687534, 47.84106723776199], [6.788986971838719, 47.83482837451499], [6.791946102445621, 47.830164382232255], [6.791517837346354, 47.82360062430713], [6.777155109455435, 47.82030721864123], [6.757127930173038, 47.82125755106582], [6.718538483672791, 47.81447875238726]]]}",8305,283,16,1,70,43
82177,82110,SAUVETERRE,TARN-ET-GARONNE,MIDI-PYRENEES,"Commune simple",203.0,1742.0,0.2,"44.2678274881, 1.2726165468","{""type"": ""Polygon"", ""coordinates"": [[[1.266822679705999, 44.25154718716398], [1.250592909520293, 44.24003576880051], [1.23605397670618, 44.253299218333254], [1.249449290038144, 44.25518813334845], [1.241695277929646, 44.263266377248755], [1.244190273620812, 44.266043315540365], [1.250491451546724, 44.269736192458375], [1.255351307410597, 44.285686524510545], [1.258367059714227, 44.28298830068893], [1.272715570566732, 44.282638530362874], [1.282704387430839, 44.29008782757223], [1.29999238188564, 44.295011326222195], [1.304003247547257, 44.29419094995244], [1.296405659944935, 44.27461719656078], [1.302968761214863, 44.2629964819579], [1.284392573202631, 44.25251626410155], [1.266822679705999, 44.25154718716398]]]}",3990,177,09,1,82,73
64506,64490,SARRANCE,PYRENEES-ATLANTIQUES,AQUITAINE,"Commune simple",980.0,4682.0,0.2,"43.0446957599, -0.575631142614","{""type"": ""Polygon"", ""coordinates"": [[[-0.565273480217328, 43.01289560011568], [-0.567019216929758, 43.016141713026485], [-0.604201539152466, 43.02966682157013], [-0.607049107265574, 43.03518929433396], [-0.618867833605043, 43.035773671398616], [-0.648232533064255, 43.04483850213655], [-0.637378317292613, 43.055145773595534], [-0.64104782852403, 43.06117103525348], [-0.636958618840575, 43.07015075932967], [-0.606371124938592, 43.07158516601691], [-0.57337749102658, 43.069471452225436], [-0.560135330924979, 43.060222949082394], [-0.537682924134506, 43.05566965995543], [-0.523624168078996, 43.05584284684017], [-0.502096313324368, 43.044779099812104], [-0.509341224074294, 43.034099957088664], [-0.517389050971067, 43.031631456213354], [-0.529998462233923, 43.01784946615575], [-0.562474263465407, 43.01565318186429], [-0.565273480217328, 43.01289560011568]]]}",2402,506,01,2,64,72
81096,81430,"LE FRAYSSE",TARN,MIDI-PYRENEES,"Commune simple",476.0,2962.0,0.4,"43.9068214611, 2.41660067701","{""type"": ""Polygon"", ""coordinates"": [[[2.43935808728871, 43.88031342101533], [2.411636514652835, 43.89124598029176], [2.397625996955478, 43.89341948369558], [2.366939400131864, 43.88531722331727], [2.352690801114904, 43.884315712259024], [2.354124456093257, 43.89507875533433], [2.362004198262156, 43.89825695999211], [2.371415721899952, 43.896916595413096], [2.393244189864457, 43.927495093160466], [2.421581870458914, 43.9303397298227], [2.444602417792567, 43.925734305574736], [2.453006759536623, 43.92710866900439], [2.466698668601599, 43.91837464782262], [2.465855262704286, 43.90472706026354], [2.456014265581546, 43.897685796006314], [2.443096978628543, 43.893705865216006], [2.43935808728871, 43.88031342101533]]]}",4187,096,36,1,81,73
17052,17150,BOISREDON,CHARENTE-MARITIME,POITOU-CHARENTES,"Commune simple",56.0,2190.0,0.7,"45.3174383056, -0.543849481314","{""type"": ""Polygon"", ""coordinates"": [[[-0.513430040465009, 45.286384907518865], [-0.534877640980024, 45.292369637224944], [-0.548704230136651, 45.29312137483201], [-0.555443260088799, 45.29666589060991], [-0.567662419893807, 45.297421366161714], [-0.57386675726279, 45.310716600339916], [-0.568966602587361, 45.33152329724629], [-0.55276647270815, 45.344793134582616], [-0.551165226839213, 45.35174835948541], [-0.526690303235105, 45.34074172304796], [-0.523861824749371, 45.33078989349205], [-0.514050854595443, 45.3304315072478], [-0.522214824124297, 45.321927516946886], [-0.518016339249825, 45.312099888514815], [-0.521179600767479, 45.305763095018264], [-0.513430040465009, 45.286384907518865]]]}",5824,052,16,1,17,54
33097,33121,CARCANS,GIRONDE,AQUITAINE,"Commune simple",21.0,20137.0,2.2,"45.0847969006, -1.04933512467","{""type"": ""Polygon"", ""coordinates"": [[[-0.998321652865217, 45.031598231170825], [-1.028228249237114, 45.03358475105119], [-1.053883182128773, 45.02318648346133], [-1.078768757954931, 45.022934964829105], [-1.109969051883298, 45.04582333556909], [-1.194341287450652, 45.068354417625066], [-1.18711516645484, 45.12850604026705], [-1.081589832461765, 45.12852570155582], [-1.067102366822065, 45.126170215480165], [-1.04596585806052, 45.11657132801075], [-0.997610488051307, 45.126088049431715], [-0.9767330485884, 45.135507857210385], [-0.951779731448993, 45.13549376527389], [-0.927450205721097, 45.113193619189076], [-0.899622114400983, 45.098106291254076], [-0.886530132867356, 45.087385367553864], [-0.90061424931149, 45.064544999672066], [-0.911723509798337, 45.05733089565814], [-0.94354444998693, 45.06649438702048], [-0.958251582286377, 45.065611855632405], [-0.9896668571607, 45.04412470647529], [-0.998321652865217, 45.031598231170825]]]}",25205,097,42,4,33,72
01038,01370,BENY,AIN,RHONE-ALPES,"Commune simple",227.0,1827.0,0.7,"46.3188629218, 5.28253433405","{""type"": ""Polygon"", ""coordinates"": [[[5.30751282733746, 46.31490748860254], [5.300683666151407, 46.30585687256831], [5.267153041521329, 46.29157513725997], [5.247479512599761, 46.294136138071835], [5.245573178214175, 46.30088499766532], [5.249985851248482, 46.307049743896776], [5.268488620729624, 46.31815052802472], [5.270229776718997, 46.33190777944182], [5.278226941715382, 46.3474949704848], [5.307621982201641, 46.34492181818058], [5.311290418777033, 46.33169498267191], [5.30751282733746, 46.31490748860254]]]}",5952,038,11,2,01,82
53002,53240,ALEXAIN,MAYENNE,"PAYS DE LA LOIRE","Commune simple",117.0,1642.0,0.5,"48.2320714529, -0.735727853569","{""type"": ""MultiPolygon"", ""coordinates"": [[[[-0.76376947513838, 48.21550393719458], [-0.772903243090722, 48.21769863136219], [-0.778571094375916, 48.22305735362482], [-0.778410491791741, 48.23624125537839], [-0.791818211075104, 48.249801032641486], [-0.782341094182475, 48.251744274278195], [-0.775292270609188, 48.246736141072326], [-0.768569249113446, 48.2340064268992], [-0.759724517494002, 48.236468234528836], [-0.751676562807104, 48.245209515544225], [-0.731874735535855, 48.24590879529442], [-0.735297838565383, 48.23617134018299], [-0.753901768273295, 48.216619817313024], [-0.76376947513838, 48.21550393719458]]], [[[-0.707393416751759, 48.21153174296598], [-0.708038874413426, 48.21496144417316], [-0.727707735791765, 48.21883696324362], [-0.733718418864047, 48.22815030781915], [-0.731042078853667, 48.231099370815585], [-0.716487115621451, 48.23347693870122], [-0.720123649770884, 48.24278447209642], [-0.717533486924493, 48.24927042304684], [-0.713559422314789, 48.25144012292845], [-0.704323029789812, 48.24917194592632], [-0.696665081831409, 48.244592805739224], [-0.68813941666062, 48.23241093070564], [-0.69646054574117, 48.22860179185059], [-0.699129984194506, 48.21553816797508], [-0.707393416751759, 48.21153174296598]]]]}",3954,002,21,3,53,52
42163,42310,"LA PACAUDIERE",LOIRE,RHONE-ALPES,"Chef-lieu canton",333.0,2081.0,1.1,"46.1848662423, 3.88005761466","{""type"": ""Polygon"", ""coordinates"": [[[3.888470396044385, 46.15597744799612], [3.875647851846757, 46.15151124492374], [3.866013869631688, 46.15191828938202], [3.867666688393615, 46.165485829607874], [3.854205661052025, 46.17498042238846], [3.852206444502746, 46.18814327215437], [3.842101733173088, 46.1954768820751], [3.849185575347566, 46.19988184903563], [3.876732553340164, 46.204805866184365], [3.88986779521607, 46.21417752247695], [3.890132327734516, 46.214490641438644], [3.909456174042745, 46.207925912017245], [3.909704758477688, 46.19085862942361], [3.896534210590169, 46.17681572544762], [3.898262761691044, 46.16362712375827], [3.888470396044385, 46.15597744799612]]]}",24965,163,12,2,42,82
51421,51120,OYES,MARNE,CHAMPAGNE-ARDENNE,"Commune simple",159.0,765.0,0.1,"48.8105165952, 3.77122436918","{""type"": ""Polygon"", ""coordinates"": [[[3.788678840062555, 48.79569076206287], [3.751309644373376, 48.805150436735154], [3.750148789070501, 48.811534474926574], [3.729046239763687, 48.82454429057149], [3.753181642015745, 48.817865138721395], [3.763756577209741, 48.817366348095725], [3.772326935704059, 48.82130460495664], [3.796405980096492, 48.81763001572817], [3.788678840062555, 48.79569076206287]]]}",10207,421,25,2,51,21
36168,36370,PRISSAC,INDRE,CENTRE,"Commune simple",150.0,6352.0,0.7,"46.524638893, 1.29857907076","{""type"": ""Polygon"", ""coordinates"": [[[1.31927497994907, 46.47362236621811], [1.299559646694763, 46.47125916878447], [1.279295095202534, 46.4867715213297], [1.270186594744503, 46.48986743413514], [1.253489582589867, 46.503880160105425], [1.250026209691708, 46.509780632475426], [1.240214960135285, 46.51062980737877], [1.239466949247052, 46.51722922267137], [1.25293763145712, 46.5443026474415], [1.275170941664886, 46.56810203695348], [1.299458848363694, 46.5664839929564], [1.329603349499018, 46.56885521119761], [1.349519462826335, 46.567090638698545], [1.352337385767787, 46.56415913678234], [1.35018666713635, 46.54765549932623], [1.332611524657925, 46.54141147873648], [1.331489308804534, 46.53500954719486], [1.325802321296798, 46.5221642850425], [1.333747670320429, 46.517921177024085], [1.348858234263048, 46.51697849690534], [1.35360220368171, 46.50375338314267], [1.347411178083685, 46.49844031628772], [1.324948787318502, 46.490502894135716], [1.31927497994907, 46.47362236621811]]]}",11251,168,04,1,36,24
52549,52240,VRONCOURT-LA-COTE,HAUTE-MARNE,CHAMPAGNE-ARDENNE,"Commune simple",396.0,424.0,0.0,"48.1465009681, 5.51317198706","{""type"": ""Polygon"", ""coordinates"": [[[5.516390572998707, 48.13658149981687], [5.503796396314459, 48.13732671715704], [5.49629564750373, 48.1499455498183], [5.500546490930177, 48.1559053426383], [5.524928503423403, 48.15397257718925], [5.53044111302802, 48.14883987728045], [5.530490882434052, 48.14622797975989], [5.520827123929024, 48.13654076413584], [5.516390572998707, 48.13658149981687]]]}",13821,549,05,1,52,21
07054,07310,CHANEAC,ARDECHE,RHONE-ALPES,"Commune simple",842.0,1583.0,0.3,"44.9300424452, 4.30692688194","{""type"": ""Polygon"", ""coordinates"": [[[4.326295223046039, 44.925658280708255], [4.318805501842648, 44.92140709332172], [4.310973389601826, 44.909505414829546], [4.297007299473422, 44.908876908340204], [4.29072087635307, 44.91708137725887], [4.277492002264355, 44.91550534269111], [4.266103428709254, 44.92131764661139], [4.26945934678857, 44.93071630518468], [4.263732437740261, 44.93590525431904], [4.272795357277577, 44.93807104970142], [4.291700533334317, 44.936511269779956], [4.30154546410074, 44.943366160003976], [4.311613905672218, 44.93798900671661], [4.33811606373142, 44.9434993085321], [4.344372225383408, 44.952176610170426], [4.357053095864442, 44.9542467900186], [4.360124849284897, 44.94808588894957], [4.356577386240706, 44.941924830863826], [4.347790690703726, 44.941923645822044], [4.326295223046039, 44.925658280708255]]]}",2620,054,18,3,07,82
74116,74800,ETAUX,HAUTE-SAVOIE,RHONE-ALPES,"Commune simple",775.0,1372.0,1.7,"46.060819717, 6.26988707785","{""type"": ""Polygon"", ""coordinates"": [[[6.250896477864726, 46.03749893788295], [6.239447433674878, 46.055563407288], [6.239232804941074, 46.05894922475491], [6.246843379308419, 46.06308454893863], [6.258330462114726, 46.074489353584724], [6.263921917083682, 46.07487831278954], [6.28385429821988, 46.08358589054679], [6.29162262836643, 46.0811615805845], [6.300018619522703, 46.06483878447239], [6.297196083396707, 46.05815232343684], [6.260601194442638, 46.039446215539215], [6.250896477864726, 46.03749893788295]]]}",20561,116,17,2,74,82
69168,69270,ROCHETAILLEE-SUR-SAONE,RHONE,RHONE-ALPES,"Commune simple",195.0,136.0,1.5,"45.8431049292, 4.83850182261","{""type"": ""Polygon"", ""coordinates"": [[[4.841418106747039, 45.833503289633235], [4.838784311141987, 45.83412267194886], [4.831996802370292, 45.83965539170739], [4.836525003805285, 45.85180483483572], [4.845383597827793, 45.84804852707422], [4.840672944112634, 45.83704632198185], [4.841418106747039, 45.833503289633235]]]}",36163,168,25,1,69,82
50382,50690,NOUAINVILLE,MANCHE,BASSE-NORMANDIE,"Commune simple",119.0,386.0,0.5,"49.6200133969, -1.68096572433","{""type"": ""Polygon"", ""coordinates"": [[[-1.67262774325651, 49.61240362868907], [-1.680594072244038, 49.60891894948749], [-1.689079155234285, 49.61232732015973], [-1.697903424812722, 49.62304973259176], [-1.688170902643138, 49.62996139665076], [-1.670306452699914, 49.62676103771426], [-1.663523112861325, 49.61892010262412], [-1.67262774325651, 49.61240362868907]]]}",36283,382,50,2,50,25
61365,61170,SAINT-AUBIN-D'APPENAI,ORNE,BASSE-NORMANDIE,"Commune simple",164.0,1135.0,0.4,"48.5420210884, 0.33805985698","{""type"": ""Polygon"", ""coordinates"": [[[0.35276452286268, 48.51424710971797], [0.34845248111666, 48.517004228152935], [0.345782349808042, 48.51916782326922], [0.337055320495279, 48.52746937024311], [0.319335858457661, 48.53293055476987], [0.31337423064236, 48.54215683004934], [0.315031062847335, 48.5487108405599], [0.322255824267886, 48.55323914144166], [0.320697793702987, 48.55639929172527], [0.311164879053478, 48.55827226673658], [0.311094557365141, 48.558585701587084], [0.33609779592269, 48.56658295962431], [0.335252898358686, 48.56319781624071], [0.348805216791517, 48.54888377017656], [0.363096676342766, 48.54532235595466], [0.369885740308696, 48.54023440298429], [0.355162927327335, 48.5314290539791], [0.352542373379248, 48.51784250391633], [0.35276452286268, 48.51424710971797]]]}",12544,365,20,1,61,25
78522,78730,ROCHEFORT-EN-YVELINES,YVELINES,ILE-DE-FRANCE,"Commune simple",117.0,1278.0,1.0,"48.5924280148, 1.97977823093","{""type"": ""Polygon"", ""coordinates"": [[[1.958298925586164, 48.575895135733646], [1.9538681649597, 48.577133717400514], [1.950496993273148, 48.5863790333735], [1.955721046816829, 48.59504320103636], [1.959224603792469, 48.60505042200321], [1.966707662115997, 48.60940665157069], [1.986718725743442, 48.608616072033904], [2.004067710670114, 48.60225843926802], [2.00965089472884, 48.598940549679156], [2.010950235740967, 48.58902882639966], [2.002480211887566, 48.58092469154353], [1.958298925586164, 48.575895135733646]]]}",36543,522,19,2,78,11
78502,78560,"LE PORT-MARLY",YVELINES,ILE-DE-FRANCE,"Commune simple",44.0,144.0,4.7,"48.8804759755, 2.10903947427","{""type"": ""Polygon"", ""coordinates"": [[[2.109398751331529, 48.87283544596528], [2.104393405454175, 48.872933004485446], [2.101094623742498, 48.88553530232717], [2.107096911991706, 48.889402467333255], [2.110267282891142, 48.88743849911382], [2.119794118279736, 48.87811064882213], [2.109398751331529, 48.87283544596528]]]}",25083,502,13,3,78,11
12239,12130,SAINT-MARTIN-DE-LENNE,AVEYRON,MIDI-PYRENEES,"Commune simple",667.0,947.0,0.3,"44.4245376835, 2.96547959933","{""type"": ""Polygon"", ""coordinates"": [[[2.968735067390449, 44.40102813352336], [2.958980697002457, 44.41587789556011], [2.939542215560695, 44.424249660234565], [2.945663794457119, 44.432957665368036], [2.956589505128769, 44.438624709938566], [2.962348469350307, 44.45088747268909], [2.969827754499176, 44.44758605444158], [2.969646236840868, 44.43457822025789], [2.989221886922478, 44.426741231928325], [2.979489942597586, 44.41699984931352], [2.981490003334473, 44.40763832059524], [2.97758690117381, 44.40175043179296], [2.968735067390449, 44.40102813352336]]]}",5765,239,05,1,12,73
46321,46700,TOUZAC,LOT,MIDI-PYRENEES,"Commune simple",93.0,412.0,0.4,"44.4962914866, 1.05945113782","{""type"": ""Polygon"", ""coordinates"": [[[1.052760480780466, 44.47996663828159], [1.0506203383937, 44.48038807081599], [1.051679313549862, 44.50695315395573], [1.058886266932385, 44.511447579994325], [1.063445510169506, 44.51023999860226], [1.068377933569399, 44.4970082706326], [1.072466886130181, 44.48778683643416], [1.056012425072546, 44.48561600915585], [1.052760480780466, 44.47996663828159]]]}",28822,321,23,1,46,73
74035,74150,BLOYE,HAUTE-SAVOIE,RHONE-ALPES,"Commune simple",387.0,444.0,0.5,"45.8204275493, 5.94977872948","{""type"": ""Polygon"", ""coordinates"": [[[5.962785346309547, 45.81273546653543], [5.947963732353849, 45.810519334775485], [5.934122476919656, 45.81460161602315], [5.939595610773647, 45.832436457625455], [5.965641947498876, 45.82488872730966], [5.966157144456359, 45.821045403342545], [5.962785346309547, 45.81273546653543]]]}",19476,035,18,1,74,82
42241,42590,SAINT-JODARD,LOIRE,RHONE-ALPES,"Commune simple",409.0,666.0,0.6,"45.8878181316, 4.12707045019","{""type"": ""Polygon"", ""coordinates"": [[[4.152809579995306, 45.88660579884027], [4.133031756585988, 45.876151808000856], [4.118323246809418, 45.87501945067419], [4.111292399009332, 45.879933918736796], [4.105989037458079, 45.891315233419036], [4.125954117897817, 45.90334811782991], [4.152809579995306, 45.88660579884027]]]}",23074,241,10,2,42,82
50635,50810,VIDOUVILLE,MANCHE,BASSE-NORMANDIE,"Commune simple",124.0,445.0,0.1,"49.0959469009, -0.898441833028","{""type"": ""Polygon"", ""coordinates"": [[[-0.888741261635145, 49.087703397886465], [-0.907139994245123, 49.091949596005904], [-0.921680583410166, 49.09027850328897], [-0.924341605288273, 49.09663727042172], [-0.924827476729222, 49.10087947898101], [-0.905148775173661, 49.09954017602226], [-0.877102380335626, 49.10562456261747], [-0.877933488668663, 49.102807134754194], [-0.880054160281243, 49.089019545525346], [-0.888741261635145, 49.087703397886465]]]}",29222,635,46,4,50,25
79260,79600,SAINT-JOUIN-DE-MARNES,DEUX-SEVRES,POITOU-CHARENTES,"Commune simple",78.0,2285.0,0.6,"46.8814213211, -0.0550217260198","{""type"": ""Polygon"", ""coordinates"": [[[-0.05629970325723, 46.846555864778885], [-0.059824672520834, 46.85222891290339], [-0.098491062901874, 46.846931889972936], [-0.087839241368874, 46.86234723966084], [-0.071852470979038, 46.875786406520206], [-0.067811671472496, 46.88215649894041], [-0.069665600606798, 46.88889198978844], [-0.075386542108415, 46.894506034261056], [-0.064915198850998, 46.90155212013821], [-0.074465761534159, 46.91693068489145], [-0.06622927036006, 46.919168574754345], [-0.062188128931156, 46.91329317272509], [-0.052494615840118, 46.911847532071405], [-0.042113269057655, 46.90540951460755], [-0.009123078023179, 46.90792514649333], [-0.023213586993047, 46.894689447120925], [-0.028286424803232, 46.8791755026011], [-0.035643855395607, 46.87493603100457], [-0.051905583586198, 46.8543404869619], [-0.049855281302763, 46.85128623255175], [-0.05629970325723, 46.846555864778885]]]}",29119,260,01,3,79,54
73123,73590,"LA GIETTAZ",SAVOIE,RHONE-ALPES,"Commune simple",1602.0,3555.0,0.4,"45.8738355415, 6.51022116567","{""type"": ""Polygon"", ""coordinates"": [[[6.445068008542765, 45.84482151196815], [6.45417784278218, 45.85539549521115], [6.450756323385902, 45.86132283074186], [6.45928512256054, 45.8648386181235], [6.471838051213368, 45.884292479691275], [6.495368076304334, 45.891030416006345], [6.51105147159212, 45.90905863519323], [6.515993413458053, 45.90313615918895], [6.532823220194613, 45.896995686879926], [6.556581512173142, 45.89325783388246], [6.559095127628826, 45.88680574219199], [6.570687701671198, 45.880652922297955], [6.572913173369461, 45.877553811095154], [6.566649337953912, 45.8724965073856], [6.568191048884385, 45.86242411504982], [6.535327185158701, 45.86197929234213], [6.499614488737095, 45.85362703770284], [6.478357260440726, 45.84505379862196], [6.459093219444068, 45.848620076044114], [6.445068008542765, 45.84482151196815]]]}",8329,123,28,1,73,82
59181,59440,DOURLERS,NORD,NORD-PAS-DE-CALAIS,"Commune simple",182.0,874.0,0.6,"50.1745636905, 3.94546756925","{""type"": ""Polygon"", ""coordinates"": [[[3.93157015372373, 50.15408877393514], [3.931353255184519, 50.16740000699566], [3.922281430379683, 50.18290613396755], [3.9330663835635, 50.18983856374815], [3.951253551262194, 50.19222275632485], [3.959635393557015, 50.18792781862539], [3.96015086466959, 50.17747934875932], [3.985602661374565, 50.17170990006763], [3.985665584771016, 50.17135016454053], [3.954222629628394, 50.16937101543856], [3.954607290584631, 50.15563632454039], [3.945611068829842, 50.1574571486914], [3.93157015372373, 50.15408877393514]]]}",23048,181,03,1,59,31
59568,59173,SERCUS,NORD,NORD-PAS-DE-CALAIS,"Commune simple",57.0,497.0,0.4,"50.7083527622, 2.45193657383","{""type"": ""Polygon"", ""coordinates"": [[[2.464081434911729, 50.70062443146948], [2.448694221959256, 50.69676131302341], [2.428000064280967, 50.70133411067633], [2.454995474996817, 50.72147512395012], [2.468253789818968, 50.721559428629625], [2.468175168053192, 50.720975827976595], [2.464081434911729, 50.70062443146948]]]}",25426,568,29,4,59,31
55216,55230,GOURAINCOURT,MEUSE,LORRAINE,"Commune simple",245.0,549.0,0.0,"49.298652581, 5.66811972316","{""type"": ""Polygon"", ""coordinates"": [[[5.66687519417128, 49.287007398017955], [5.647527543856173, 49.29583428814448], [5.645934448871941, 49.302048375263126], [5.662068800895788, 49.307396068035686], [5.683657231488071, 49.311739081507426], [5.684139063173132, 49.3072491365869], [5.681698788772835, 49.29787713671353], [5.685762524424202, 49.28848635437514], [5.66687519417128, 49.287007398017955]]]}",1642,216,19,3,55,41
89117,89580,COULANGERON,YONNE,BOURGOGNE,"Commune simple",285.0,856.0,0.2,"47.6835328856, 3.46990544997","{""type"": ""Polygon"", ""coordinates"": [[[3.494924404991909, 47.69274186652721], [3.491212221108711, 47.683405564887046], [3.480235357428104, 47.67670945269737], [3.475162966106399, 47.66384976053886], [3.470218663651738, 47.66373474003403], [3.459686253198314, 47.67073440447622], [3.45824720724517, 47.67385438966368], [3.449024073435516, 47.675312327973884], [3.446133178022064, 47.69137201530705], [3.449801074152592, 47.69475129149995], [3.461679979701051, 47.690150560556305], [3.474631078491341, 47.6999096650625], [3.479576802368685, 47.699808484182384], [3.494924404991909, 47.69274186652721]]]}",25581,117,12,1,89,26
14309,14680,GOUVIX,CALVADOS,BASSE-NORMANDIE,"Commune simple",103.0,525.0,0.8,"49.0365523786, -0.308971879429","{""type"": ""Polygon"", ""coordinates"": [[[-0.325062485436069, 49.01834570921612], [-0.331063585482915, 49.028061063984104], [-0.324776672664938, 49.03759510731918], [-0.2951123443222, 49.051795319518874], [-0.28961482303498, 49.0503891733591], [-0.287356417063991, 49.03743784054534], [-0.311113008009106, 49.02918915111463], [-0.325062485436069, 49.01834570921612]]]}",31034,309,07,2,14,25
08060,08300,BERGNICOURT,ARDENNES,CHAMPAGNE-ARDENNE,"Commune simple",105.0,835.0,0.2,"49.4194188436, 4.24742333455","{""type"": ""Polygon"", ""coordinates"": [[[4.242323983347704, 49.38591365784599], [4.248577097369528, 49.416665263558876], [4.227310863694381, 49.41642434182283], [4.230075353574913, 49.42602378446957], [4.225694288108159, 49.435345050531346], [4.250245779882122, 49.44056839164397], [4.263801314220519, 49.43458470000304], [4.263049337168994, 49.41741402587217], [4.253178267526122, 49.40530003620708], [4.258752500254397, 49.38874633586673], [4.242323983347704, 49.38591365784599]]]}",22649,060,01,2,08,21
44114,44700,ORVAULT,LOIRE-ATLANTIQUE,"PAYS DE LA LOIRE","Chef-lieu canton",50.0,2779.0,24.3,"47.2739815478, -1.62323898524","{""type"": ""Polygon"", ""coordinates"": [[[-1.590020404147253, 47.2394513768745], [-1.60641046714409, 47.24729552494245], [-1.648240434764161, 47.258394149590046], [-1.653046517066609, 47.25943671029899], [-1.653195120472097, 47.269711469640804], [-1.660388279588923, 47.2787021142034], [-1.658140512472031, 47.288532077383266], [-1.663173117026404, 47.298096381292495], [-1.655265113799553, 47.30733303780374], [-1.650648896691103, 47.3057777923054], [-1.641339744048009, 47.30836017807408], [-1.615372838762001, 47.29703319167051], [-1.593457827734276, 47.27360982726887], [-1.576410644703389, 47.25268694218841], [-1.578866184186529, 47.24607008221406], [-1.590020404147253, 47.2394513768745]]]}",8562,114,54,2,44,52
81213,81500,PRATVIEL,TARN,MIDI-PYRENEES,"Commune simple",230.0,713.0,0.1,"43.638704181, 1.88490760875","{""type"": ""Polygon"", ""coordinates"": [[[1.892677060804702, 43.622182365316384], [1.886201198376054, 43.627155459113304], [1.861356534527675, 43.634349013945766], [1.875886224544066, 43.654747583471924], [1.882978094296762, 43.65207600664598], [1.904601850056622, 43.64638376432747], [1.903602207797007, 43.63968760300959], [1.897136614694527, 43.63569875361949], [1.902276459793903, 43.62285565463056], [1.892677060804702, 43.622182365316384]]]}",31515,213,29,2,81,73
71130,71460,CHISSEY-LES-MACON,SAONE-ET-LOIRE,BOURGOGNE,"Commune simple",284.0,1544.0,0.3,"46.5214699897, 4.74430277103","{""type"": ""Polygon"", ""coordinates"": [[[4.758895551522667, 46.49357573993466], [4.750796092643456, 46.49679838658716], [4.747654336176455, 46.502943997467], [4.73062208115029, 46.5071299749293], [4.727329169466421, 46.51312414755351], [4.717781953806065, 46.51485312049054], [4.713038145591801, 46.520823594394415], [4.718691536105259, 46.52549426262487], [4.715492335098574, 46.53122544006622], [4.717866308725392, 46.540295460537855], [4.736889128520997, 46.54374600391778], [4.740679140100686, 46.537762051938024], [4.749350250827372, 46.53465760024612], [4.758649587606866, 46.54174738037987], [4.763093520538305, 46.53668928638771], [4.774975194099598, 46.52641802991026], [4.770471293730657, 46.51712083405368], [4.761024609633133, 46.51548335891452], [4.766965881712835, 46.496324437573264], [4.758895551522667, 46.49357573993466]]]}",12840,130,41,5,71,26
52228,52600,GRANDCHAMP,HAUTE-MARNE,CHAMPAGNE-ARDENNE,"Commune simple",286.0,479.0,0.1,"47.7230166407, 5.44612862714","{""type"": ""Polygon"", ""coordinates"": [[[5.462779678637856, 47.73342342501494], [5.465393383946922, 47.73077496624013], [5.459894244610939, 47.718058679897155], [5.442293833051217, 47.71195294784079], [5.423025496206763, 47.71513621142457], [5.431773745931102, 47.72175333352442], [5.431419398974554, 47.72773090317089], [5.448136731881893, 47.73341554334362], [5.462779678637856, 47.73342342501494]]]}",25007,228,23,2,52,21
10066,10190,BUCEY-EN-OTHE,AUBE,CHAMPAGNE-ARDENNE,"Commune simple",188.0,1303.0,0.4,"48.2547509425, 3.86739826398","{""type"": ""Polygon"", ""coordinates"": [[[3.881667168731492, 48.233723450838745], [3.871546204954204, 48.240700160648494], [3.852729671028157, 48.244139731181505], [3.848219520933641, 48.250173936834855], [3.833787200461028, 48.259364652806234], [3.839041366028766, 48.28300115239425], [3.840177684917377, 48.2849366321943], [3.849594563570395, 48.272803150186], [3.885305049915016, 48.26028589177857], [3.911351270274449, 48.24067890986157], [3.909972141857052, 48.23960074548285], [3.900877501244334, 48.23710590704969], [3.887569705637702, 48.23871829440198], [3.881667168731492, 48.233723450838745]]]}",28997,066,11,3,10,21
15082,15120,JUNHAC,CANTAL,AUVERGNE,"Commune simple",602.0,2804.0,0.3,"44.6956285648, 2.4519931764","{""type"": ""Polygon"", ""coordinates"": [[[2.473109038983425, 44.6564323379318], [2.469828108669767, 44.65390484722962], [2.454351264722356, 44.66181520196981], [2.44482896144642, 44.662920209381895], [2.436231268729807, 44.65983372907622], [2.43025649139591, 44.664394640646286], [2.429670767656923, 44.67365571312476], [2.42143931503349, 44.68028423319701], [2.420630673653323, 44.69020138084166], [2.433502032069802, 44.69919006058177], [2.436037507732532, 44.705667238351005], [2.434105402161318, 44.71200458863353], [2.429650016588622, 44.7130981205701], [2.428955451565938, 44.72307004996452], [2.435847734981633, 44.72712979486417], [2.449125716262052, 44.72665643725065], [2.451187162878253, 44.73542677551837], [2.465517114013908, 44.733435110154275], [2.480394052399033, 44.71996514675676], [2.479814457653762, 44.71299400980311], [2.471749315907648, 44.704609953852284], [2.476786243515976, 44.684241959728624], [2.4658145114408, 44.66883043267043], [2.473109038983425, 44.6564323379318]]]}",12703,082,11,1,15,83
61129,61400,COURGEON,ORNE,BASSE-NORMANDIE,"Commune simple",165.0,1057.0,0.4,"48.4792586192, 0.610569927364","{""type"": ""Polygon"", ""coordinates"": [[[0.605888892449396, 48.46078337829296], [0.599218566859275, 48.468748930916405], [0.583076614270807, 48.47482060123765], [0.581453327468062, 48.49036699430135], [0.58954924016027, 48.490684600220085], [0.59924021709445, 48.49638897993427], [0.616803400091713, 48.488939634902266], [0.632091266773752, 48.48920045314166], [0.636112190036425, 48.48319652898518], [0.648469519767193, 48.47812286991297], [0.646589432500074, 48.47507059181764], [0.632127838067632, 48.47338801576], [0.626113514592986, 48.464510707498825], [0.617872729185374, 48.46657767091311], [0.605888892449396, 48.46078337829296]]]}",34951,129,23,3,61,25
51121,51700,CHAMPVOISY,MARNE,CHAMPAGNE-ARDENNE,"Commune simple",195.0,918.0,0.2,"49.1261137519, 3.62684686856","{""type"": ""Polygon"", ""coordinates"": [[[3.620077745376527, 49.10732787747443], [3.613413804080111, 49.115903806392275], [3.604514732708336, 49.11509468602316], [3.600004656260228, 49.120691845125165], [3.610413655806459, 49.1274997726824], [3.610064963085951, 49.13395718688534], [3.619755230639591, 49.14106458374496], [3.619818975232004, 49.147537802695396], [3.642600584512313, 49.13779788611962], [3.652259558845486, 49.126767697693964], [3.641323752898008, 49.115461529304824], [3.625373735505054, 49.1081276618255], [3.620077745376527, 49.10732787747443]]]}",22319,121,09,2,51,21
08220,08310,HAUVINE,ARDENNES,CHAMPAGNE-ARDENNE,"Commune simple",127.0,1458.0,0.3,"49.3159803218, 4.41170841421","{""type"": ""Polygon"", ""coordinates"": [[[4.408315484574034, 49.28911986821372], [4.391712104336923, 49.29781773644052], [4.375618885902343, 49.323805202918074], [4.390742103980635, 49.32662585994078], [4.40117791379933, 49.33406624403192], [4.419008915997548, 49.32762771264751], [4.434095866323589, 49.33049734105849], [4.444225570016865, 49.32871341131872], [4.448182735070344, 49.33100358475396], [4.452898497682488, 49.33139649024228], [4.458975749981104, 49.31960845505663], [4.453064044097217, 49.31822323200899], [4.448193946684732, 49.319639318009386], [4.428635872136694, 49.31414520093759], [4.41252836792749, 49.30092953562112], [4.413192073833289, 49.29051939340159], [4.408315484574034, 49.28911986821372]]]}",36396,220,14,4,08,21
39328,39260,MEUSSIA,JURA,FRANCHE-COMTE,"Commune simple",628.0,1371.0,0.4,"46.4947553205, 5.73946111468","{""type"": ""Polygon"", ""coordinates"": [[[5.77273915672212, 46.47332101589872], [5.763014380192396, 46.47725975681956], [5.749073646151451, 46.486597015772425], [5.744168037493491, 46.48631848744745], [5.738324657245279, 46.480872499979924], [5.733799554967685, 46.48218818716708], [5.730789239498017, 46.48458472750807], [5.712505650651656, 46.48570495045765], [5.698645114027108, 46.49871887894433], [5.720639787313845, 46.510955389786254], [5.723871795715674, 46.520527962899294], [5.728210915973722, 46.51412663141045], [5.759468784100084, 46.49585202767907], [5.769835660119381, 46.503710294735875], [5.773378145648186, 46.50306577722989], [5.776638587495512, 46.49330079684857], [5.77273915672212, 46.47332101589872]]]}",26548,328,16,3,39,43
93029,93700,DRANCY,SEINE-SAINT-DENIS,ILE-DE-FRANCE,"Chef-lieu canton",46.0,778.0,66.7,"48.9234246259, 2.44492688692","{""type"": ""Polygon"", ""coordinates"": [[[2.475214378256837, 48.91641135374975], [2.456591346840314, 48.910977524018364], [2.413493843691985, 48.91926364381447], [2.422030051684826, 48.92962896784936], [2.440409478269782, 48.932620882543326], [2.444335049405935, 48.93440173661055], [2.442243793127894, 48.93721575644165], [2.452110603494979, 48.938736077822064], [2.456106649499913, 48.936470117115995], [2.462157707825119, 48.93079599781056], [2.464500195981806, 48.9206805399105], [2.474266131597347, 48.91843060128735], [2.475214378256837, 48.91641135374975]]]}",15459,029,95,1,93,11
85041,85410,CEZAIS,VENDEE,"PAYS DE LA LOIRE","Commune simple",84.0,1223.0,0.3,"46.5917363748, -0.802618133558","{""type"": ""Polygon"", ""coordinates"": [[[-0.807618933078918, 46.56934300609505], [-0.813950796675731, 46.57408127139836], [-0.827232085441902, 46.570915253123005], [-0.830000101321338, 46.573283712614355], [-0.823280287206233, 46.580531099664235], [-0.821296584355576, 46.583373956888884], [-0.830572431150253, 46.590140576235214], [-0.796561671516098, 46.61750674004648], [-0.787576266537975, 46.60965503458134], [-0.78502142625334, 46.60001268707313], [-0.77243852675639, 46.5903767416406], [-0.77168382975207, 46.583829944602094], [-0.781042182673368, 46.58435047527545], [-0.797993001867985, 46.579939843695975], [-0.807618933078918, 46.56934300609505]]]}",1998,041,05,1,85,52
37200,37190,RIVARENNES,INDRE-ET-LOIRE,CENTRE,"Commune simple",81.0,1890.0,1.0,"47.2512605554, 0.362365468313","{""type"": ""Polygon"", ""coordinates"": [[[0.393821927268216, 47.201178519212924], [0.365094885059938, 47.20348306393208], [0.366567700627573, 47.217406480003035], [0.361989262575474, 47.223418553319505], [0.366346575085638, 47.22975098898842], [0.365089470445223, 47.23651418351563], [0.352929254838214, 47.247379563796464], [0.332441779746356, 47.24678379174163], [0.331445432035171, 47.262055947566814], [0.32707230165661, 47.26325232573714], [0.33944032880865, 47.27429187926365], [0.360770733479337, 47.28407499177253], [0.37580582802507, 47.28276773871657], [0.381221998561788, 47.27674707852789], [0.39071637162865, 47.273925567101244], [0.382342547122789, 47.26217128212101], [0.373181122455116, 47.259297866880715], [0.371002657655885, 47.24892582944847], [0.371266339105539, 47.24542785978963], [0.384006917225717, 47.211676376200295], [0.388295257715359, 47.205305644229604], [0.396912265383552, 47.20150023260836], [0.393821927268216, 47.201178519212924]]]}",26554,200,02,1,37,24
51038,51700,BASLIEUX-SOUS-CHATILLON,MARNE,CHAMPAGNE-ARDENNE,"Commune simple",145.0,589.0,0.2,"49.1218320502, 3.79516191833","{""type"": ""Polygon"", ""coordinates"": [[[3.807071436776136, 49.11422085943521], [3.792316971178149, 49.111369742902575], [3.778145461346216, 49.11531061146164], [3.769074295643131, 49.11231185573177], [3.768476963548776, 49.121909527400696], [3.773089383519076, 49.1234624592068], [3.78253392834579, 49.12382399323136], [3.7987241923312, 49.13519056153932], [3.802445882224216, 49.138375692640444], [3.806388061400723, 49.13720744813331], [3.815296528977943, 49.11813063734844], [3.82164182991905, 49.11313314654427], [3.807071436776136, 49.11422085943521]]]}",24761,038,07,3,51,21
59346,59260,LEZENNES,NORD,NORD-PAS-DE-CALAIS,"Commune simple",39.0,213.0,3.0,"50.6111691928, 3.11824226491","{""type"": ""Polygon"", ""coordinates"": [[[3.137940517011576, 50.60120257107632], [3.133494678653176, 50.59974455503901], [3.114946219039533, 50.60964422790088], [3.101566361864423, 50.61196236689699], [3.096879577003554, 50.617153391371254], [3.120538409052407, 50.61846986751563], [3.137940517011576, 50.60120257107632]]]}",33481,346,40,5,59,31
17274,17180,PERIGNY,CHARENTE-MARITIME,POITOU-CHARENTES,"Commune simple",15.0,1093.0,7.2,"46.1574551352, -1.08886084864","{""type"": ""Polygon"", ""coordinates"": [[[-1.080261251458725, 46.13597681006327], [-1.101710349839085, 46.148756174318926], [-1.111063856453179, 46.14892274705769], [-1.120606559410377, 46.16006455882919], [-1.116498543869793, 46.168951163110115], [-1.100115267143301, 46.17565744840839], [-1.088722771024605, 46.16440026886756], [-1.038525678084671, 46.16190484240025], [-1.037728965751313, 46.16148234611724], [-1.038032647094152, 46.161201046498356], [-1.05081824803218, 46.15616509794475], [-1.07451034480185, 46.15249495753636], [-1.080261251458725, 46.13597681006327]]]}",33126,274,49,3,17,54
08095,08430,CHAGNY,ARDENNES,CHAMPAGNE-ARDENNE,"Commune simple",221.0,1340.0,0.2,"49.5720292475, 4.69971401833","{""type"": ""Polygon"", ""coordinates"": [[[4.681531595889424, 49.54687063748193], [4.668916013411497, 49.55912586840296], [4.674819083353592, 49.57700406535168], [4.690603084728734, 49.58743684706625], [4.703939978591991, 49.594360415959336], [4.726354339640725, 49.584884451559034], [4.729546400585355, 49.571706428603676], [4.726351869106614, 49.56919007712782], [4.729348360536542, 49.562954075067424], [4.722256677369544, 49.558353694985065], [4.707403537853877, 49.560891688164425], [4.691841001469128, 49.558718576294474], [4.681531595889424, 49.54687063748193]]]}",23395,095,20,1,08,21
45094,45210,CHEVRY-SOUS-LE-BIGNON,LOIRET,CENTRE,"Commune simple",123.0,739.0,0.2,"48.145082059, 2.89381357786","{""type"": ""Polygon"", ""coordinates"": [[[2.887967234260231, 48.12909939534434], [2.885506723538396, 48.13565682275111], [2.875097337799614, 48.14327681820415], [2.870991330867102, 48.156472813083134], [2.90004732548373, 48.15943440684473], [2.913197597908008, 48.14477771860739], [2.915397576643878, 48.13112889203225], [2.901400624899548, 48.133313616994], [2.887967234260231, 48.12909939534434]]]}",26028,094,12,1,45,24
51452,51330,RAPSECOURT,MARNE,CHAMPAGNE-ARDENNE,"Commune simple",169.0,731.0,0.0,"49.0231964043, 4.79125516398","{""type"": ""Polygon"", ""coordinates"": [[[4.75848029672824, 49.01111338339731], [4.744450096940002, 49.009834100511725], [4.742066459347601, 49.01254896887259], [4.750541633968436, 49.01816389005119], [4.768418898612524, 49.021508479305396], [4.776113572755619, 49.02896789171793], [4.803619496102739, 49.03488067764136], [4.817886210595132, 49.03251593780615], [4.829374039229783, 49.02430065131678], [4.822725277266091, 49.02112788925347], [4.809720051495192, 49.016036056715855], [4.779186795453893, 49.01886698805289], [4.759699640290225, 49.01441435029191], [4.75848029672824, 49.01111338339731]]]}",9538,452,08,5,51,21
45314,45450,SULLY-LA-CHAPELLE,LOIRET,CENTRE,"Commune simple",121.0,2629.0,0.4,"47.9841057198, 2.16895228227","{""type"": ""Polygon"", ""coordinates"": [[[2.137132118805149, 47.95145253548348], [2.136527141763318, 47.972156770767754], [2.145642885107618, 47.97534628271121], [2.146512830257172, 47.978754510277675], [2.140485588868104, 48.002451804459774], [2.156521705605602, 48.01100947073967], [2.150810100059186, 48.02009392415953], [2.19531215435349, 48.02141454054268], [2.193095020772285, 48.01461375762489], [2.182976414574025, 48.00712833226104], [2.188498119271969, 48.001235834403985], [2.182497096997413, 47.98864882121695], [2.198666298609558, 47.97526958066449], [2.199611176586755, 47.96506131349293], [2.216105586968923, 47.95246475540384], [2.199845953508386, 47.954830145275146], [2.149295142114245, 47.957391123402935], [2.137132118805149, 47.95145253548348]]]}",30211,314,20,2,45,24
60286,60210,GRANDVILLIERS,OISE,PICARDIE,"Chef-lieu canton",192.0,663.0,3.1,"49.666016357, 1.9349239261","{""type"": ""Polygon"", ""coordinates"": [[[1.948569125233964, 49.6526897910605], [1.928252174238065, 49.660510552471706], [1.913670273379937, 49.65941063684151], [1.898099364843846, 49.65862353022857], [1.893169447056905, 49.66126577932266], [1.910086116641, 49.667160968501435], [1.909369145780673, 49.67027287379539], [1.930611750193202, 49.672159898601265], [1.953126728870002, 49.68233060587269], [1.954451468659651, 49.68120971652361], [1.959061435533649, 49.66630482971432], [1.95600962960252, 49.657076453837796], [1.948569125233964, 49.6526897910605]]]}",28592,286,17,1,60,22
88235,88240,HAUTMOUGEY,VOSGES,LORRAINE,"Commune simple",324.0,791.0,0.2,"48.0263697175, 6.23594144044","{""type"": ""Polygon"", ""coordinates"": [[[6.239183100178824, 48.0116730108166], [6.217022179720546, 48.01321792689107], [6.209923562968799, 48.02521030326372], [6.222673310976674, 48.02799598415566], [6.216401680599238, 48.03106767068109], [6.2198934486556, 48.03725863166585], [6.229385877201207, 48.040087706629194], [6.248212041083435, 48.035012266972785], [6.263273206172458, 48.03774783982959], [6.26647808638515, 48.035929651133614], [6.261426240830494, 48.028261056204975], [6.257909552078521, 48.02304458183604], [6.2448920230955, 48.02050424915188], [6.239183100178824, 48.0116730108166]]]}",32447,235,01,1,88,41
54459,54630,RICHARDMENIL,MEURTHE-ET-MOSELLE,LORRAINE,"Commune simple",257.0,707.0,2.5,"48.5958649273, 6.17614506031","{""type"": ""Polygon"", ""coordinates"": [[[6.16414071547706, 48.5824026946458], [6.156621193264663, 48.5902365940718], [6.159076877462439, 48.59292616222315], [6.155455157747984, 48.601961657601635], [6.165234472467306, 48.607679514633986], [6.173858355784787, 48.608413087619304], [6.196515301015612, 48.60552003871827], [6.199267373206109, 48.597244739060784], [6.194224159725482, 48.59689409992299], [6.192004894981247, 48.587653968469134], [6.179027997842805, 48.582446866460806], [6.16414071547706, 48.5824026946458]]]}",15794,459,25,3,54,41
54122,54200,CHAUDENEY-SUR-MOSELLE,MEURTHE-ET-MOSELLE,LORRAINE,"Commune simple",247.0,842.0,0.7,"48.6549674771, 5.92432019683","{""type"": ""Polygon"", ""coordinates"": [[[5.956554206681941, 48.64751228562535], [5.92621911190996, 48.64674022683008], [5.91684961097958, 48.64411672920313], [5.898050637098067, 48.64827500807606], [5.897106706741893, 48.65207833903423], [5.893983752759301, 48.65873385291156], [5.897067712434042, 48.668784772799306], [5.917836552506245, 48.661077341002226], [5.943290202379437, 48.66357458994288], [5.952092646674134, 48.66088153775382], [5.959980700038259, 48.64973147875823], [5.956554206681941, 48.64751228562535]]]}",34284,122,28,4,54,41
08467,08270,VAUX-MONTREUIL,ARDENNES,CHAMPAGNE-ARDENNE,"Commune simple",172.0,839.0,0.1,"49.5833689396, 4.556489457","{""type"": ""Polygon"", ""coordinates"": [[[4.541185134350186, 49.561992500482255], [4.536940518767783, 49.577614243159495], [4.550241728904224, 49.58643345762405], [4.551602971115358, 49.59213259507785], [4.546223432395855, 49.60036244888412], [4.559504755577007, 49.609189757702985], [4.571830699116057, 49.60023153854621], [4.568204537722072, 49.588369003605436], [4.573735522585173, 49.57666651651723], [4.561605645386251, 49.56551566474973], [4.541185134350186, 49.561992500482255]]]}",34405,467,19,2,08,21
50351,50810,MONTRABOT,MANCHE,BASSE-NORMANDIE,"Commune simple",134.0,387.0,0.1,"49.1078812835, -0.896591935347","{""type"": ""Polygon"", ""coordinates"": [[[-0.877102380335626, 49.10562456261747], [-0.905148775173661, 49.09954017602226], [-0.924827476729222, 49.10087947898101], [-0.924797874678897, 49.10139357479242], [-0.893182049109436, 49.117257391268105], [-0.878455405240337, 49.11710334656397], [-0.877102380335626, 49.10562456261747]]]}",34501,351,46,4,50,25
14277,14320,FONTENAY-LE-MARMION,CALVADOS,BASSE-NORMANDIE,"Commune simple",67.0,1008.0,1.6,"49.0870178586, -0.34496703891","{""type"": ""Polygon"", ""coordinates"": [[[-0.309493922970445, 49.078910813522896], [-0.345697429232188, 49.07290428563777], [-0.370261700094548, 49.079282210347046], [-0.370086465263506, 49.08522679912334], [-0.379583706435969, 49.08567998463756], [-0.361664411506985, 49.09902480254744], [-0.364216799928084, 49.10160817797965], [-0.334546083613162, 49.099933279527335], [-0.326521072124794, 49.10301739245794], [-0.329018621074571, 49.093679101788865], [-0.31326796759751, 49.082874441043096], [-0.309493922970445, 49.078910813522896]]]}",18946,277,06,2,14,25
39389,39300,NEY,JURA,FRANCHE-COMTE,"Commune simple",550.0,742.0,0.6,"46.733302634, 5.88549194483","{""type"": ""Polygon"", ""coordinates"": [[[5.903209956072035, 46.727146948624366], [5.898940591410968, 46.725470847803905], [5.897747547810635, 46.719076732522], [5.888708622450394, 46.71662860165103], [5.883844022275182, 46.717039275857175], [5.873158209500646, 46.72825452572325], [5.868724157072245, 46.73360926094982], [5.859642487162795, 46.73484497110907], [5.855041740421072, 46.73557216232832], [5.856967438270381, 46.73879486795845], [5.889789049107984, 46.747506053740516], [5.909521145873106, 46.737574107645884], [5.903485426297543, 46.73327590272478], [5.903209956072035, 46.727146948624366]]]}",19422,389,06,2,39,43
38169,38600,FONTAINE,ISERE,RHONE-ALPES,"Chef-lieu canton",307.0,669.0,22.0,"45.1930502486, 5.67763066542","{""type"": ""Polygon"", ""coordinates"": [[[5.70136082054942, 45.187961814147094], [5.667691048124938, 45.1829695833818], [5.651461060472778, 45.19074390608514], [5.651094269513481, 45.198311388540255], [5.669185924694421, 45.19744786256655], [5.688184016424671, 45.20562304445309], [5.701282749490842, 45.1950361218137], [5.70136082054942, 45.187961814147094]]]}",31833,169,96,1,38,82
55349,55110,MONTIGNY-DEVANT-SASSEY,MEUSE,LORRAINE,"Commune simple",242.0,980.0,0.1,"49.4269988159, 5.13768878129","{""type"": ""Polygon"", ""coordinates"": [[[5.128402248771287, 49.40534060995472], [5.109320069329361, 49.41547555643713], [5.115028617739027, 49.420581950451684], [5.106153898919042, 49.42769603895671], [5.121518353515129, 49.42990031551867], [5.131138361157922, 49.43250964297281], [5.133533543274826, 49.4424028397044], [5.146006812184974, 49.44888087381355], [5.147552672416158, 49.44825105280942], [5.160748883771165, 49.43869226752158], [5.163519109718568, 49.42226033963221], [5.135210705351959, 49.41435607552306], [5.128402248771287, 49.40534060995472]]]}",15811,349,07,3,55,41
01148,01590,DORTAN,AIN,RHONE-ALPES,"Commune simple",478.0,1876.0,2.1,"46.3133221173, 5.64146584117","{""type"": ""Polygon"", ""coordinates"": [[[5.659297877505884, 46.29176820638129], [5.646514458676819, 46.297264704163425], [5.631967118852239, 46.295871980708164], [5.612519030714758, 46.29907677959606], [5.604317264555548, 46.30154407787493], [5.608103863382391, 46.30734974230987], [5.604628116061567, 46.30943842797517], [5.605660354372375, 46.31364034186328], [5.612518353306861, 46.32655628115873], [5.631575308116761, 46.330694668325926], [5.637458308552874, 46.33644201147636], [5.645987135306471, 46.34280341254812], [5.649797748005981, 46.334191627540406], [5.647864000144787, 46.32434383297056], [5.667493169903426, 46.32390397014219], [5.683316430330278, 46.31587395840368], [5.684582306162634, 46.3109337142255], [5.673091240553807, 46.30540158468138], [5.659297877505884, 46.29176820638129]]]}",32947,148,23,4,01,82
15172,15220,SAINT-ANTOINE,CANTAL,AUVERGNE,"Commune simple",654.0,724.0,0.1,"44.7494339962, 2.33617223491","{""type"": ""Polygon"", ""coordinates"": [[[2.327404176799788, 44.73098099479952], [2.313887384647238, 44.75500907148937], [2.327861030424905, 44.75618411643183], [2.340561724512346, 44.76574998698256], [2.354679147762693, 44.76348319870954], [2.351019285319057, 44.74333034015657], [2.339645245828963, 44.737239912381916], [2.334351626905384, 44.733048703717095], [2.327404176799788, 44.73098099479952]]]}",10232,172,10,1,15,83
09030,09220,AUZAT,ARIEGE,MIDI-PYRENEES,"Commune simple",1941.0,16309.0,0.6,"42.7023538618, 1.44304412674","{""type"": ""Polygon"", ""coordinates"": [[[1.493749773584153, 42.65321071640227], [1.479740829431661, 42.650854376196776], [1.47052623254544, 42.6348067950785], [1.473982979824194, 42.61115319471261], [1.45784089377687, 42.60379091781247], [1.438947611249486, 42.604334890287255], [1.42183266792381, 42.62506203724437], [1.413033215446247, 42.652646059839824], [1.389547695244149, 42.66976754319367], [1.387916950733163, 42.68730573458488], [1.377012664688968, 42.69411036557063], [1.363069094123711, 42.69660488180335], [1.351833409105197, 42.70288940942125], [1.357378157348905, 42.71942293537566], [1.367035188560234, 42.73125275412231], [1.380893296355178, 42.73080666388198], [1.389492829136327, 42.733472402086996], [1.390622742335871, 42.74378661132553], [1.404934510079821, 42.76962267534354], [1.406948245710676, 42.79013986021974], [1.407858681553042, 42.790782938437545], [1.411688466146085, 42.79273740159112], [1.425245112836028, 42.79086887847862], [1.436303395701839, 42.784699319566705], [1.471504794288948, 42.775853954439256], [1.49445811488323, 42.76396603460277], [1.482234868619245, 42.75482739956159], [1.499668915078664, 42.73087279696019], [1.51643794763711, 42.71953265178051], [1.513119318258009, 42.691411553846955], [1.516018854416275, 42.670427474878736], [1.506183122890927, 42.65861857017131], [1.493749773584153, 42.65321071640227]]]}",5634,030,20,1,09,73
80388,80140,GREBAULT-MESNIL,SOMME,PICARDIE,"Commune simple",104.0,255.0,0.2,"50.0243091367, 1.72232467954","{""type"": ""Polygon"", ""coordinates"": [[[1.729550584655291, 50.01390208009708], [1.724015397040926, 50.018937956984146], [1.714902460807453, 50.01818696445331], [1.708175926535058, 50.02284131645119], [1.711998642205999, 50.03155908937684], [1.734286829501288, 50.031413987250055], [1.730734786560267, 50.02231348324586], [1.736068865103935, 50.016942881320745], [1.729550584655291, 50.01390208009708]]]}",5778,388,29,1,80,22
79336,79120,VANCAIS,DEUX-SEVRES,POITOU-CHARENTES,"Commune simple",129.0,1703.0,0.3,"46.3039075076, 0.0433281606115","{""type"": ""Polygon"", ""coordinates"": [[[0.034148632909534, 46.27673398171677], [0.034852113818909, 46.28701597506438], [0.028932130431971, 46.303162770586056], [0.004915291758516, 46.306291319272006], [0.015833858678256, 46.31660738104092], [0.015099074502347, 46.32625710902133], [0.029353863552531, 46.328675213263026], [0.047162440041055, 46.32239791085186], [0.07821752836492, 46.30494253750384], [0.057817390978491, 46.27883506135642], [0.034148632909534, 46.27673398171677]]]}",26278,336,13,2,79,54
71427,71460,SAINT-HURUGE,SAONE-ET-LOIRE,BOURGOGNE,"Commune simple",260.0,403.0,0.1,"46.5787209539, 4.57476760271","{""type"": ""Polygon"", ""coordinates"": [[[4.560741405669891, 46.567007396617235], [4.565729220670172, 46.588337877335675], [4.58057027450571, 46.588377171353436], [4.593624613649835, 46.58405340530641], [4.577129365615662, 46.568809180396535], [4.560741405669891, 46.567007396617235]]]}",26312,427,41,5,71,26
51266,51160,GERMAINE,MARNE,CHAMPAGNE-ARDENNE,"Commune simple",221.0,1482.0,0.5,"49.1188404223, 4.03185929464","{""type"": ""Polygon"", ""coordinates"": [[[4.013774801172194, 49.092226759440784], [4.012444820720862, 49.09914376899434], [4.018413400402711, 49.11229340345462], [4.005446339336813, 49.12733772442623], [3.997453826058484, 49.13065022391418], [3.998910625921667, 49.13656358671918], [4.003563292747149, 49.13551782024328], [4.010868683858163, 49.13910724616299], [4.023785901722771, 49.134646122715424], [4.029590133038671, 49.13986567066442], [4.03823803546808, 49.13783120776426], [4.047094947894935, 49.13939093940484], [4.053905858248608, 49.135339204329284], [4.05939126863873, 49.11610267305907], [4.047476264594809, 49.09792652532407], [4.032888788808311, 49.097729008120986], [4.014392417969357, 49.09230247772012], [4.013774801172194, 49.092226759440784]]]}",27577,266,03,2,51,21
33531,33420,TIZAC-DE-CURTON,GIRONDE,AQUITAINE,"Commune simple",48.0,409.0,0.3,"44.8247322767, -0.242853466608","{""type"": ""Polygon"", ""coordinates"": [[[-0.240409336548361, 44.81226735219977], [-0.251980378427942, 44.816875519853504], [-0.258615430755139, 44.82082573728701], [-0.253148524588807, 44.831799361477685], [-0.247281611765374, 44.837864436605805], [-0.226764989149157, 44.828605365764126], [-0.230594740861161, 44.819239773735184], [-0.240409336548361, 44.81226735219977]]]}",11128,531,16,5,33,72
49205,49330,MIRE,MAINE-ET-LOIRE,"PAYS DE LA LOIRE","Commune simple",50.0,1792.0,1.0,"47.7620031933, -0.495000586199","{""type"": ""Polygon"", ""coordinates"": [[[-0.453108630791202, 47.75550477087174], [-0.485110118029303, 47.74150169989716], [-0.528664979027652, 47.748538808717115], [-0.532922192847626, 47.75068972999456], [-0.518349736453568, 47.767696990100376], [-0.522100477184986, 47.78398105662704], [-0.519889462945448, 47.78652508124731], [-0.507134068230152, 47.785069970601796], [-0.479832592717765, 47.776614265606305], [-0.460943800973788, 47.76546252723794], [-0.453550759907495, 47.756347580831545], [-0.453108630791202, 47.75550477087174]]]}",22087,205,10,4,49,52
76124,76220,BOSC-HYONS,SEINE-MARITIME,HAUTE-NORMANDIE,"Commune simple",211.0,559.0,0.4,"49.452101199, 1.64984225358","{""type"": ""Polygon"", ""coordinates"": [[[1.658747846637459, 49.457887513432375], [1.666216823807866, 49.449574129132166], [1.662521412378262, 49.43684953265662], [1.658563060627424, 49.434819096488766], [1.645232839027897, 49.43905746343245], [1.639391791500744, 49.45143312956287], [1.630862631850234, 49.45484280165492], [1.640101215264334, 49.469464303672616], [1.652817302087915, 49.46582198817619], [1.658747846637459, 49.457887513432375]]]}",36133,124,25,1,76,23
02287,02690,ESSIGNY-LE-GRAND,AISNE,PICARDIE,"Commune simple",98.0,1330.0,1.1,"49.7740780116, 3.27214459324","{""type"": ""Polygon"", ""coordinates"": [[[3.250868188589541, 49.750998702977896], [3.252633270564802, 49.76303469057731], [3.246644969670826, 49.772426964705005], [3.24717769605535, 49.77931707206522], [3.255286535418485, 49.7860746989278], [3.282606568519328, 49.79808953436108], [3.2853393603721, 49.79781364151815], [3.28530647396689, 49.79440863308765], [3.293835129883891, 49.790803596674515], [3.298045298046933, 49.784549160460976], [3.298597125117014, 49.7744940673568], [3.28021466617274, 49.75674795472657], [3.279506638125496, 49.75661480822908], [3.273800653484458, 49.75549567259279], [3.266232729365575, 49.75096610632859], [3.250868188589541, 49.750998702977896]]]}",18959,287,20,3,02,22
2B136,20218,LAMA,HAUTE-CORSE,CORSE,"Commune simple",583.0,2000.0,0.2,"42.5804431828, 9.16621069911","{""type"": ""Polygon"", ""coordinates"": [[[9.212276573557448, 42.5790573742103], [9.172022369743368, 42.56213379326333], [9.154256961899875, 42.56139354096719], [9.133818182648529, 42.56989339428841], [9.125892200588082, 42.58547073592017], [9.135062047713836, 42.60081401920656], [9.13483528877835, 42.60758108435185], [9.139512578770889, 42.59764533532058], [9.161572733575438, 42.5913504722902], [9.209453406085471, 42.59457931030892], [9.210229397660896, 42.58594905003098], [9.207450948517128, 42.58381126639964], [9.212276573557448, 42.5790573742103]]]}",25039,136,26,5,2B,94
33048,33124,BERTHEZ,GIRONDE,AQUITAINE,"Commune simple",90.0,600.0,0.2,"44.4828924557, -0.128085813135","{""type"": ""Polygon"", ""coordinates"": [[[-0.110551417500758, 44.476069871527685], [-0.123091337837119, 44.472336872845936], [-0.137232000766415, 44.474124511209], [-0.156010608026187, 44.48458873659803], [-0.157275158007659, 44.48920133018628], [-0.147982345564269, 44.49047609800622], [-0.124755683156399, 44.48628087975235], [-0.117707200303206, 44.49059760691246], [-0.104170408273524, 44.49344804900006], [-0.100280484504243, 44.487701602008514], [-0.110389354962859, 44.48249790835557], [-0.110551417500758, 44.476069871527685]]]}",22790,048,03,3,33,72
25470,25250,"LA PRETIERE",DOUBS,FRANCHE-COMTE,"Commune simple",319.0,272.0,0.2,"47.4467319002, 6.61016502451","{""type"": ""Polygon"", ""coordinates"": [[[6.605267848110569, 47.433247888764384], [6.599702224108201, 47.4357992666024], [6.598085609924817, 47.44869925527706], [6.611129721178541, 47.451439971893436], [6.62161475958578, 47.46562213493689], [6.623802832507117, 47.46477003644464], [6.619313292389444, 47.45458289562156], [6.621034818602554, 47.44762668774879], [6.605267848110569, 47.433247888764384]]]}",22207,470,10,2,25,43
01364,01560,SAINT-JEAN-SUR-REYSSOUZE,AIN,RHONE-ALPES,"Commune simple",198.0,2744.0,0.7,"46.3972479854, 5.06297763777","{""type"": ""Polygon"", ""coordinates"": [[[5.083789836722472, 46.35489006371868], [5.076133113012524, 46.360866800253255], [5.072163475450146, 46.36048861840218], [5.055295656836573, 46.38005241821245], [5.032853483181065, 46.38414770920964], [5.033502038771919, 46.391081040441264], [5.024726888247703, 46.4033433229707], [5.028120869197451, 46.4098856260106], [5.025922625222708, 46.42329191797661], [5.032587301188574, 46.42107468000133], [5.050834686787256, 46.4266032849792], [5.081369159442152, 46.42422211740886], [5.089914244602299, 46.421841085808815], [5.089161380732827, 46.41237869416761], [5.087492100522271, 46.40277992476889], [5.093556039649058, 46.38094198975977], [5.091403796120466, 46.36755980609011], [5.083789836722472, 46.35489006371868]]]}",9089,364,29,2,01,82
51184,51300,COURDEMANGES,MARNE,CHAMPAGNE-ARDENNE,"Commune simple",146.0,1939.0,0.4,"48.6799310548, 4.50944976193","{""type"": ""Polygon"", ""coordinates"": [[[4.469204313972885, 48.65540389948669], [4.452373068000557, 48.66003638913508], [4.439977034455085, 48.67196282661276], [4.471130631780597, 48.67754691653398], [4.523364512536305, 48.69576500428755], [4.576117619502053, 48.70157480642532], [4.57651965649926, 48.69237531701219], [4.582205591072096, 48.687181105245145], [4.56204279564696, 48.67993500118916], [4.560825391689571, 48.68329758330357], [4.535995268028564, 48.68533831890532], [4.497189765615937, 48.669143868186616], [4.479327730304426, 48.656619117894785], [4.469204313972885, 48.65540389948669]]]}",9231,184,34,4,51,21
88338,88700,ORTONCOURT,VOSGES,LORRAINE,"Commune simple",362.0,437.0,0.1,"48.3681665513, 6.50942324126","{""type"": ""Polygon"", ""coordinates"": [[[6.505196306367715, 48.35550320509732], [6.49687354523179, 48.35836096973894], [6.494762756301687, 48.37113028604934], [6.50083824535405, 48.37610208132626], [6.512456401168674, 48.3818639599486], [6.517180400443322, 48.380940300456956], [6.516341849113448, 48.37790326473301], [6.527223006679388, 48.36801560570768], [6.52243619016887, 48.36273658571549], [6.505196306367715, 48.35550320509732]]]}",32094,338,21,1,88,41
49266,49170,SAINT-AUGUSTIN-DES-BOIS,MAINE-ET-LOIRE,"PAYS DE LA LOIRE","Commune simple",61.0,2744.0,1.0,"47.4545053471, -0.800399129373","{""type"": ""Polygon"", ""coordinates"": [[[-0.771920003842307, 47.431935839612386], [-0.796357148009179, 47.43173537918503], [-0.819411528171481, 47.43802809580041], [-0.824008008577697, 47.4367324627772], [-0.825794984529947, 47.44593845406596], [-0.829680885245668, 47.44807268562571], [-0.863750822887304, 47.45126294285387], [-0.835241493682641, 47.4730160171035], [-0.818273898263202, 47.47757541857825], [-0.760482503769173, 47.46802093910383], [-0.760977481796266, 47.45785745872876], [-0.752547794806507, 47.454182428446686], [-0.746435082480057, 47.44202405562975], [-0.75929939265214, 47.44002282939902], [-0.768057449094781, 47.4376305649715], [-0.771920003842307, 47.431935839612386]]]}",1088,266,18,1,49,52
68097,68240,FRELAND,HAUT-RHIN,ALSACE,"Commune simple",751.0,1917.0,1.4,"48.1836015307, 7.18808543159","{""type"": ""Polygon"", ""coordinates"": [[[7.209099891395304, 48.15458897521648], [7.179777359127497, 48.16064217258806], [7.179881379257397, 48.16756775907676], [7.16776936023245, 48.17879116844354], [7.152478591354625, 48.17965482748907], [7.149046021761004, 48.18226250374225], [7.15109874046245, 48.19225495209599], [7.178720600950166, 48.20836385989935], [7.189088812718571, 48.209744349721376], [7.195336071883913, 48.2042242240426], [7.205307951449198, 48.20232847633608], [7.216387076826243, 48.1906876838096], [7.217941371471756, 48.180801281081344], [7.209099891395304, 48.15458897521648]]]}",18201,097,14,5,68,42
62735,62113,SAILLY-LABOURSE,PAS-DE-CALAIS,NORD-PAS-DE-CALAIS,"Commune simple",28.0,611.0,2.1,"50.501663993, 2.70273580801","{""type"": ""Polygon"", ""coordinates"": [[[2.703599907894537, 50.479405154303834], [2.698530590930391, 50.48024566043016], [2.687764723159236, 50.505872865573906], [2.687153011119786, 50.50918346050781], [2.694148919834223, 50.51377866365013], [2.713378597144881, 50.51865367782439], [2.719059282520432, 50.50981647010848], [2.704748893993237, 50.484982185844544], [2.708672952634297, 50.48275639107827], [2.703599907894537, 50.479405154303834]]]}",34137,735,57,2,62,31
45330,45410,TRINAY,LOIRET,CENTRE,"Commune simple",124.0,1741.0,0.2,"48.0843446656, 1.95253961783","{""type"": ""Polygon"", ""coordinates"": [[[1.936222506502683, 48.06258343616088], [1.926473479968103, 48.061361039917436], [1.924140639804175, 48.0678104456988], [1.928230907983785, 48.07402140552593], [1.926688344593638, 48.07724718310591], [1.921623867798033, 48.0773269321883], [1.913987243884745, 48.08037061808859], [1.91127298256019, 48.088922066868086], [1.91510686140957, 48.08668056279696], [1.923957909868943, 48.09462720414973], [1.948780542428637, 48.09477021616509], [1.953781729642485, 48.104084013463364], [1.961924395996381, 48.108169670226125], [1.964641557530089, 48.105277803985764], [1.97891681006899, 48.1063652316439], [1.983747943451065, 48.100386477863104], [1.992689778163224, 48.097169497942126], [1.99485777070622, 48.09407425455196], [1.991032137354596, 48.091809740190534], [1.978336262926322, 48.08564380788621], [1.970859359931461, 48.07644435468472], [1.971075399067497, 48.06602486730346], [1.952127889121528, 48.06278000378717], [1.944059048359242, 48.066820735014325], [1.936222506502683, 48.06258343616088]]]}",28067,330,01,2,45,24
39009,39110,ANDELOT-EN-MONTAGNE,JURA,FRANCHE-COMTE,"Commune simple",633.0,1263.0,0.5,"46.8591094265, 5.9289781242","{""type"": ""Polygon"", ""coordinates"": [[[5.930727863737163, 46.83466870932188], [5.909921783654934, 46.841576056838115], [5.907905650753289, 46.84388853458035], [5.904412752644027, 46.85759973185232], [5.926395686527101, 46.881090231766755], [5.935031215406397, 46.88137492393656], [5.940992779494642, 46.88613319022761], [5.945368123442447, 46.87984048211243], [5.947105688363971, 46.87458822618974], [5.945784961999026, 46.87132437453975], [5.952430002606314, 46.86236028466013], [5.945409778061211, 46.846322102213065], [5.936468906492917, 46.8439377730252], [5.930727863737163, 46.83466870932188]]]}",26905,009,06,2,39,43
27199,27720,DANGU,EURE,HAUTE-NORMANDIE,"Commune simple",78.0,802.0,0.6,"49.2614400843, 1.6883198485","{""type"": ""Polygon"", ""coordinates"": [[[1.701625423811792, 49.2423053212942], [1.696961897862457, 49.24263264600908], [1.682750761367868, 49.246865909429815], [1.683081536234654, 49.25274967114736], [1.658247466803856, 49.26547697938834], [1.681996739329066, 49.27589843704766], [1.69720894233618, 49.27478693455496], [1.711645652002521, 49.26452157705809], [1.701428397128418, 49.251788752189775], [1.701625423811792, 49.2423053212942]]]}",34377,199,20,1,27,23
38536,38150,VERNIOZ,ISERE,RHONE-ALPES,"Commune simple",304.0,1122.0,1.2,"45.430347371, 4.89879549763","{""type"": ""Polygon"", ""coordinates"": [[[4.929850653110806, 45.42368216849373], [4.902537340069428, 45.41831235148365], [4.859289185360305, 45.42040707256523], [4.86468581027467, 45.43220679296151], [4.897339180433117, 45.43838738179076], [4.918605858785643, 45.452175950281564], [4.924967580229575, 45.43780843390613], [4.929850653110806, 45.42368216849373]]]}",28303,536,24,3,38,82
83065,83580,GASSIN,VAR,"PROVENCE-ALPES-COTE D'AZUR","Commune simple",69.0,2484.0,2.9,"43.2392065224, 6.58617518642","{""type"": ""Polygon"", ""coordinates"": [[[6.601153564815801, 43.21642557731035], [6.574423725913778, 43.21301941073838], [6.556187219972689, 43.21414432228587], [6.54016783044336, 43.22051484343914], [6.538841482915782, 43.22378183967739], [6.554597188678032, 43.23150286795143], [6.565096996963617, 43.25455003530466], [6.574598199011239, 43.262348997676234], [6.593457215355497, 43.26227227115562], [6.62361580673951, 43.26534352686414], [6.636373326830215, 43.254856127128484], [6.612136883064544, 43.243396332728416], [6.601153564815801, 43.21642557731035]]]}",4053,065,22,1,83,93
33358,33760,ROMAGNE,GIRONDE,AQUITAINE,"Commune simple",56.0,519.0,0.4,"44.7639270453, -0.204211440747","{""type"": ""Polygon"", ""coordinates"": [[[-0.20272769213794, 44.74571117112295], [-0.217459044879734, 44.753474695869784], [-0.207754896453558, 44.76491117512403], [-0.218092635073777, 44.77603675845415], [-0.216275992978373, 44.78275735151827], [-0.215963822202051, 44.7828294860603], [-0.207604768687928, 44.78156700151354], [-0.198019117181145, 44.7709683819674], [-0.189319997500225, 44.7701378934038], [-0.189009876284038, 44.76578576851765], [-0.198060278022804, 44.74856720460861], [-0.20272769213794, 44.74571117112295]]]}",33088,358,48,3,33,72
59044,59780,BAISIEUX,NORD,NORD-PAS-DE-CALAIS,"Commune simple",34.0,868.0,4.4,"50.6111718868, 3.24121907398","{""type"": ""Polygon"", ""coordinates"": [[[3.234408586082043, 50.595098561354924], [3.227049554656026, 50.59221337745208], [3.221743775732655, 50.59757196548845], [3.218399506336609, 50.60025237687842], [3.224713291147135, 50.60576054832062], [3.223798349523014, 50.61248419894996], [3.213718813596883, 50.620363654575954], [3.2037699054464, 50.62296503025665], [3.23022773037425, 50.62120465470059], [3.25870362341978, 50.62817555307721], [3.256132250129856, 50.62195263091816], [3.269466592484673, 50.61197163203673], [3.270969122836657, 50.605506611789345], [3.255240996196437, 50.60480403760284], [3.234408586082043, 50.595098561354924]]]}",33841,044,33,5,59,31
78569,78730,SAINTE-MESME,YVELINES,ILE-DE-FRANCE,"Commune simple",137.0,835.0,0.9,"48.5356862351, 1.94057719252","{""type"": ""Polygon"", ""coordinates"": [[[1.952893097370138, 48.52348891997124], [1.938673996607778, 48.52274204602638], [1.919852148515879, 48.53244172252762], [1.917352445511757, 48.53869854751065], [1.910069716712429, 48.546890768410854], [1.911878720564915, 48.54982217635958], [1.925272932180097, 48.54884641318725], [1.927670216562774, 48.55154897681787], [1.934125187233232, 48.54864719464459], [1.96206456899272, 48.53499489606881], [1.976093448304158, 48.53456776019082], [1.977253142389667, 48.52789338092098], [1.967669116825551, 48.52623615133512], [1.963885510093959, 48.52784959159545], [1.952893097370138, 48.52348891997124]]]}",4318,569,19,2,78,11
08269,08370,MALANDRY,ARDENNES,CHAMPAGNE-ARDENNE,"Commune simple",268.0,673.0,0.1,"49.5756613588, 5.18088695115","{""type"": ""Polygon"", ""coordinates"": [[[5.177682729598108, 49.56715500144232], [5.168633284199744, 49.563658038519506], [5.159887390159933, 49.56669083373747], [5.152895066022936, 49.5766231804142], [5.163943274979714, 49.58683712441866], [5.178571758885198, 49.584849472975584], [5.183637022439912, 49.57910376219298], [5.201327596306527, 49.58475369548449], [5.215435133441376, 49.57746682469104], [5.201334058033028, 49.56813981633355], [5.18691385351732, 49.56969506929474], [5.177682729598108, 49.56715500144232]]]}",21333,269,04,3,08,21
24525,24300,SAVIGNAC-DE-NONTRON,DORDOGNE,AQUITAINE,"Commune simple",240.0,1001.0,0.2,"45.5479530134, 0.718268014166","{""type"": ""Polygon"", ""coordinates"": [[[0.722685996496792, 45.530532394036456], [0.694177291453975, 45.544490531037894], [0.690281202246885, 45.554310924112684], [0.706954625139707, 45.56103947218592], [0.721433468757937, 45.562279870407984], [0.751872739033307, 45.546290472697926], [0.742958007453187, 45.54419294223376], [0.722804825297341, 45.530760014608], [0.722685996496792, 45.530532394036456]]]}",31567,525,26,2,24,72
18251,18140,SEVRY,CHER,CENTRE,"Commune simple",202.0,914.0,0.1,"47.1381447281, 2.82322289822","{""type"": ""Polygon"", ""coordinates"": [[[2.803149713594669, 47.122601511888156], [2.797324898632546, 47.12821835158455], [2.811112901614377, 47.15000190439851], [2.818354529208742, 47.15494710756402], [2.828609907888628, 47.15480969612119], [2.840968140593084, 47.14870533588234], [2.846538911314759, 47.14343712379527], [2.843043500436848, 47.1248592552555], [2.834710978671188, 47.12784565739865], [2.803149713594669, 47.122601511888156]]]}",16314,251,24,1,18,24
90065,90200,LEPUIX,"TERRITOIRE DE BELFORT",FRANCHE-COMTE,"Commune simple",800.0,2832.0,1.2,"47.7806013604, 6.82197185625","{""type"": ""Polygon"", ""coordinates"": [[[6.834526664322671, 47.7575028670577], [6.814461360960296, 47.74789525472906], [6.799576233729617, 47.7486229400392], [6.791052192302759, 47.75199919398274], [6.783123453195586, 47.763762551981365], [6.774580573188882, 47.76673259614532], [6.786246041620569, 47.78228664153032], [6.813623072093149, 47.79790566641196], [6.824671510757709, 47.809646745940206], [6.823538854548162, 47.81305372458858], [6.837407902924624, 47.82301658960554], [6.841830416710889, 47.82478192204558], [6.846179818400713, 47.82294519699917], [6.842990340401047, 47.81362460590553], [6.848820752298933, 47.80805370631969], [6.849115909459169, 47.80123179130233], [6.859245358412285, 47.793932938206865], [6.864959499976742, 47.78460727190784], [6.855516135008332, 47.77330343872578], [6.842297865314581, 47.76925964863912], [6.834526664322671, 47.7575028670577]]]}",17510,065,04,1,90,43
22012,22240,"LA BOUILLIE",COTES-D'ARMOR,BRETAGNE,"Commune simple",78.0,1092.0,0.8,"48.583703743, -2.44206037787","{""type"": ""Polygon"", ""coordinates"": [[[-2.465368723887911, 48.56690181950349], [-2.469609276621509, 48.56834773430874], [-2.466006347524042, 48.58340960490471], [-2.462076025714183, 48.58937014522466], [-2.443939309645621, 48.59989526424688], [-2.438761844635022, 48.60893242189691], [-2.431050351071181, 48.60472262768342], [-2.430105454323808, 48.594577139938266], [-2.410096766619616, 48.58458875005245], [-2.418482060117836, 48.57632621032998], [-2.430983373492295, 48.570832281192395], [-2.465368723887911, 48.56690181950349]]]}",17567,012,24,1,22,53
34123,34990,JUVIGNAC,HERAULT,LANGUEDOC-ROUSSILLON,"Commune simple",81.0,1096.0,7.2,"43.6237646402, 3.79579375182","{""type"": ""Polygon"", ""coordinates"": [[[3.816253622118609, 43.59122180389978], [3.813851673554584, 43.59993197873436], [3.80573132708422, 43.599191669912976], [3.803932330781063, 43.605998577300994], [3.786615516606971, 43.61733701962932], [3.78023953816857, 43.62662414528313], [3.767062769680373, 43.630578173569525], [3.761137674500861, 43.63591079857315], [3.771327303121837, 43.64277667826004], [3.798380916537524, 43.6368674448818], [3.807443010323848, 43.639005112298605], [3.814607185642019, 43.630475242583934], [3.810528835700241, 43.62415294180851], [3.819181427304168, 43.60813422801975], [3.816253622118609, 43.59122180389978]]]}",32482,123,46,3,34,91
60427,60119,MONTS,OISE,PICARDIE,"Commune simple",105.0,372.0,0.2,"49.2187416558, 2.0008608865","{""type"": ""Polygon"", ""coordinates"": [[[1.993632520300243, 49.21215359166241], [1.980475267641441, 49.21614285021], [1.980292071460757, 49.22265066322645], [1.989974520611222, 49.22378409986527], [2.014077216376933, 49.22529628132202], [2.02256568336678, 49.21848748084103], [2.016863377111269, 49.21376588493391], [1.993632520300243, 49.21215359166241]]]}",25086,427,23,1,60,22
71358,71220,PRESSY-SOUS-DONDIN,SAONE-ET-LOIRE,BOURGOGNE,"Commune simple",328.0,1237.0,0.1,"46.4761059444, 4.50397889767","{""type"": ""Polygon"", ""coordinates"": [[[4.535537836859848, 46.464155484851474], [4.511500879079341, 46.46403469291189], [4.493894041207103, 46.46740940623952], [4.485195294906001, 46.46435264063845], [4.475605032131387, 46.4649181981611], [4.469953400825157, 46.468485416516444], [4.467679302728802, 46.47164877069368], [4.484288046004049, 46.49328308539366], [4.511400461823145, 46.485344657428776], [4.540464937860928, 46.48401999487654], [4.535537836859848, 46.464155484851474]]]}",14446,358,40,3,71,26
76267,76190,"LA FOLLETIERE",SEINE-MARITIME,HAUTE-NORMANDIE,"Commune simple",93.0,503.0,0.1,"49.5712882998, 0.792470353518","{""type"": ""Polygon"", ""coordinates"": [[[0.802309114708848, 49.562146417259136], [0.782946895250882, 49.56467115278158], [0.76953714571674, 49.560586568063364], [0.764857602028193, 49.56172316531318], [0.763902542768056, 49.563341821725466], [0.780277172427903, 49.57622876910154], [0.802843655080989, 49.58324700111076], [0.814166099867549, 49.580044144182686], [0.811182978631795, 49.5686179062517], [0.802309114708848, 49.562146417259136]]]}",21657,267,41,3,76,23
49176,49220,"LE LION-D'ANGERS",MAINE-ET-LOIRE,"PAYS DE LA LOIRE","Chef-lieu canton",40.0,4167.0,3.6,"47.6307737346, -0.749881925184","{""type"": ""Polygon"", ""coordinates"": [[[-0.739328113258075, 47.590151599094746], [-0.749561826697998, 47.590201532693705], [-0.752679600094753, 47.60271714533139], [-0.797824538657093, 47.60388758232676], [-0.794514508717036, 47.61411522170199], [-0.781945116639794, 47.624237573685704], [-0.782165359730426, 47.630727629716674], [-0.788895304495636, 47.63576299887427], [-0.787035397970473, 47.638860174249174], [-0.81300573260475, 47.648891646953494], [-0.804450969814377, 47.65515424425091], [-0.785931007825144, 47.65016012535608], [-0.767191006467241, 47.66974365298248], [-0.764200309476752, 47.66744311872956], [-0.754746838874013, 47.66125942923353], [-0.742159204127314, 47.66321330896807], [-0.732385465015059, 47.66059748885235], [-0.712303896073595, 47.64439619368463], [-0.691354181973274, 47.634346538018484], [-0.694551653489273, 47.61815192637733], [-0.708446993597097, 47.618080642162425], [-0.723487048350339, 47.610158554934436], [-0.739328113258075, 47.590151599094746]]]}",9490,176,16,4,49,52
54091,54700,BOUXIERES-SOUS-FROIDMONT,MEURTHE-ET-MOSELLE,LORRAINE,"Commune simple",231.0,780.0,0.3,"48.9553164791, 6.10140466054","{""type"": ""Polygon"", ""coordinates"": [[[6.089141071471373, 48.94167987992353], [6.088320616406063, 48.9448868116934], [6.079358258667618, 48.94719632646656], [6.078941493076034, 48.95330854714327], [6.081322571612107, 48.9630475006174], [6.099599986095678, 48.96884870560224], [6.114486003326706, 48.96749094451196], [6.124889260027115, 48.95615094413451], [6.123213757250434, 48.94941803141409], [6.118372660385451, 48.943883439020226], [6.103348734567586, 48.94487648583904], [6.089141071471373, 48.94167987992353]]]}",24078,091,24,3,54,41
86075,86110,CHOUPPES,VIENNE,POITOU-CHARENTES,"Commune simple",103.0,3172.0,0.7,"46.8076034833, 0.168441439384","{""type"": ""Polygon"", ""coordinates"": [[[0.153642942550813, 46.78361216975154], [0.134847055856814, 46.779396900968706], [0.131623828326899, 46.78206449675909], [0.123108270777311, 46.78756388965779], [0.101827578071763, 46.79917460813389], [0.116261043423715, 46.80161894790507], [0.119589439901669, 46.81848782598161], [0.138537335997971, 46.822546844570084], [0.14083339335796, 46.82928019295949], [0.147902075620575, 46.83414978252943], [0.151581274926453, 46.82385276833082], [0.156388229700226, 46.82254820951815], [0.170160923142146, 46.826996380832185], [0.221027802527711, 46.82082208370505], [0.236773873145627, 46.829129807387545], [0.253718655561738, 46.81311171727736], [0.240946925967558, 46.8085354739605], [0.236781576787021, 46.810192263149546], [0.229121996787706, 46.814224317418585], [0.220089077043307, 46.812258423978285], [0.191781817177697, 46.79328995677765], [0.177649028373927, 46.78984441079737], [0.162981992495026, 46.791627569932785], [0.153642942550813, 46.78361216975154]]]}",2818,075,18,1,86,54
67288,67250,MEMMELSHOFFEN,BAS-RHIN,ALSACE,"Commune simple",194.0,182.0,0.3,"48.9589782972, 7.87192314443","{""type"": ""Polygon"", ""coordinates"": [[[7.870701037037636, 48.95068999903147], [7.863141563251806, 48.954691153999384], [7.868053924726531, 48.967546269571294], [7.883644822328388, 48.960613933463904], [7.870701037037636, 48.95068999903147]]]}",18583,288,26,7,67,42
91649,91710,VERT-LE-PETIT,ESSONNE,ILE-DE-FRANCE,"Commune simple",64.0,684.0,2.6,"48.552025472, 2.36598547883","{""type"": ""Polygon"", ""coordinates"": [[[2.372243073153281, 48.53686056354045], [2.359995956278527, 48.53475318937482], [2.357098994485879, 48.536815626497386], [2.34275603831907, 48.55283088682573], [2.3476312663028, 48.5574186122362], [2.353408437110031, 48.56256875984725], [2.366993518940145, 48.56438699909391], [2.376020393823064, 48.56207780334889], [2.383194196426869, 48.56630722601153], [2.387351492497591, 48.565465118583795], [2.390374937466352, 48.55722255661294], [2.374443938974373, 48.5454092767546], [2.372243073153281, 48.53686056354045]]]}",19567,649,16,2,91,11
54446,54370,RECHICOURT-LA-PETITE,MEURTHE-ET-MOSELLE,LORRAINE,"Commune simple",265.0,551.0,0.1,"48.717997142, 6.58235675457","{""type"": ""Polygon"", ""coordinates"": [[[6.591047501132214, 48.70580938939152], [6.589839294568506, 48.70604385689603], [6.576856254483339, 48.708549925439755], [6.558301393587453, 48.707169366395895], [6.566010234727147, 48.71128776150877], [6.567093105923227, 48.72494967717576], [6.589493278981291, 48.73247982797021], [6.595441599559566, 48.72774489068], [6.598965570952481, 48.71569079778235], [6.599860351514041, 48.712683567692956], [6.591047501132214, 48.70580938939152]]]}",34653,446,01,2,54,41
57690,57730,VALMONT,MOSELLE,LORRAINE,"Commune simple",293.0,922.0,3.3,"49.0843033887, 6.70254231837","{""type"": ""Polygon"", ""coordinates"": [[[6.708202392031808, 49.06073696646465], [6.688939995593691, 49.08032290444403], [6.678362719101149, 49.08690301135941], [6.663858101221113, 49.089731493455574], [6.687317851826834, 49.09700667835012], [6.707983198445189, 49.098278970218765], [6.716589327397084, 49.094808678564775], [6.726083966902755, 49.09761102596348], [6.723795043059483, 49.08807767786915], [6.724085593832289, 49.07972446308453], [6.708202392031808, 49.06073696646465]]]}",33629,690,27,3,57,41
14138,14330,CARTIGNY-L'EPINAY,CALVADOS,BASSE-NORMANDIE,"Commune simple",30.0,1051.0,0.3,"49.2392752495, -1.00695398636","{""type"": ""Polygon"", ""coordinates"": [[[-0.972060812462925, 49.24662520949918], [-0.98468296023679, 49.2279177133153], [-1.010170855707662, 49.22392135126743], [-1.030860543148706, 49.22646238863307], [-1.024913694122218, 49.23145913762088], [-1.033568464839633, 49.24424907789193], [-1.030518396499585, 49.2578444064022], [-1.029499778174538, 49.260299849392084], [-1.026588133459571, 49.25858786117137], [-1.016322938497187, 49.251972257752115], [-1.006371017335837, 49.25113331000739], [-0.993788989074646, 49.24543900596913], [-0.979802385905751, 49.248242057171716], [-0.972060812462925, 49.24662520949918]]]}",4705,138,20,1,14,25
62856,62690,VILLERS-BRULIN,PAS-DE-CALAIS,NORD-PAS-DE-CALAIS,"Commune simple",134.0,384.0,0.3,"50.3727264691, 2.52941539032","{""type"": ""Polygon"", ""coordinates"": [[[2.534033687505234, 50.36185628718269], [2.519633927006415, 50.366281061299716], [2.512374093523413, 50.379692354630016], [2.524400733088285, 50.38623908632319], [2.549375198547907, 50.36799126323325], [2.543381235282881, 50.36337257299265], [2.534033687505234, 50.36185628718269]]]}",30306,856,05,1,62,31
59349,59191,LIGNY-EN-CAMBRESIS,NORD,NORD-PAS-DE-CALAIS,"Commune simple",120.0,893.0,1.7,"50.1025067499, 3.37859262548","{""type"": ""Polygon"", ""coordinates"": [[[3.386940823014394, 50.08576576372742], [3.363678271517182, 50.09249193115574], [3.358966315560305, 50.097382524123766], [3.35255417992047, 50.10891471426364], [3.355651605107142, 50.11450086570089], [3.38384866349382, 50.11620315021081], [3.394048584672836, 50.1149314865135], [3.403349142024538, 50.10072037639981], [3.392700336612181, 50.08687909888494], [3.386940823014394, 50.08576576372742]]]}",30426,349,18,2,59,31
33085,33360,CAMBLANES-ET-MEYNAC,GIRONDE,AQUITAINE,"Commune simple",38.0,886.0,2.6,"44.7664526073, -0.475866480687","{""type"": ""Polygon"", ""coordinates"": [[[-0.452635031211388, 44.749492326385926], [-0.465528772298992, 44.75494718197385], [-0.467327760573049, 44.76073949608748], [-0.50030622214742, 44.76058533865522], [-0.511191502543974, 44.764954055685195], [-0.510893830266989, 44.76909999690599], [-0.511358513312512, 44.77350115310718], [-0.478522258944919, 44.77934939278987], [-0.461438009319283, 44.769647083486916], [-0.438184850926975, 44.769830532721706], [-0.437466931620423, 44.7663653119175], [-0.448608997888728, 44.759521573390785], [-0.452635031211388, 44.749492326385926]]]}",2837,085,23,2,33,72
76527,76390,RICHEMONT,SEINE-MARITIME,HAUTE-NORMANDIE,"Commune simple",209.0,1074.0,0.5,"49.8102781691, 1.64418812478","{""type"": ""Polygon"", ""coordinates"": [[[1.663170320385031, 49.79404737091805], [1.628000392170805, 49.79700847873504], [1.621465789262764, 49.80202068828715], [1.616176649501507, 49.8153403301935], [1.625515039083351, 49.818707604845955], [1.6370236770716, 49.830311002962944], [1.639311556236626, 49.82733543439177], [1.649176543829001, 49.82826267900758], [1.655024413820737, 49.8229809957877], [1.668926071293152, 49.82087809305608], [1.662044950478754, 49.804161794270904], [1.663879958045445, 49.800884208321214], [1.673753061378338, 49.79810758473938], [1.672400419019378, 49.79513660764433], [1.663170320385031, 49.79404737091805]]]}",30070,527,02,1,76,23
65395,65270,SAINT-PE-DE-BIGORRE,HAUTES-PYRENEES,MIDI-PYRENEES,"Chef-lieu canton",705.0,4274.0,1.3,"43.0842866025, -0.157552870418","{""type"": ""Polygon"", ""coordinates"": [[[-0.149048061615802, 43.04550109517115], [-0.161236386401109, 43.05025629319091], [-0.174738255982486, 43.04804058284135], [-0.181564230159231, 43.05254657648249], [-0.198331306147917, 43.063445176432886], [-0.198047925029736, 43.07031262385197], [-0.187362696117903, 43.08562584682266], [-0.189035429846419, 43.092354426162636], [-0.197562792161292, 43.099968921154], [-0.191939833914849, 43.10469952558935], [-0.193836750617866, 43.11502219694875], [-0.176731188021644, 43.110964174322625], [-0.166653817824255, 43.121459680828714], [-0.146313959263271, 43.12818564928107], [-0.145360039817355, 43.12217346356935], [-0.130446243527119, 43.11726097261531], [-0.133307648352962, 43.103855744882274], [-0.128754911641134, 43.09872233715522], [-0.121971749339862, 43.09503065180419], [-0.120680616256001, 43.08885725683513], [-0.109414142431879, 43.08443060019374], [-0.118851007131514, 43.07337437599082], [-0.133720920819446, 43.05299627751574], [-0.149048061615802, 43.04550109517115]]]}",24610,395,20,1,65,73
31274,31800,LARCAN,HAUTE-GARONNE,MIDI-PYRENEES,"Commune simple",396.0,708.0,0.2,"43.1712212106, 0.721733118542","{""type"": ""Polygon"", ""coordinates"": [[[0.744921107338127, 43.16995350254554], [0.736191068469687, 43.16810590286414], [0.737683368958437, 43.16484380221754], [0.727126048979514, 43.15822395155947], [0.718534153813583, 43.16102997947933], [0.709388632230132, 43.161654958516245], [0.693830383135717, 43.16926006102754], [0.705518822728706, 43.17398164179749], [0.716277777688106, 43.18328953041839], [0.720458761089575, 43.183287975712965], [0.737495332560456, 43.18157697601972], [0.744921107338127, 43.16995350254554]]]}",35670,274,29,2,31,73
76097,76730,BIVILLE-LA-RIVIERE,SEINE-MARITIME,HAUTE-NORMANDIE,"Commune simple",92.0,224.0,0.1,"49.775723221, 0.920460711671","{""type"": ""Polygon"", ""coordinates"": [[[0.934266941829247, 49.778009427627424], [0.927248166061042, 49.769352003454664], [0.91708055042541, 49.76993364481562], [0.903690644679057, 49.774638372741975], [0.904416856977199, 49.777913399338544], [0.934007684229989, 49.78236401211858], [0.934266941829247, 49.778009427627424]]]}",30046,097,03,1,76,23
51286,51290,HAUTEVILLE,MARNE,CHAMPAGNE-ARDENNE,"Commune simple",127.0,1083.0,0.2,"48.6354922599, 4.77235476532","{""type"": ""Polygon"", ""coordinates"": [[[4.747803860912259, 48.62027024950262], [4.74132573394142, 48.62256947533602], [4.740407883567772, 48.629249808559635], [4.747851281370466, 48.63388231269484], [4.749635252724948, 48.64379793232956], [4.771876281596142, 48.651881515271285], [4.772620918704695, 48.65181645748554], [4.790420805478723, 48.64897714493559], [4.799366694695339, 48.64220245278631], [4.79855262078698, 48.624445117417984], [4.795837708417539, 48.62166092078527], [4.786007398875461, 48.621520846840724], [4.774327558433352, 48.62766964382837], [4.747803860912259, 48.62027024950262]]]}",36048,286,24,4,51,21
42170,42120,PERREUX,LOIRE,RHONE-ALPES,"Chef-lieu canton",338.0,4150.0,2.1,"46.0404897361, 4.14491926088","{""type"": ""Polygon"", ""coordinates"": [[[4.134546882704618, 46.00182233119538], [4.129033685125107, 46.012765467632], [4.09949691224656, 46.02234987345054], [4.089478175002015, 46.03345167557823], [4.098351284037315, 46.04072378069034], [4.111195082583276, 46.050441973110615], [4.106898149995657, 46.059940080701686], [4.113226833352088, 46.06901902786732], [4.131995489120528, 46.06939164852369], [4.151975479581674, 46.077538941627616], [4.175796553032494, 46.06652351120465], [4.176063666057656, 46.05965824228044], [4.17977962475315, 46.05739518874669], [4.194004749486463, 46.05480570938444], [4.193696922827205, 46.03407727316039], [4.187847461430731, 46.0284649766841], [4.185273855487405, 46.018234159940675], [4.176660666932714, 46.02046732184787], [4.162775533150675, 46.01857529458682], [4.157374665651798, 46.00948059660359], [4.159431620345976, 46.00650563591847], [4.134546882704618, 46.00182233119538]]]}",2801,170,14,2,42,82
78276,78270,GOMMECOURT,YVELINES,ILE-DE-FRANCE,"Commune simple",46.0,572.0,0.7,"49.0711557318, 1.5943070354","{""type"": ""Polygon"", ""coordinates"": [[[1.599281739837252, 49.054591050063706], [1.595250535794249, 49.06046133806441], [1.580968316603632, 49.06229892538566], [1.572262160248118, 49.07680923113177], [1.594345554628782, 49.08275296341514], [1.604106701114296, 49.083774980741154], [1.608796070629922, 49.07789415353795], [1.614300584380332, 49.071177202255754], [1.599281739837252, 49.054591050063706]]]}",24725,276,02,1,78,11
62703,62156,REMY,PAS-DE-CALAIS,NORD-PAS-DE-CALAIS,"Commune simple",54.0,362.0,0.3,"50.257089455, 2.95881684722","{""type"": ""Polygon"", ""coordinates"": [[[2.970593837754549, 50.24752962930668], [2.966085512865313, 50.24660361558835], [2.958801001648193, 50.25043549247845], [2.945837270443641, 50.246946561990704], [2.944477418254264, 50.26115985198198], [2.96279380378186, 50.26712877829713], [2.969237396243506, 50.26754358639013], [2.973244872539149, 50.26555119855081], [2.969048075615943, 50.256427549695395], [2.970593837754549, 50.24752962930668]]]}",35874,703,46,1,62,31
68368,68230,WIHR-AU-VAL,HAUT-RHIN,ALSACE,"Commune simple",478.0,1240.0,1.2,"48.0553731067, 7.19720465805","{""type"": ""Polygon"", ""coordinates"": [[[7.188095131764387, 48.029873509924656], [7.185140901594103, 48.04161259191391], [7.176726226131277, 48.05400500016767], [7.177567212703877, 48.06737504659758], [7.164809331970895, 48.073017651088584], [7.162906712802462, 48.079762241483586], [7.185956263972545, 48.084694129248376], [7.182143912467124, 48.08223436697531], [7.182586777430434, 48.07542412194848], [7.224804040116123, 48.05482984754193], [7.235563820284, 48.03695110689133], [7.233182258472139, 48.03372047940862], [7.208556806123523, 48.043895229323326], [7.188095131764387, 48.029873509924656]]]}",35994,368,18,2,68,42
65343,65100,OSSEN,HAUTES-PYRENEES,MIDI-PYRENEES,"Commune simple",816.0,690.0,0.2,"43.0638671027, -0.0763064224879","{""type"": ""Polygon"", ""coordinates"": [[[-0.1035293950733, 43.04661654879167], [-0.103528958184583, 43.05667945790185], [-0.091974212035622, 43.06256553758134], [-0.074033428267791, 43.06637369491695], [-0.067664316099152, 43.086330217707456], [-0.058352544765148, 43.082319695554325], [-0.055406430870904, 43.0723404626357], [-0.062361365443941, 43.05969483844857], [-0.076934304762553, 43.05189863009471], [-0.089579866457439, 43.05197736528582], [-0.1035293950733, 43.04661654879167]]]}",24794,343,27,1,65,73
14493,14270,PERCY-EN-AUGE,CALVADOS,BASSE-NORMANDIE,"Commune simple",25.0,722.0,0.3,"49.0598706547, -0.060058486621","{""type"": ""Polygon"", ""coordinates"": [[[-0.065892049647753, 49.047824481035356], [-0.094085092364426, 49.05321123176961], [-0.091362456771502, 49.059445279665425], [-0.06281389425826, 49.06779826023807], [-0.051099261431789, 49.074683022968216], [-0.03216548449897, 49.064049809480814], [-0.027642054864591, 49.05857609760361], [-0.031104373747681, 49.056203229169135], [-0.059970257540902, 49.052330745843676], [-0.065892049647753, 49.047824481035356]]]}",24035,493,24,3,14,25
27082,27190,"LA BONNEVILLE-SUR-ITON",EURE,HAUTE-NORMANDIE,"Commune simple",113.0,397.0,2.3,"48.997516605, 1.03540164833","{""type"": ""Polygon"", ""coordinates"": [[[1.029353053575593, 48.98191183469395], [1.02655845031185, 48.99468365751535], [1.01573094182512, 49.006171393218295], [1.017435394414834, 49.008799059261285], [1.029993110072956, 49.00431959016964], [1.044135388721884, 49.007438240261656], [1.046542453113399, 49.00160388718903], [1.060448527691253, 49.00043529176369], [1.044121663236123, 48.9932802416387], [1.039650495683025, 48.9875225053165], [1.029353053575593, 48.98191183469395]]]}",17930,082,11,3,27,23
69062,69590,COISE,RHONE,RHONE-ALPES,"Commune simple",597.0,907.0,0.7,"45.6138333188, 4.46902321077","{""type"": ""Polygon"", ""coordinates"": [[[4.474504123158185, 45.5947069312398], [4.460840523426729, 45.601000531324836], [4.449876710492268, 45.605645542706874], [4.447069945904854, 45.6180563374012], [4.441488781547541, 45.623054424030336], [4.445922018176853, 45.621772685721794], [4.467408535328876, 45.628096174142506], [4.486680765704717, 45.62922118954837], [4.488004046768051, 45.62591636473258], [4.485668945253701, 45.61925547282505], [4.490642160391007, 45.60613042832337], [4.474839057724765, 45.59813395559937], [4.474504123158185, 45.5947069312398]]]}",11074,062,28,1,69,82
53026,53320,BEAULIEU-SUR-OUDON,MAYENNE,"PAYS DE LA LOIRE","Commune simple",93.0,2023.0,0.5,"47.9922207523, -0.988210034643","{""type"": ""Polygon"", ""coordinates"": [[[-0.982668727573651, 47.96552772377899], [-1.002505507398451, 47.96774601247573], [-1.013374556053109, 47.98706395176841], [-1.028480237722817, 47.989250385961896], [-1.030416812011232, 47.9924729657521], [-1.021712288858871, 47.995402296483675], [-1.018203048926479, 48.001523494137444], [-1.021412716936619, 48.01744383862168], [-1.003407477948357, 48.011291241637714], [-0.993270117094342, 48.010951167611886], [-0.984412484712646, 48.013873720392134], [-0.982881457530298, 48.02047620099129], [-0.973265809534819, 48.02173855072459], [-0.970493111003261, 48.00071174288135], [-0.939390920205705, 47.981827180345675], [-0.946440466283429, 47.9771935347569], [-0.975966459027835, 47.97687394677788], [-0.979995687554243, 47.974953420395394], [-0.982668727573651, 47.96552772377899]]]}",247,026,19,2,53,52
03018,03500,BAYET,ALLIER,AUVERGNE,"Commune simple",258.0,2330.0,0.7,"46.257529442, 3.27682744078","{""type"": ""Polygon"", ""coordinates"": [[[3.294858588778961, 46.233728080792055], [3.272771298768298, 46.23078455284556], [3.260709176310545, 46.23459487121708], [3.240943246104778, 46.24281484241702], [3.240205558655277, 46.24920983853841], [3.246835643424879, 46.254382439840214], [3.2424136908811, 46.26422521697723], [3.254525459112021, 46.26942158400655], [3.263382436495463, 46.27781194697227], [3.268368436996322, 46.27762921441067], [3.283102133164637, 46.286481301551895], [3.296012145107468, 46.281522839650926], [3.30573477965568, 46.28293792716925], [3.310228577216138, 46.266888149659195], [3.307642647529083, 46.25958322621912], [3.297013688559176, 46.24828334514947], [3.300778897567602, 46.23902545982101], [3.294858588778961, 46.233728080792055]]]}",6988,018,26,2,03,83
62068,62116,AYETTE,PAS-DE-CALAIS,NORD-PAS-DE-CALAIS,"Commune simple",117.0,513.0,0.3,"50.1699222305, 2.73263282673","{""type"": ""Polygon"", ""coordinates"": [[[2.728299466316648, 50.15899835640282], [2.72762531551912, 50.162193836832714], [2.710498978773432, 50.157556792776354], [2.696781757710026, 50.16066681891384], [2.720871776593361, 50.16753987283899], [2.73430188314707, 50.18194675564474], [2.739203507866728, 50.18332220768116], [2.752568643086346, 50.18143708719586], [2.754917781459945, 50.17571252858497], [2.749433176142515, 50.167870810386546], [2.728299466316648, 50.15899835640282]]]}",27252,068,20,1,62,31
53104,53200,GENNES-SUR-GLAIZE,MAYENNE,"PAYS DE LA LOIRE","Commune simple",82.0,2629.0,1.0,"47.8440286792, -0.586296420609","{""type"": ""Polygon"", ""coordinates"": [[[-0.565580944067683, 47.81701769454541], [-0.574253209246853, 47.81987065967722], [-0.583614834298885, 47.817656683251286], [-0.595252914558167, 47.82399410945678], [-0.619895928819269, 47.82419937804341], [-0.619773118072839, 47.83457310684338], [-0.628683882460691, 47.850820919173714], [-0.628432390522879, 47.864577043320516], [-0.627591002186291, 47.86499948730983], [-0.603635815782322, 47.86061185129098], [-0.577358261895357, 47.87076794208722], [-0.56697822297768, 47.8711201452033], [-0.563240317928334, 47.86869323670669], [-0.549991917529833, 47.849968963257815], [-0.547589895706335, 47.83624881484456], [-0.53965221223939, 47.83178608628895], [-0.554569750908292, 47.828775956701456], [-0.565580944067683, 47.81701769454541]]]}",28385,104,04,1,53,52
86194,86000,POITIERS,VIENNE,POITOU-CHARENTES,"Préfecture de région",111.0,4241.0,88.8,"46.5839207726, 0.359947653003","{""type"": ""Polygon"", ""coordinates"": [[[0.315021161655535, 46.54308901927784], [0.302570831823044, 46.5429582889105], [0.302687648455912, 46.54771815576286], [0.294565341863476, 46.54929226849542], [0.291381198156877, 46.554235338644155], [0.304351574626819, 46.55947894487888], [0.306695159857594, 46.56253434019497], [0.303225450015332, 46.5690296671068], [0.311345912429481, 46.572572295771984], [0.315033450375108, 46.57859617415134], [0.310612840066282, 46.591376104881775], [0.31291092843329, 46.59803406700926], [0.307343336560932, 46.60357030166099], [0.307397485278439, 46.603796813873515], [0.322792568504523, 46.61635659024976], [0.342724002901004, 46.62481201464613], [0.359225333239006, 46.61838249867268], [0.345975680488684, 46.60400361129888], [0.343183113811538, 46.594001456575], [0.372814723711442, 46.590955295606754], [0.386085362692522, 46.59599790562053], [0.393198950877152, 46.60519633531458], [0.414893209267555, 46.60117447787149], [0.428575695394851, 46.60205910071222], [0.451451039007431, 46.59310195241675], [0.450206790170973, 46.59009225870993], [0.420512656257996, 46.58410271863714], [0.415970107868403, 46.57822538839559], [0.396607619653064, 46.57657942656353], [0.39337914952252, 46.56651465106421], [0.39834643452099, 46.55332095402366], [0.396502832703453, 46.550089722554425], [0.391524924641599, 46.549597946892206], [0.380969047229882, 46.55702376492302], [0.368380970825383, 46.56049187191655], [0.356104862575432, 46.56583980132096], [0.317508411218003, 46.55966199504945], [0.31317528598828, 46.549802909074494], [0.315021161655535, 46.54308901927784]]]}",14155,194,99,3,86,54
34236,34380,ROUET,HERAULT,LANGUEDOC-ROUSSILLON,"Commune simple",268.0,2491.0,0.1,"43.8258792958, 3.81594115677","{""type"": ""Polygon"", ""coordinates"": [[[3.847961904998035, 43.821906032585616], [3.855056811438397, 43.81758488931419], [3.853653860738252, 43.81435608196553], [3.842518365977468, 43.8084580866881], [3.836431891048017, 43.795896869559805], [3.822910023259797, 43.79385795556156], [3.817584284031379, 43.79935160003515], [3.81324261956461, 43.798097175717416], [3.807041105463044, 43.80678260017947], [3.783624409487205, 43.814548852087874], [3.787799619703758, 43.82081832875713], [3.785878298255201, 43.831145524048864], [3.791171110099004, 43.85158114502907], [3.793635401888119, 43.8544071148327], [3.806837834661332, 43.85666818759248], [3.824740769959718, 43.85361846558963], [3.835417665016222, 43.83958787660084], [3.837985999636344, 43.82734682860379], [3.847961904998035, 43.821906032585616]]]}",7664,236,32,2,34,91
38240,38270,MOISSIEU-SUR-DOLON,ISERE,RHONE-ALPES,"Commune simple",382.0,1454.0,0.7,"45.3908938983, 4.98729399155","{""type"": ""Polygon"", ""coordinates"": [[[5.007717571527274, 45.36402756648957], [4.990872315624073, 45.3678321553587], [4.972995132203617, 45.36710366625596], [4.966012317257674, 45.40961487698074], [4.973652158640766, 45.413011494455006], [5.005643895773424, 45.41249765575635], [5.009447926803333, 45.402395206000904], [4.999646463295361, 45.38690662527228], [5.004592994523286, 45.37341520001295], [5.007717571527274, 45.36402756648957]]]}",25182,240,02,3,38,82
33261,33570,LUSSAC,GIRONDE,AQUITAINE,"Chef-lieu canton",58.0,2322.0,1.3,"44.9666973699, -0.0939830004604","{""type"": ""Polygon"", ""coordinates"": [[[-0.093674284508318, 44.93707100370594], [-0.099020158055093, 44.9422112142725], [-0.108328537362981, 44.94282525975155], [-0.115573120544354, 44.947163733310255], [-0.118667633102778, 44.95329428186302], [-0.129300415549733, 44.95986158396887], [-0.118225570274397, 44.9704359745026], [-0.116508807581602, 44.98064818171516], [-0.12095129740248, 44.9904263962472], [-0.112775398901072, 44.997539722204145], [-0.10464478452563, 44.99955107501813], [-0.089593983330509, 44.99607753117623], [-0.084188457697366, 44.990622952052654], [-0.081883366202965, 44.97711693532396], [-0.070824912514734, 44.965979566422966], [-0.067138156143579, 44.963783676156], [-0.053189449791841, 44.966104879295685], [-0.048801565902676, 44.96010725943973], [-0.045474189910482, 44.95469315255484], [-0.067733130504038, 44.950774211549266], [-0.093674284508318, 44.93707100370594]]]}",4279,261,31,5,33,72
79319,79800,SOUVIGNE,DEUX-SEVRES,POITOU-CHARENTES,"Commune simple",133.0,2654.0,0.9,"46.358962328, -0.170685104329","{""type"": ""Polygon"", ""coordinates"": [[[-0.13425070856856, 46.32908594058481], [-0.15822884863423, 46.32732429040333], [-0.167229002621174, 46.329985291485485], [-0.180658274191802, 46.34323733610266], [-0.199026327389794, 46.34291242393531], [-0.204409860980238, 46.34861904284108], [-0.206549268537852, 46.36201396436537], [-0.215358025579218, 46.36968751826326], [-0.197151872094749, 46.38094189141012], [-0.179746918993933, 46.385727249364294], [-0.160150000944194, 46.38644318333413], [-0.142603331284194, 46.37096814008165], [-0.133526674407564, 46.36888391156024], [-0.137583751781934, 46.35950820752732], [-0.132256037825332, 46.353761024528694], [-0.14259718011238, 46.3466453988661], [-0.144697746107662, 46.339954733481754], [-0.141953227525771, 46.333406735815124], [-0.13425070856856, 46.32908594058481]]]}",4337,319,26,2,79,54
89186,89600,GERMIGNY,YONNE,BOURGOGNE,"Commune simple",113.0,1187.0,0.6,"47.9971165696, 3.79141682909","{""type"": ""Polygon"", ""coordinates"": [[[3.79724496997427, 47.98145315901676], [3.78483477444232, 47.98704441224041], [3.775530397950434, 47.98608017302502], [3.755129039244325, 47.991864660611725], [3.755064790316554, 48.002412527934084], [3.758828043354195, 48.00488117860304], [3.789201936444647, 48.01024306623691], [3.802687677042202, 48.006273051865506], [3.812487694995401, 48.006934751907686], [3.833598663095189, 48.004510190793646], [3.819163611497601, 47.99027520369356], [3.79724496997427, 47.98145315901676]]]}",6923,186,25,1,89,26
62274,62119,DOURGES,PAS-DE-CALAIS,NORD-PAS-DE-CALAIS,"Commune simple",28.0,1048.0,5.6,"50.4393889238, 2.98726838092","{""type"": ""Polygon"", ""coordinates"": [[[2.977169187771714, 50.41615825427819], [2.970714989762158, 50.42541220354849], [2.951935686779548, 50.43109770086377], [2.9665167958512, 50.441389954092955], [2.976369351879245, 50.444022415831896], [2.976308537229285, 50.453780040417286], [2.982732262809439, 50.45901444484558], [2.999634441616603, 50.452785905246564], [3.008267746882499, 50.45585562562433], [3.016660788745496, 50.45206665388629], [3.01633418356523, 50.44209359578127], [3.010922302027189, 50.44230963428426], [3.008279086208395, 50.43928466844112], [3.011103094325535, 50.43345848774416], [3.000927577672824, 50.432229151739556], [2.99537668426572, 50.42657361356035], [2.985385848667373, 50.42455301973499], [2.977169187771714, 50.41615825427819]]]}",21753,274,56,7,62,31
33259,33240,LUGON-ET-L'ILE-DU-CARNAY,GIRONDE,AQUITAINE,"Commune simple",16.0,1075.0,1.1,"44.9523815308, -0.354697747394","{""type"": ""Polygon"", ""coordinates"": [[[-0.349435213813994, 44.93529623388943], [-0.383648718748326, 44.9390087470684], [-0.390843213445087, 44.94383607875116], [-0.37987192766294, 44.95044259306971], [-0.363164100847419, 44.95519403630045], [-0.358186076608746, 44.968276490671315], [-0.348947925222224, 44.97407038670203], [-0.329905587894669, 44.9644861917481], [-0.326341480695939, 44.95555422822225], [-0.327905882053228, 44.9521911170824], [-0.34121999208992, 44.948168935232765], [-0.349435213813994, 44.93529623388943]]]}",33778,259,24,5,33,72
25301,25390,GUYANS-VENNES,DOUBS,FRANCHE-COMTE,"Commune simple",800.0,1967.0,0.7,"47.1669293709, 6.58340413101","{""type"": ""Polygon"", ""coordinates"": [[[6.619505631465155, 47.137584489801746], [6.611103807034743, 47.14149717751127], [6.592526245197735, 47.137046911509145], [6.559950310865, 47.14453404938039], [6.556512999145384, 47.145288670079154], [6.55360732379372, 47.16610565652486], [6.561199442965659, 47.17899372335405], [6.556511841499648, 47.180462630080704], [6.589168056850584, 47.197622891914754], [6.609587673132209, 47.197294445325646], [6.611178226061511, 47.19459525743198], [6.605970908201964, 47.19008927049222], [6.610496641545203, 47.1844417293934], [6.600677091639385, 47.170057737572904], [6.588019600129246, 47.151669511736245], [6.589372408198948, 47.14521082520947], [6.609557293975109, 47.14404188219693], [6.621134137193877, 47.15001570983167], [6.627720160837955, 47.14972822137104], [6.628839465669551, 47.14810691953342], [6.619505631465155, 47.137584489801746]]]}",8810,301,19,3,25,43
33010,33460,ARCINS,GIRONDE,AQUITAINE,"Commune simple",7.0,738.0,0.4,"45.0765827796, -0.70962789405","{""type"": ""Polygon"", ""coordinates"": [[[-0.728699431190388, 45.06275512852402], [-0.736696794911921, 45.06918440136288], [-0.734469333950124, 45.08192381097166], [-0.697008177263322, 45.08512961422212], [-0.683693109022142, 45.08928444867094], [-0.676231154427672, 45.078948867113965], [-0.683826770232559, 45.07451550527114], [-0.703226522368256, 45.07259209391417], [-0.719090547848639, 45.064383537140436], [-0.728699431190388, 45.06275512852402]]]}",16578,010,20,4,33,72
18104,18140,GROISES,CHER,CENTRE,"Commune simple",188.0,1777.0,0.1,"47.2059415173, 2.8120139","{""type"": ""Polygon"", ""coordinates"": [[[2.778662811258926, 47.18184170439905], [2.760966231952847, 47.185317645582856], [2.758048917526763, 47.193882287097324], [2.758255993035253, 47.19482801537032], [2.773078082693806, 47.19729775868828], [2.806379948017264, 47.218442658515634], [2.822166612077839, 47.235555054157004], [2.836338168329835, 47.226222153535815], [2.842203648900689, 47.21347345250877], [2.85472702035064, 47.209339568573796], [2.858508583116931, 47.2031413531157], [2.853027408100335, 47.197957936726404], [2.790832537784234, 47.1933339295683], [2.778662811258926, 47.18184170439905]]]}",30226,104,24,1,18,24
60296,60650,HANNACHES,OISE,PICARDIE,"Commune simple",177.0,963.0,0.1,"49.5087752838, 1.80840356243","{""type"": ""Polygon"", ""coordinates"": [[[1.814514270688106, 49.49034331616536], [1.801639927624708, 49.49391998183685], [1.788633411941281, 49.49014134940882], [1.787550466945742, 49.50622889577274], [1.788932375936811, 49.51612090574683], [1.803918720847119, 49.52528483589299], [1.820541233647827, 49.52657113107784], [1.827338452099293, 49.51793648167332], [1.835592244165573, 49.514366792020574], [1.821130134663229, 49.4972840223582], [1.812854610088347, 49.493500013405516], [1.814514270688106, 49.49034331616536]]]}",28477,296,35,1,60,22
64053,64420,ARRIEN,PYRENEES-ATLANTIQUES,AQUITAINE,"Commune simple",354.0,446.0,0.1,"43.3128952701, -0.162235527982","{""type"": ""Polygon"", ""coordinates"": [[[-0.158143891553571, 43.29973747797139], [-0.171254780023267, 43.305034338685736], [-0.178134735873425, 43.323387508722725], [-0.154201236019513, 43.32342229690462], [-0.151446550721349, 43.31612020654134], [-0.147767763518975, 43.30994337887568], [-0.150346459319965, 43.30344018910392], [-0.158143891553571, 43.29973747797139]]]}",23505,053,23,3,64,72
33520,33580,TAILLECAVAT,GIRONDE,AQUITAINE,"Commune simple",55.0,949.0,0.3,"44.6516434707, 0.157497869369","{""type"": ""Polygon"", ""coordinates"": [[[0.165214459117166, 44.63286167771644], [0.15069096467232, 44.63365936133863], [0.141193714451082, 44.64131465222665], [0.132461661071237, 44.65694370558527], [0.167618372941994, 44.66837174971529], [0.176774863259827, 44.66677712157087], [0.182751503345271, 44.661362276367505], [0.176969841833993, 44.65432334847818], [0.168345204211516, 44.646130307418225], [0.165214459117166, 44.63286167771644]]]}",23707,520,32,3,33,72
60701,60130,WAVIGNIES,OISE,PICARDIE,"Commune simple",137.0,993.0,1.1,"49.5467064424, 2.35949571781","{""type"": ""Polygon"", ""coordinates"": [[[2.346465801856039, 49.528666293762484], [2.326976548695875, 49.53446446527163], [2.343153526768878, 49.55015506811477], [2.351753994157891, 49.55385010996431], [2.357576807761607, 49.56654389355767], [2.362299766967434, 49.567871912550224], [2.372269501318846, 49.56617140205861], [2.381991599469243, 49.55514022184759], [2.384164111078425, 49.549075945864004], [2.379094339110761, 49.53653985331198], [2.359043784352986, 49.53425166020553], [2.346465801856039, 49.528666293762484]]]}",30297,701,33,2,60,22
44011,44370,BELLIGNE,LOIRE-ATLANTIQUE,"PAYS DE LA LOIRE","Commune simple",71.0,3314.0,1.8,"47.4785440295, -1.02618318963","{""type"": ""Polygon"", ""coordinates"": [[[-1.015430533588023, 47.450749225788606], [-1.029889511312593, 47.44723862569285], [-1.049929183103221, 47.450427403552624], [-1.052884269469276, 47.45996908031243], [-1.060884598254896, 47.464512390275644], [-1.068926965297073, 47.47745446333285], [-1.078362175782297, 47.47983729180615], [-1.079123009574817, 47.4894642840031], [-1.07264437529457, 47.50148094418645], [-1.044457500608429, 47.50550106908368], [-1.025774650631388, 47.50010963993843], [-1.011518126743893, 47.48984894722422], [-0.965479842177628, 47.49179599183094], [-0.958992655940907, 47.48122826811498], [-0.967428921431475, 47.47415414164905], [-0.967867200079025, 47.46805535768625], [-1.008074573923943, 47.46555054335874], [-1.017283427072588, 47.4575534941216], [-1.015430533588023, 47.450749225788606]]]}",3470,011,45,4,44,52
11288,11170,PEZENS,AUDE,LANGUEDOC-ROUSSILLON,"Commune simple",117.0,1126.0,1.3,"43.2548914724, 2.24772297673","{""type"": ""Polygon"", ""coordinates"": [[[2.263769567767351, 43.23895602224867], [2.258440562620914, 43.2438491773295], [2.241387934516295, 43.24741898735024], [2.237571774370602, 43.24565594727981], [2.226620520193225, 43.2465226402055], [2.215313751250552, 43.25088498987159], [2.207332361467213, 43.2612258690809], [2.234541625798059, 43.26165596257008], [2.241196434133821, 43.27041087888528], [2.245665403053107, 43.27134175568286], [2.253224739236249, 43.26750805413731], [2.266992376742577, 43.26712555050256], [2.26565479182421, 43.25905623835006], [2.274055395429641, 43.25855527553449], [2.280125042127566, 43.25052673208657], [2.275935941420504, 43.24404883902328], [2.271302011836398, 43.239744748203606], [2.263769567767351, 43.23895602224867]]]}",1596,288,02,1,11,91
54391,54660,MOUTIERS,MEURTHE-ET-MOSELLE,LORRAINE,"Commune simple",234.0,677.0,1.8,"49.2325832585, 5.95571904292","{""type"": ""Polygon"", ""coordinates"": [[[5.964069406750312, 49.22193023862227], [5.961041275317761, 49.224694604715715], [5.946115453027445, 49.22284735301884], [5.928047078231129, 49.22927023318371], [5.919615127047678, 49.231741826467754], [5.927218652102907, 49.23865532944081], [5.968653571525368, 49.23646344415238], [5.975411194246738, 49.24550000099811], [5.980682353473949, 49.24540577070401], [5.988130040234472, 49.23304934240353], [5.989608903553515, 49.23011582053693], [5.976158675039311, 49.231996103768225], [5.971885763660421, 49.231030980209844], [5.968499605182026, 49.222540891343215], [5.964069406750312, 49.22193023862227]]]}",34332,391,31,1,54,41
73239,73410,SAINT-GIROD,SAVOIE,RHONE-ALPES,"Commune simple",394.0,635.0,0.6,"45.7798123177, 5.9670681717","{""type"": ""Polygon"", ""coordinates"": [[[5.968622345497749, 45.7588208903134], [5.953314708266276, 45.76651291964813], [5.958067585373091, 45.7949178609557], [5.980550412087887, 45.79617349924204], [5.982179373349812, 45.78316316135985], [5.974210148414492, 45.775092188015506], [5.974032796218913, 45.768689843478015], [5.968622345497749, 45.7588208903134]]]}",18478,239,04,2,73,82
67273,67290,LOHR,BAS-RHIN,ALSACE,"Commune simple",324.0,1049.0,0.5,"48.854674328, 7.26417699771","{""type"": ""Polygon"", ""coordinates"": [[[7.249879750293149, 48.83404061184694], [7.244416950715603, 48.84635731826691], [7.239761142069787, 48.84766635436663], [7.228415063401041, 48.841709881507384], [7.22767642710988, 48.847905265721806], [7.233494009211312, 48.850140042617525], [7.238126770871123, 48.85156097160426], [7.235503541307795, 48.85806634513994], [7.239724387262488, 48.864139986214425], [7.253410290424346, 48.86640981158241], [7.293874927694101, 48.86461227592954], [7.299952441217534, 48.860845298250034], [7.295952143539928, 48.855378041979016], [7.290794212810966, 48.84628654176311], [7.276459148814309, 48.84354895248402], [7.270736630120743, 48.848644084135465], [7.265837412973699, 48.84881002487843], [7.25472092630575, 48.842532519474176], [7.249879750293149, 48.83404061184694]]]}",8844,273,17,4,67,42
81288,81540,SOREZE,TARN,MIDI-PYRENEES,"Commune simple",449.0,4183.0,2.6,"43.4412492469, 2.08031337654","{""type"": ""Polygon"", ""coordinates"": [[[2.111052702343483, 43.39618767883312], [2.098308189542109, 43.40087766100098], [2.093042697537244, 43.413987288307936], [2.084653534381851, 43.42231998259882], [2.093509108303037, 43.42355507331589], [2.076823164064597, 43.44030185874948], [2.059275566305246, 43.444190712958694], [2.057304117151423, 43.43413265109003], [2.053070593522135, 43.43030790939661], [2.02913283879736, 43.4368979648421], [2.022371477451035, 43.446068413553085], [2.014915464603937, 43.44951886433678], [2.019332147317435, 43.470064080543956], [2.025095819627009, 43.47549657729206], [2.039182662930552, 43.47759278302238], [2.048289826211403, 43.485734899141555], [2.055423028628063, 43.478779190153254], [2.080287270241612, 43.462275726480776], [2.09645798225415, 43.45508789630496], [2.109028954134623, 43.44085935999546], [2.132573962161679, 43.44096941917053], [2.141151197419429, 43.44373688799284], [2.142069546920058, 43.44425700111045], [2.146799838662913, 43.43836522658302], [2.146110526733131, 43.43156698159887], [2.13282983159786, 43.41006656629453], [2.133557172098018, 43.40355860700659], [2.127046643292552, 43.399178810142025], [2.113814429528587, 43.398720450499425], [2.111052702343483, 43.39618767883312]]]}",8964,288,11,2,81,73
57425,57580,LUPPY,MOSELLE,LORRAINE,"Commune simple",275.0,1626.0,0.5,"48.9807860499, 6.34093701448","{""type"": ""Polygon"", ""coordinates"": [[[6.358190207745831, 48.954682156417086], [6.326861026882464, 48.96335934818646], [6.319135326203211, 48.95989243146039], [6.316157106005051, 48.96655407177476], [6.319503307881797, 48.97998874099267], [6.312463218939725, 48.985160502589444], [6.307543378006127, 48.983919309679216], [6.303326508212834, 48.987707564858745], [6.32359039483148, 48.99621067491332], [6.332603607116902, 49.00366458495991], [6.336543695570267, 49.0053730526918], [6.349146720805841, 49.001187791152404], [6.363227302465248, 49.00083878871572], [6.367330960597229, 48.98016700398217], [6.364965006060312, 48.96665180741096], [6.35887098561072, 48.962466517995445], [6.358190207745831, 48.954682156417086]]]}",2871,425,23,4,57,41
56078,56520,GUIDEL,MORBIHAN,BRETAGNE,"Commune simple",35.0,5234.0,10.2,"47.7940076851, -3.49161886127","{""type"": ""Polygon"", ""coordinates"": [[[-3.501592916685625, 47.737859444883625], [-3.507057969038032, 47.747832500981126], [-3.525857949359135, 47.76472878274025], [-3.529669937662839, 47.78211760253983], [-3.525236516465251, 47.7878018902058], [-3.516549953368205, 47.78690469083196], [-3.52736733709693, 47.79052772265386], [-3.51689131733687, 47.80431539239513], [-3.524438028875157, 47.80518600745433], [-3.52115364470754, 47.80976726665707], [-3.534661154016006, 47.81548855702941], [-3.533056500441849, 47.82118643798329], [-3.538309131098475, 47.823222965160284], [-3.538018917389527, 47.83523232042307], [-3.523887604381085, 47.845530479659644], [-3.523004293499606, 47.84914685714251], [-3.519273883172004, 47.84870449289174], [-3.519001313958677, 47.83906583733918], [-3.509121145746396, 47.83156950658403], [-3.491028325025215, 47.825205725835495], [-3.485926075421731, 47.82537131001638], [-3.472800499586691, 47.835832964969484], [-3.457661870855706, 47.83663326373264], [-3.449262641855581, 47.82910481807941], [-3.440221561229123, 47.82654163003182], [-3.455381893808319, 47.80103539565211], [-3.451273975597932, 47.79480541741036], [-3.460966759346959, 47.795164222449934], [-3.464252836138433, 47.78902248251028], [-3.459587362370225, 47.78316673626051], [-3.462798790103842, 47.773443963302526], [-3.453836121190306, 47.76197381772948], [-3.455951005173802, 47.75612258250843], [-3.501592916685625, 47.737859444883625]]]}",4600,078,27,1,56,53
09126,09300,FREYCHENET,ARIEGE,MIDI-PYRENEES,"Commune simple",1003.0,2554.0,0.1,"42.8918256148, 1.73000481921","{""type"": ""Polygon"", ""coordinates"": [[[1.716756194298612, 42.85601663298651], [1.703441139492698, 42.860533233819844], [1.706462211729945, 42.867054060081784], [1.70344024241914, 42.884123582416564], [1.694199528454696, 42.8958564479097], [1.705798867640732, 42.91054000336909], [1.718746182249705, 42.913771153274716], [1.727532103515059, 42.9159891684033], [1.73631412918634, 42.9133586798486], [1.755492008452765, 42.91488669421121], [1.77410627520713, 42.912438550565724], [1.760758940780331, 42.89400999572485], [1.759026348743219, 42.88407894218023], [1.727947442605893, 42.86745472964919], [1.716756194298612, 42.85601663298651]]]}",3134,126,21,1,09,73
31444,31480,PUYSSEGUR,HAUTE-GARONNE,MIDI-PYRENEES,"Commune simple",235.0,544.0,0.1,"43.7519671546, 1.06615759128","{""type"": ""Polygon"", ""coordinates"": [[[1.086346128013527, 43.73962213046219], [1.064895187500961, 43.73919801896757], [1.055535128389812, 43.74575518530586], [1.047658513100353, 43.75426449600364], [1.049495764893274, 43.76011227101825], [1.065504386987642, 43.76415130539039], [1.076990306871534, 43.76755913703703], [1.0752485485403, 43.75066000649762], [1.087072540963482, 43.74017496166933], [1.086346128013527, 43.73962213046219]]]}",20782,444,07,3,31,73
31466,31470,SAIGUEDE,HAUTE-GARONNE,MIDI-PYRENEES,"Commune simple",250.0,1192.0,0.7,"43.5233769475, 1.14231751485","{""type"": ""Polygon"", ""coordinates"": [[[1.155980895235346, 43.50801451455149], [1.116292671958256, 43.510212401328474], [1.109565302812197, 43.528274774832994], [1.121890347426534, 43.53264669448703], [1.171331329236406, 43.53968290339131], [1.174931191086806, 43.532291799803374], [1.155980895235346, 43.50801451455149]]]}",20888,466,30,1,31,73
44031,44670,"LA CHAPELLE-GLAIN",LOIRE-ATLANTIQUE,"PAYS DE LA LOIRE","Commune simple",71.0,3477.0,0.8,"47.6202560031, -1.19540234544","{""type"": ""Polygon"", ""coordinates"": [[[-1.189003780085442, 47.58732169764221], [-1.243672930264188, 47.596720808390046], [-1.244767417629886, 47.62689631492785], [-1.21993853640944, 47.62991509132446], [-1.204698189494563, 47.642949247665925], [-1.185368830768966, 47.64562688584412], [-1.182405584145857, 47.65562997838979], [-1.167439484061846, 47.65446156437449], [-1.162947719496525, 47.66048953166515], [-1.156466380629535, 47.64546975025968], [-1.157394407186901, 47.635990601644075], [-1.137677678623283, 47.62215262372167], [-1.137894058099838, 47.61892715500609], [-1.172507367530346, 47.612520642392006], [-1.189003780085442, 47.58732169764221]]]}",3516,031,37,1,44,52
83120,83640,SAINT-ZACHARIE,VAR,"PROVENCE-ALPES-COTE D'AZUR","Commune simple",407.0,2720.0,4.9,"43.3775300587, 5.71820851044","{""type"": ""Polygon"", ""coordinates"": [[[5.749912121425686, 43.343183760761875], [5.736174380379604, 43.34113784342654], [5.709966774259046, 43.348989770318546], [5.703628184714139, 43.35400910025492], [5.694175170817397, 43.36552360992909], [5.689275102647454, 43.38978732248748], [5.682787815833445, 43.39916586046577], [5.703262894709854, 43.407991182260055], [5.722596195708249, 43.40846990564049], [5.749995488821415, 43.40151212758494], [5.739738209308324, 43.39455280904445], [5.738919842962525, 43.38046789168152], [5.743032256061077, 43.3564375695859], [5.749912121425686, 43.343183760761875]]]}",19344,120,21,3,83,93
77211,77720,GRANDPUITS-BAILLY-CARROIS,SEINE-ET-MARNE,ILE-DE-FRANCE,"Commune simple",120.0,2448.0,1.0,"48.5823205697, 2.97582475865","{""type"": ""Polygon"", ""coordinates"": [[[2.97127140658769, 48.55807060717957], [2.958354684259102, 48.56109826660775], [2.954094312848987, 48.56685379249095], [2.939674455405102, 48.565929819627414], [2.938030661613751, 48.56918532188192], [2.924510663228677, 48.57373818323719], [2.920429494347229, 48.583342563966475], [2.923253880286997, 48.58961414100365], [2.951953710049049, 48.59549408898955], [2.987753015554648, 48.601853768652354], [3.0168013439819, 48.59356862399985], [3.026471181735306, 48.59607653619837], [3.035677189359355, 48.59321364870808], [3.034708655166726, 48.584533493407726], [3.029515763448312, 48.584265035266306], [3.01847561927698, 48.5731130268371], [2.983599805109785, 48.56834576457732], [2.975022068826203, 48.564422261040114], [2.97127140658769, 48.55807060717957]]]}",975,211,22,2,77,11
15217,15150,SAINT-VICTOR,CANTAL,AUVERGNE,"Commune simple",563.0,1362.0,0.1,"45.0097901662, 2.2880455218","{""type"": ""Polygon"", ""coordinates"": [[[2.271768580116865, 44.978880010668504], [2.271383929226566, 44.97919263478401], [2.266739751434807, 44.987995136483015], [2.266980632076547, 45.00352883621286], [2.278111523687458, 45.018287356332515], [2.276412247691163, 45.02502045381833], [2.280719883749387, 45.03760021581838], [2.287083414949008, 45.033526214680855], [2.300850166925295, 45.031371458565374], [2.314318944613533, 45.03376027636082], [2.312942183553384, 45.02074078752798], [2.302283938805127, 45.01413749664452], [2.305959044766853, 45.00132060505169], [2.29474360771769, 44.99599170418585], [2.294258228197134, 44.98919054145805], [2.2913487752596, 44.98647983076071], [2.281787030101512, 44.98609437389398], [2.271768580116865, 44.978880010668504]]]}",6556,217,07,1,15,83
89200,89250,HAUTERIVE,YONNE,BOURGOGNE,"Commune simple",110.0,950.0,0.4,"47.9314503852, 3.60699286989","{""type"": ""Polygon"", ""coordinates"": [[[3.618951449103998, 47.915812093973486], [3.612176061251564, 47.920347518677595], [3.59366871808511, 47.92477141069058], [3.57899181605485, 47.92339569938162], [3.571230534692028, 47.92631361915974], [3.584182385891253, 47.9314967839153], [3.58703760553861, 47.94869896194032], [3.595009119472703, 47.952366728317514], [3.604096581715048, 47.94922449657009], [3.609131847855976, 47.93624794661618], [3.638297508202855, 47.93036027815919], [3.641383983936982, 47.92757153099993], [3.644605883909219, 47.92493495029211], [3.641986193154598, 47.92200635067401], [3.618951449103998, 47.915812093973486]]]}",26525,200,28,1,89,26
2A203,20147,PARTINELLO,CORSE-DU-SUD,CORSE,"Commune simple",324.0,1867.0,0.1,"42.3189049324, 8.68973829673","{""type"": ""Polygon"", ""coordinates"": [[[8.687189166018708, 42.28200812308796], [8.678173138311138, 42.282130355524956], [8.672396659100375, 42.29427000791158], [8.660498673684165, 42.29899576282873], [8.660471055303633, 42.30234915964081], [8.674857570766536, 42.310637066894934], [8.676914546312483, 42.32407944162858], [8.671488220512957, 42.33348833857545], [8.683479612022111, 42.34803124937013], [8.714449820968381, 42.34845193008363], [8.724756680299253, 42.34217485998476], [8.701633232421527, 42.3252786240275], [8.69880786877308, 42.292540290924755], [8.687189166018708, 42.28200812308796]]]}",26669,203,35,1,2A,94
57275,57380,GUESSLING-HEMERING,MOSELLE,LORRAINE,"Commune simple",265.0,1010.0,0.9,"49.0221937323, 6.66814664402","{""type"": ""Polygon"", ""coordinates"": [[[6.664032407776427, 49.00147728210426], [6.656581266262776, 49.002523846563236], [6.642358972853736, 49.016854953825934], [6.64694945393475, 49.030181611472514], [6.665373490763022, 49.04043095432858], [6.671688816032113, 49.03506210379815], [6.696646807409962, 49.037752511055096], [6.692383683947058, 49.0317176776613], [6.699315765820993, 49.02679631679834], [6.664032407776427, 49.00147728210426]]]}",26784,275,14,3,57,41
51156,51300,CLOYES-SUR-MARNE,MARNE,CHAMPAGNE-ARDENNE,"Commune simple",109.0,622.0,0.1,"48.6612318612, 4.64206905718","{""type"": ""Polygon"", ""coordinates"": [[[4.636572629140734, 48.64475690876941], [4.628933040382428, 48.64793849724112], [4.628087708730406, 48.653932874448564], [4.618714022742431, 48.66081706389302], [4.64426860010661, 48.67622933859787], [4.665719626843362, 48.66857228243237], [4.665221949543611, 48.66531343612162], [4.651513195344371, 48.65613860252786], [4.648655478795728, 48.64991642785578], [4.636572629140734, 48.64475690876941]]]}",9113,156,28,4,51,21
52212,52300,FRONVILLE,HAUTE-MARNE,CHAMPAGNE-ARDENNE,"Commune simple",264.0,1110.0,0.3,"48.4008313761, 5.13453844457","{""type"": ""Polygon"", ""coordinates"": [[[5.161224381746893, 48.38438898249627], [5.116292190417002, 48.392615770796695], [5.106445929108914, 48.391729170274935], [5.100482764714935, 48.39772088061315], [5.101565669743697, 48.40858241838395], [5.104696972863067, 48.40913886093255], [5.152501532447922, 48.41654255639854], [5.16307989302896, 48.40124819945905], [5.161224381746893, 48.38438898249627]]]}",28435,212,13,3,52,21
28391,28310,TOURY,EURE-ET-LOIR,CENTRE,"Commune simple",132.0,1895.0,2.6,"48.1954185813, 1.94344855336","{""type"": ""Polygon"", ""coordinates"": [[[1.969113665631551, 48.17155908085267], [1.95476260737839, 48.17478045641243], [1.937050365600776, 48.169096969898185], [1.924319325812554, 48.17395804223017], [1.917143552439474, 48.18600493646259], [1.905446844835532, 48.19197130942608], [1.916600151113895, 48.19871527018943], [1.922643905860366, 48.211899688636116], [1.936890483599026, 48.21446738839941], [1.942320062494587, 48.22033822565866], [1.962595346736264, 48.22259665048148], [1.976353506386006, 48.200607085177516], [1.971582783047261, 48.19468049550608], [1.966776422167803, 48.194755525313376], [1.962133421019387, 48.200896923262405], [1.957216375488795, 48.200412676975304], [1.953571323273823, 48.19416232099122], [1.971245832651808, 48.178128834359526], [1.969113665631551, 48.17155908085267]]]}",31323,391,16,1,28,24
14016,14430,ANNEBAULT,CALVADOS,BASSE-NORMANDIE,"Commune simple",128.0,575.0,0.4,"49.248966024, 0.054049962802","{""type"": ""Polygon"", ""coordinates"": [[[0.06421026275157, 49.23474946335823], [0.051884933405209, 49.2410518128651], [0.036770210423493, 49.24370392773152], [0.031307449702352, 49.249578977854455], [0.033533050842471, 49.25270144291182], [0.044915703003951, 49.263452331173696], [0.07896495203083, 49.24811621473874], [0.06421026275157, 49.23474946335823]]]}",31429,016,15,3,14,25
87115,87440,PENSOL,HAUTE-VIENNE,LIMOUSIN,"Commune simple",339.0,1493.0,0.2,"45.5997290212, 0.828238655778","{""type"": ""Polygon"", ""coordinates"": [[[0.811500332264729, 45.57587064346192], [0.805857420214184, 45.59496620289085], [0.801392155275445, 45.59593295187827], [0.814910509627986, 45.60943854023086], [0.813867451838519, 45.61277834401663], [0.801954278559035, 45.61767188850273], [0.805632595848454, 45.6239774235408], [0.819409892035488, 45.62197522339721], [0.827430229533271, 45.61322128314421], [0.846607827055763, 45.61616637548547], [0.859700281464564, 45.613191339448385], [0.849461011815476, 45.59325926179321], [0.839995708944525, 45.5813042081411], [0.811500332264729, 45.57587064346192]]]}",4197,115,27,3,87,74
19198,19210,SAINT-ELOY-LES-TUILERIES,CORREZE,LIMOUSIN,"Commune simple",322.0,909.0,0.1,"45.4551252981, 1.27792315725","{""type"": ""Polygon"", ""coordinates"": [[[1.272392971615071, 45.437302704370566], [1.262000028416854, 45.44359096518981], [1.253151838632894, 45.444219078024815], [1.25547962911681, 45.45036192146253], [1.263341293611614, 45.453897489431256], [1.263869286180777, 45.46730777795552], [1.269142564900979, 45.47636002091151], [1.278849854316956, 45.477085757867236], [1.278562845726223, 45.47023620440656], [1.291523033517946, 45.46713781724398], [1.296114284321447, 45.45391371766922], [1.309820228760723, 45.44506936206796], [1.29638266246493, 45.4455775867036], [1.272392971615071, 45.437302704370566]]]}",28021,198,15,1,19,74
34058,34160,CASTRIES,HERAULT,LANGUEDOC-ROUSSILLON,"Chef-lieu canton",62.0,2407.0,5.7,"43.6886913473, 3.97909849679","{""type"": ""Polygon"", ""coordinates"": [[[3.990493568044144, 43.6618328683342], [3.969944926520885, 43.66858712697903], [3.954561312566539, 43.68053857583772], [3.946696497883974, 43.6773137480791], [3.942264996469661, 43.6935860543403], [3.949253981690644, 43.69772778441472], [3.938813123581597, 43.708473051688344], [3.943147809289639, 43.720845162650974], [3.949083635341385, 43.717391953219945], [3.963560117718577, 43.713539194083374], [3.985914098875833, 43.701865313633874], [4.012059697490241, 43.69473210980759], [4.031275102374549, 43.67841662055081], [4.022946161894198, 43.67512068203917], [4.022772936819088, 43.67166675591772], [4.013837939982415, 43.673271199560794], [3.995972952214646, 43.66757802383924], [3.990493568044144, 43.6618328683342]]]}",4438,058,07,3,34,91
40298,40700,SERRES-GASTON,LANDES,AQUITAINE,"Commune simple",99.0,914.0,0.4,"43.6658680832, -0.522780253556","{""type"": ""Polygon"", ""coordinates"": [[[-0.498980867439592, 43.6564962574337], [-0.510131983870937, 43.64614809424874], [-0.521846263952464, 43.6510831346684], [-0.535554213132602, 43.65210617035211], [-0.542081309217046, 43.66036925571026], [-0.531490640404402, 43.671108004385765], [-0.537761653378307, 43.67982117380876], [-0.536229987321547, 43.69621907652422], [-0.518012925459421, 43.67713835565107], [-0.498980867439592, 43.6564962574337]]]}",4877,298,08,2,40,72
35116,35111,"LA FRESNAIS",ILLE-ET-VILAINE,BRETAGNE,"Commune simple",5.0,1439.0,2.2,"48.5874275973, -1.83530541671","{""type"": ""Polygon"", ""coordinates"": [[[-1.80750949784731, 48.56081964812323], [-1.842168465589562, 48.57530997506944], [-1.850081068122847, 48.57891670825724], [-1.869067398689916, 48.58035746302421], [-1.86841443305518, 48.58633242143321], [-1.862740772500776, 48.60202078524149], [-1.860109840774251, 48.60383166236012], [-1.855635104273558, 48.60203178377502], [-1.843720455214541, 48.60792498939228], [-1.819347721415485, 48.604165904291484], [-1.808317900664777, 48.58499342411446], [-1.808138943845821, 48.56427287475189], [-1.80750949784731, 48.56081964812323]]]}",31699,116,05,4,35,53
50445,50500,SAINT-ANDRE-DE-BOHON,MANCHE,BASSE-NORMANDIE,"Commune simple",7.0,1051.0,0.3,"49.2389765261, -1.24797081821","{""type"": ""Polygon"", ""coordinates"": [[[-1.277169717540918, 49.216247556040685], [-1.284584844717303, 49.22279947395844], [-1.264060553909426, 49.237428677465104], [-1.25410171897073, 49.249061416056485], [-1.227412166180256, 49.264557931615876], [-1.227006773756526, 49.26380692997067], [-1.218807199425315, 49.25520866213478], [-1.219058907012125, 49.24835784950765], [-1.237486053378761, 49.231929248507015], [-1.242783355690918, 49.23148170035402], [-1.249723874692495, 49.22209894438898], [-1.258627422298695, 49.21839024716266], [-1.271152977724236, 49.22077367265749], [-1.277169717540918, 49.216247556040685]]]}",16371,445,09,4,50,25
33228,33710,LANSAC,GIRONDE,AQUITAINE,"Commune simple",28.0,604.0,0.7,"45.064093095, -0.534857408079","{""type"": ""Polygon"", ""coordinates"": [[[-0.535250599576912, 45.049786604424185], [-0.550449021175571, 45.06087556824733], [-0.559338306797028, 45.0614750235888], [-0.559838815164147, 45.07033688973349], [-0.536644747110834, 45.06962484352001], [-0.529797750576292, 45.07378975079896], [-0.527984494214806, 45.08012921798344], [-0.516756312254002, 45.070092479450565], [-0.513510228111266, 45.063976092741605], [-0.517303327191445, 45.05796194412548], [-0.521915689237095, 45.05851012319042], [-0.535250599576912, 45.049786604424185]]]}",16491,228,15,1,33,72
27442,27390,NOTRE-DAME-DU-HAMEL,EURE,HAUTE-NORMANDIE,"Commune simple",222.0,1365.0,0.2,"48.8923200836, 0.509886353695","{""type"": ""Polygon"", ""coordinates"": [[[0.553791296702601, 48.876859793201994], [0.549868444093231, 48.874710145538714], [0.520879518120278, 48.88079822848292], [0.496543785185864, 48.878780072564446], [0.474370177544659, 48.8870598465954], [0.459093957521289, 48.887798257628766], [0.460460860268128, 48.890823465135085], [0.47945603185941, 48.89191774369342], [0.481612120187047, 48.89473434745976], [0.474452588012078, 48.89857840537008], [0.475483257639508, 48.903494752160256], [0.52187321483831, 48.905777429843], [0.53548528714844, 48.905968388617104], [0.547466402087072, 48.90167081023165], [0.534992925643372, 48.886974019589964], [0.544244496345628, 48.87942646835063], [0.553791296702601, 48.876859793201994]]]}",32045,442,10,2,27,23
36209,36100,SAINT-VALENTIN,INDRE,CENTRE,"Commune simple",165.0,2505.0,0.3,"46.9621074542, 1.85100713344","{""type"": ""Polygon"", ""coordinates"": [[[1.889697363852251, 46.93739255437426], [1.869033806221001, 46.94481847252205], [1.850696071901731, 46.94339450595222], [1.821055377920851, 46.95509825866438], [1.797006161713592, 46.97207556142285], [1.789690159925691, 46.98801804819615], [1.813506361942566, 46.98148505443619], [1.85384577547777, 46.98708838916035], [1.851038266887828, 46.980505269376], [1.85458543507066, 46.973922303775], [1.883752104370962, 46.96684264662997], [1.903931437963362, 46.951179469289784], [1.913052595520158, 46.94814128941203], [1.916639943441232, 46.942349209163275], [1.889697363852251, 46.93739255437426]]]}",4495,209,12,4,36,24
88160,88000,EPINAL,VOSGES,LORRAINE,Préfecture,401.0,5937.0,32.8,"48.1631202656, 6.47989286928","{""type"": ""Polygon"", ""coordinates"": [[[6.429838088746143, 48.12257754915136], [6.426446126718653, 48.12503600663344], [6.402882667306269, 48.12157554469109], [6.39445869834146, 48.129483158121445], [6.393961082451423, 48.13639657733338], [6.402717243176946, 48.14490764014165], [6.441117737649756, 48.16770610795753], [6.427356778710744, 48.17723037441992], [6.434772860043219, 48.18917354275079], [6.447714129241072, 48.19139907502535], [6.448306404444853, 48.19716396855059], [6.456550460432971, 48.20558711703931], [6.461660858879112, 48.20585167390065], [6.472678059208191, 48.198827179976625], [6.484263852528477, 48.18005793822075], [6.513447895894296, 48.186533168189214], [6.532172067383114, 48.18052493533676], [6.542556745471558, 48.18114133011805], [6.545106021966933, 48.1914229016698], [6.554055674556682, 48.20009773283586], [6.559282082621642, 48.20048067152547], [6.578486410711744, 48.18982996332461], [6.57885398443778, 48.1793613864514], [6.570615207847422, 48.175233475457574], [6.555191048623065, 48.173762737129984], [6.548139118652733, 48.157401755451254], [6.533148712095005, 48.14824108698799], [6.524243420002076, 48.14851659008843], [6.511204275431967, 48.14127651421311], [6.509628987425787, 48.14187285497337], [6.496172863611402, 48.146776181196095], [6.482582254678657, 48.14212542566025], [6.467928960271331, 48.144205606921304], [6.460547832764423, 48.135280430685384], [6.447904741877219, 48.12587836646546], [6.429838088746143, 48.12257754915136]]]}",6935,160,99,1,88,41
59138,59217,CATTENIERES,NORD,NORD-PAS-DE-CALAIS,"Commune simple",101.0,538.0,0.7,"50.1329900452, 3.33660861697","{""type"": ""Polygon"", ""coordinates"": [[[3.340503014684376, 50.11731887814265], [3.334021170616149, 50.119276529297295], [3.329219517221548, 50.11977445673966], [3.330273039463147, 50.12283406333294], [3.320090792778065, 50.12962347911914], [3.318766895007121, 50.13904756078581], [3.341753582124826, 50.14748131921297], [3.351807363678104, 50.14221732559131], [3.349650127344072, 50.12523216551151], [3.340503014684376, 50.11731887814265]]]}",34692,138,15,2,59,31
33161,33390,EYRANS,GIRONDE,AQUITAINE,"Commune simple",14.0,427.0,0.7,"45.1935625916, -0.60988049368","{""type"": ""Polygon"", ""coordinates"": [[[-0.603169156352568, 45.18237716963942], [-0.624947039009762, 45.18388911206862], [-0.625638181068099, 45.19256484953178], [-0.620154735114463, 45.198232185484564], [-0.605782738497034, 45.19895883362948], [-0.608148811572958, 45.21169071278234], [-0.596113560974574, 45.20559830976153], [-0.601734957027162, 45.182865138994856], [-0.603169156352568, 45.18237716963942]]]}",33790,161,40,1,33,72
57137,57420,CHEMINOT,MOSELLE,LORRAINE,"Commune simple",194.0,1146.0,0.7,"48.9560682029, 6.13779293585","{""type"": ""Polygon"", ""coordinates"": [[[6.146543722661563, 48.93258127608941], [6.128278409673348, 48.93730750441366], [6.125142022177169, 48.93990024823132], [6.128252152224515, 48.94935859733254], [6.123213757250434, 48.94941803141409], [6.124889260027115, 48.95615094413451], [6.114486003326706, 48.96749094451196], [6.099599986095678, 48.96884870560224], [6.097966978829331, 48.971950645416264], [6.101953975301412, 48.97393535935652], [6.121077074751726, 48.97368201490414], [6.130060787756847, 48.98075521185796], [6.134597620234858, 48.979583774877575], [6.132152731472614, 48.97009940063053], [6.150733530591926, 48.967686588244916], [6.161238512798232, 48.961515312537166], [6.165300584588611, 48.94204084426155], [6.161466708365487, 48.943699024528904], [6.153333147571463, 48.94137546115702], [6.149730514499739, 48.93332549772313], [6.146543722661563, 48.93258127608941]]]}",2736,137,33,4,57,41
02332,02130,FRESNES-EN-TARDENOIS,AISNE,PICARDIE,"Commune simple",180.0,906.0,0.3,"49.1427948273, 3.54893406985","{""type"": ""Polygon"", ""coordinates"": [[[3.543325540815824, 49.12256160774841], [3.538919077036922, 49.12169130181124], [3.528900778359254, 49.12662694372311], [3.524367785753311, 49.140340162123074], [3.546813936998339, 49.15325917279572], [3.55013076917289, 49.15968152408947], [3.567325733777762, 49.167549612542885], [3.577835063589319, 49.168146977601644], [3.573801513132159, 49.165451044756296], [3.565431368780594, 49.15729998663866], [3.566150905543367, 49.140357652514844], [3.555104354082938, 49.12872971121877], [3.543325540815824, 49.12256160774841]]]}",30279,332,15,1,02,22
02346,02350,GIZY,AISNE,PICARDIE,"Commune simple",81.0,1035.0,0.7,"49.6104960814, 3.76786152197","{""type"": ""Polygon"", ""coordinates"": [[[3.796321840544537, 49.594830897749134], [3.792135861523089, 49.596826396582], [3.756871213870566, 49.596260390703044], [3.747322298014877, 49.61177673560612], [3.732541579625013, 49.61396062838675], [3.734962959566611, 49.62368747547356], [3.745089128044313, 49.62370670131236], [3.762695083965946, 49.62996895684959], [3.764828633300186, 49.62367395780358], [3.779074963483846, 49.61535171893669], [3.799001205633319, 49.61507855285837], [3.79851221442258, 49.59610164598643], [3.796321840544537, 49.594830897749134]]]}",4880,346,30,2,02,22
60227,60310,EVRICOURT,OISE,PICARDIE,"Commune simple",86.0,307.0,0.2,"49.570401673, 2.91627648313","{""type"": ""Polygon"", ""coordinates"": [[[2.923721374494646, 49.562468105600026], [2.904608015672094, 49.565537053346986], [2.898816191533673, 49.57383608773614], [2.922951282617376, 49.57848192322435], [2.93040796383976, 49.572959636599535], [2.927905414214897, 49.56406132173141], [2.923721374494646, 49.562468105600026]]]}",20585,227,19,3,60,22
21244,21320,EGUILLY,COTE-D'OR,BOURGOGNE,"Commune simple",397.0,568.0,0.1,"47.3010847339, 4.49992675685","{""type"": ""Polygon"", ""coordinates"": [[[4.510643038935537, 47.291533619420186], [4.491508513198849, 47.292078264883145], [4.478739671834714, 47.29551913333133], [4.475080911816441, 47.297231431997886], [4.477643666404717, 47.30282631519701], [4.50755325054944, 47.31441701915106], [4.51102794142218, 47.31039207814461], [4.523789456343424, 47.30057291948238], [4.510643038935537, 47.291533619420186]]]}",26668,244,26,1,21,26
72202,72260,MONHOUDOU,SARTHE,"PAYS DE LA LOIRE","Commune simple",107.0,756.0,0.2,"48.2873963087, 0.326162830698","{""type"": ""Polygon"", ""coordinates"": [[[0.34748510920818, 48.2787077058435], [0.342710581419779, 48.27977984073285], [0.322345419502487, 48.27233443499977], [0.303171893064029, 48.28307998316361], [0.301313341978152, 48.288817272007016], [0.304895030902903, 48.290528410050705], [0.313157059041791, 48.298080445768804], [0.325986693588524, 48.302359225182244], [0.338452787302469, 48.2994534865654], [0.342243300206903, 48.29358812002813], [0.340868104040286, 48.290631422375434], [0.353258050499239, 48.287020279805], [0.353089653874779, 48.28392867803879], [0.349135245990624, 48.281562484312815], [0.34748510920818, 48.2787077058435]]]}",18526,202,22,2,72,52
74218,74500,PUBLIER,HAUTE-SAVOIE,RHONE-ALPES,"Commune simple",466.0,903.0,6.2,"46.3896985259, 6.54164965422","{""type"": ""Polygon"", ""coordinates"": [[[6.544797467741774, 46.378072706452166], [6.53594348415327, 46.38574788663924], [6.507864910177643, 46.3827663224136], [6.513071711513261, 46.40478840307281], [6.544126285508015, 46.39482305931346], [6.568242033795962, 46.39823548313237], [6.577097748911378, 46.37988521532643], [6.571481726244787, 46.379646634219476], [6.544797467741774, 46.378072706452166]]]}",4539,218,13,4,74,82
65374,65220,PUYDARRIEUX,HAUTES-PYRENEES,MIDI-PYRENEES,"Commune simple",311.0,1420.0,0.2,"43.289930505, 0.40087886965","{""type"": ""Polygon"", ""coordinates"": [[[0.407860965787837, 43.272771468683196], [0.373801923994366, 43.27604402902326], [0.379533552681422, 43.2878928525404], [0.370573332390262, 43.29498365741091], [0.369281786631751, 43.301414686328336], [0.377854963176396, 43.301776040535955], [0.383288642750915, 43.30668707218259], [0.400110579500762, 43.3020706952213], [0.431318395908288, 43.306120077363495], [0.427713945091582, 43.29547683704021], [0.427366255938703, 43.28559515162683], [0.42123856601837, 43.27633174565217], [0.407860965787837, 43.272771468683196]]]}",4666,374,24,3,65,73
88248,88320,ISCHES,VOSGES,LORRAINE,"Commune simple",345.0,1353.0,0.2,"48.0173921353, 5.82091215963","{""type"": ""Polygon"", ""coordinates"": [[[5.793591975095582, 47.99070892021547], [5.79478494349234, 47.99679481808377], [5.78641753981961, 48.004017053270466], [5.800885458584845, 48.01347053418854], [5.810687372150379, 48.015082709658415], [5.818420790002476, 48.02371331505], [5.80194397733619, 48.03550668373132], [5.79692006248241, 48.035202976258034], [5.796888040554177, 48.04196614235137], [5.815053897103746, 48.044711680918084], [5.820784012603011, 48.03556987669709], [5.835142175820161, 48.0341712951833], [5.847417705511487, 48.028760196747136], [5.850255771480387, 48.01589559882561], [5.851461141282497, 48.00961698330337], [5.84055423076517, 48.003172237371366], [5.819931428431475, 48.00318225701422], [5.803971671662638, 47.99445099188484], [5.793591975095582, 47.99070892021547]]]}",30488,248,15,2,88,41
71460,71260,SAINT-MAURICE-DE-SATONNAY,SAONE-ET-LOIRE,BOURGOGNE,"Commune simple",243.0,1034.0,0.4,"46.4057525452, 4.78239224424","{""type"": ""Polygon"", ""coordinates"": [[[4.782878602086756, 46.38230245959125], [4.76789715177018, 46.385877177190395], [4.762579801935432, 46.39493932384203], [4.770233790659304, 46.406574841579655], [4.767429466039736, 46.40923930712559], [4.768533884408873, 46.4155990712268], [4.776893097082747, 46.423161141305954], [4.775997848020723, 46.42927273072965], [4.801461136740782, 46.42406410701429], [4.798211670463509, 46.40370557390354], [4.791898107392723, 46.39897715202016], [4.793064384757106, 46.389294356594114], [4.782878602086756, 46.38230245959125]]]}",35557,460,25,5,71,26
81246,81140,SAINTE-CECILE-DU-CAYROU,TARN,MIDI-PYRENEES,"Commune simple",241.0,809.0,0.1,"44.0018082654, 1.80559449088","{""type"": ""Polygon"", ""coordinates"": [[[1.821476628670417, 43.98333468312241], [1.812694094477838, 43.98305965966128], [1.800898228696427, 43.988556490266355], [1.786081917258807, 44.001705428744955], [1.783982746106135, 44.00833385253402], [1.805879734556181, 44.02034838469479], [1.808675117126614, 44.02267412184388], [1.812398920942341, 44.02116642204514], [1.813037421685762, 44.012073328469455], [1.816881928932732, 44.010719820023695], [1.820907942185184, 44.00420159247494], [1.821476628670417, 43.98333468312241]]]}",35677,246,07,1,81,73
38526,38470,VATILIEU,ISERE,RHONE-ALPES,"Commune simple",566.0,927.0,0.4,"45.2609367341, 5.41140093645","{""type"": ""Polygon"", ""coordinates"": [[[5.384342563013073, 45.238333025160536], [5.394989492784832, 45.25259085787384], [5.392448885323734, 45.26531114462941], [5.39983487801607, 45.2741973418843], [5.412483230890447, 45.27901495096646], [5.421179307005947, 45.278872022405416], [5.436487324008625, 45.25981057443726], [5.437141246721902, 45.25376055948462], [5.43337060767757, 45.25211307645824], [5.410271130341958, 45.25146957573315], [5.397779263669457, 45.24154074228237], [5.384342563013073, 45.238333025160536]]]}",35790,526,35,1,38,82
33360,33220,"LA ROQUILLE",GIRONDE,AQUITAINE,"Commune simple",96.0,656.0,0.3,"44.7853020324, 0.232048719283","{""type"": ""Polygon"", ""coordinates"": [[[0.251276667434215, 44.77983548440409], [0.240545243572075, 44.773505991579334], [0.227637529839386, 44.7780214549979], [0.213528229354491, 44.77662256528678], [0.206661533472511, 44.78092704048588], [0.218127358616783, 44.79128721704613], [0.225353937798805, 44.79943207315606], [0.229306244733603, 44.793693269627546], [0.246134718952569, 44.79546392255591], [0.252201480873138, 44.79119123690393], [0.251276667434215, 44.77983548440409]]]}",24590,360,41,5,33,72
31104,31410,CAPENS,HAUTE-GARONNE,MIDI-PYRENEES,"Commune simple",216.0,692.0,0.5,"43.3349294314, 1.25981787784","{""type"": ""Polygon"", ""coordinates"": [[[1.289072655041081, 43.32397903496121], [1.260614755031128, 43.32439784607644], [1.232240513834531, 43.33653510704127], [1.232252180330137, 43.33936972443142], [1.247073244892927, 43.348195195843594], [1.263337846617952, 43.341600926505954], [1.276444667658325, 43.34442900926288], [1.275789489861625, 43.33789495139064], [1.289072655041081, 43.32397903496121]]]}",2570,104,09,1,31,73
19190,19200,SAINT-BONNET-PRES-BORT,CORREZE,LIMOUSIN,"Commune simple",702.0,1693.0,0.2,"45.506914894, 2.4263926381","{""type"": ""Polygon"", ""coordinates"": [[[2.433731777641809, 45.47612078878933], [2.42803768165213, 45.48092753614162], [2.405351485346786, 45.482439529831716], [2.411320069469736, 45.49179106664076], [2.396026624467945, 45.49944506552929], [2.39728486480813, 45.506214533055385], [2.409061938627142, 45.511490981247015], [2.408938597204757, 45.52187302938924], [2.434158664745049, 45.538508951185285], [2.446427502033578, 45.532779895479905], [2.451017503897231, 45.52340128195548], [2.438372871562548, 45.4981520404252], [2.449234456265459, 45.49265883689882], [2.447808341833824, 45.48671761734595], [2.439451425909108, 45.4864420717103], [2.437693369082721, 45.47800471464067], [2.433731777641809, 45.47612078878933]]]}",35901,190,05,3,19,74
89161,89310,ETIVEY,YONNE,BOURGOGNE,"Commune simple",276.0,2780.0,0.2,"47.6726045815, 4.14690426955","{""type"": ""Polygon"", ""coordinates"": [[[4.147513959012964, 47.634040195948955], [4.121339577624378, 47.66741210772797], [4.118764909364754, 47.680624288340994], [4.104570217625331, 47.68390082825936], [4.098496301060982, 47.68930501170446], [4.107887420493048, 47.69919918900638], [4.137006939194454, 47.69909076386789], [4.155997676852027, 47.702910337846525], [4.16123138216097, 47.69707943124807], [4.170965400828222, 47.69466894247326], [4.174890640115389, 47.688859471532595], [4.165383136368364, 47.68205928053551], [4.184218715719748, 47.67907046623967], [4.177163516997572, 47.66319048415973], [4.179693587353675, 47.64684452211953], [4.147513959012964, 47.634040195948955]]]}",2515,161,21,2,89,26
68149,68330,HUNINGUE,HAUT-RHIN,ALSACE,"Chef-lieu canton",249.0,285.0,6.6,"47.5888753858, 7.58124251727","{""type"": ""Polygon"", ""coordinates"": [[[7.574802363624117, 47.576138679052804], [7.573743352694634, 47.588036748027235], [7.566395845123354, 47.591570617632236], [7.584561338906572, 47.600865920820986], [7.593044808071757, 47.5986025847745], [7.584697284890201, 47.57576793094986], [7.574802363624117, 47.576138679052804]]]}",30363,149,11,4,68,42
44140,44330,"LA REGRIPPIERE",LOIRE-ATLANTIQUE,"PAYS DE LA LOIRE","Commune simple",85.0,1807.0,1.5,"47.1851327192, -1.19445859002","{""type"": ""Polygon"", ""coordinates"": [[[-1.18836279742154, 47.15823234097935], [-1.195670787834252, 47.1629621086515], [-1.209837475432315, 47.1652782810549], [-1.2204620268557, 47.18022685811226], [-1.222939172399528, 47.19729332306735], [-1.211526326394699, 47.20813116770697], [-1.180763624047946, 47.20740707999318], [-1.1746315204013, 47.1984597706818], [-1.176733790892833, 47.19265916057208], [-1.161776142622401, 47.18583249612999], [-1.169554520734664, 47.17051480157573], [-1.18836279742154, 47.15823234097935]]]}",2774,140,44,2,44,52
83060,83670,FOX-AMPHOUX,VAR,"PROVENCE-ALPES-COTE D'AZUR","Commune simple",450.0,4121.0,0.4,"43.5955417496, 6.10909327573","{""type"": ""Polygon"", ""coordinates"": [[[6.117152529338975, 43.563588876370865], [6.108218140491373, 43.56209826326839], [6.09465510709036, 43.564772949862856], [6.065616877594585, 43.586784083455136], [6.064494927447211, 43.60056544287524], [6.057152639108995, 43.6169353498822], [6.098820497535957, 43.62609209299606], [6.117397116298856, 43.624399034635594], [6.124879690178246, 43.621131433290955], [6.138006966572419, 43.61299085361561], [6.166964800695037, 43.59335718401735], [6.175682807183834, 43.59149069121742], [6.163379921276667, 43.587662587209515], [6.156247879172217, 43.57939669998201], [6.142565367524651, 43.5776685472657], [6.117152529338975, 43.563588876370865]]]}",2894,060,26,3,83,93
01419,01710,THOIRY,AIN,RHONE-ALPES,"Commune simple",844.0,2886.0,5.0,"46.2435475879, 5.96506297987","{""type"": ""Polygon"", ""coordinates"": [[[5.974412360787488, 46.2147478852416], [5.942912611490932, 46.23175148514511], [5.919947918292567, 46.23915569229705], [5.92300987963846, 46.25783788785833], [5.919492138074391, 46.259838520393], [5.946633690210001, 46.27461088833517], [5.981775976881988, 46.26036809391462], [6.009204687070766, 46.239622830085466], [6.014256900292219, 46.2391556363363], [6.016683918445726, 46.231819107055436], [6.002932330713049, 46.22257696366769], [5.993818297330819, 46.22043830746474], [5.99271795930261, 46.21716914087981], [5.974412360787488, 46.2147478852416]]]}",35615,419,13,3,01,82
26051,26460,BEZAUDUN-SUR-BINE,DROME,RHONE-ALPES,"Commune simple",808.0,1785.0,0.1,"44.6116512795, 5.17571070396","{""type"": ""Polygon"", ""coordinates"": [[[5.18817471381513, 44.59245105574142], [5.165315409983262, 44.58794821577795], [5.147048154887581, 44.59804906977331], [5.146727705429812, 44.60486372720417], [5.154858976138063, 44.624995830977724], [5.16908487801324, 44.63452516543249], [5.181814331020745, 44.632320369373694], [5.199073069960178, 44.63405883347516], [5.200581465985142, 44.61518803357835], [5.209332931800035, 44.61296004522303], [5.18817471381513, 44.59245105574142]]]}",6558,051,01,1,26,82
71268,71120,LUGNY-LES-CHAROLLES,SAONE-ET-LOIRE,BOURGOGNE,"Commune simple",305.0,1684.0,0.3,"46.4112364438, 4.20394785541","{""type"": ""Polygon"", ""coordinates"": [[[4.193601532536019, 46.38414439365391], [4.179331666443883, 46.40129545576916], [4.175776686957345, 46.41454338819045], [4.169414849732886, 46.41965187293304], [4.173031551330652, 46.42192020505534], [4.185543468131295, 46.42659997221917], [4.198349799063145, 46.42263888956618], [4.210953750863915, 46.43664478911627], [4.22441294310299, 46.44086002623947], [4.234204015917597, 46.4406285619183], [4.229770747845167, 46.430617034531515], [4.221607208577542, 46.42667011535077], [4.219075291368671, 46.42001496027131], [4.232783967335508, 46.39448061605031], [4.213915998734568, 46.39236841911548], [4.203074114094692, 46.38586405365108], [4.193601532536019, 46.38414439365391]]]}",10949,268,09,3,71,26
38054,38390,BOUVESSE-QUIRIEU,ISERE,RHONE-ALPES,"Commune simple",263.0,1770.0,1.4,"45.7838215113, 5.41483452753","{""type"": ""Polygon"", ""coordinates"": [[[5.424398309150193, 45.752382575457986], [5.40932170212157, 45.76964278958735], [5.390536018806892, 45.769258701948765], [5.379588554725768, 45.78407572980676], [5.378438438405715, 45.79235221033815], [5.388119461279733, 45.799418022499104], [5.402421169195863, 45.79745681294831], [5.422512721230087, 45.80712655794493], [5.438575606864239, 45.79543808154417], [5.447078322484536, 45.78619074113177], [5.460402727790377, 45.77830615294614], [5.428061907708869, 45.77220494816445], [5.424398309150193, 45.752382575457986]]]}",9511,054,19,2,38,82
66040,66130,CASEFABRE,PYRENEES-ORIENTALES,LANGUEDOC-ROUSSILLON,"Commune simple",486.0,705.0,0.0,"42.6184473874, 2.61434229279","{""type"": ""Polygon"", ""coordinates"": [[[2.625209817693634, 42.630468410226506], [2.633687464040069, 42.61051207274485], [2.624056868081684, 42.60345720403041], [2.615035838871768, 42.60395552145833], [2.59146706780313, 42.62247813396701], [2.594071701027584, 42.62780143250164], [2.605595592987848, 42.63043382762329], [2.625209817693634, 42.630468410226506]]]}",29667,040,18,3,66,91
27346,27440,HOUVILLE-EN-VEXIN,EURE,HAUTE-NORMANDIE,"Commune simple",148.0,805.0,0.2,"49.2999641721, 1.35759066784","{""type"": ""Polygon"", ""coordinates"": [[[1.350283741816729, 49.28228536867186], [1.34267946869104, 49.29139740647797], [1.324263948071604, 49.297598984542844], [1.328939020517852, 49.30352614650218], [1.338357701911178, 49.305661197283925], [1.344071636787429, 49.31099957095416], [1.358899144378759, 49.312200014223976], [1.37192203987374, 49.30741317709128], [1.392055687229902, 49.308654013067994], [1.393036833362897, 49.30408159350797], [1.384248560931127, 49.29668141979411], [1.364699812596929, 49.294053472491626], [1.358892080612307, 49.28560368490665], [1.350283741816729, 49.28228536867186]]]}",35056,346,18,1,27,23
78356,78114,MAGNY-LES-HAMEAUX,YVELINES,ILE-DE-FRANCE,"Commune simple",157.0,1669.0,9.0,"48.7410207273, 2.0519793397","{""type"": ""Polygon"", ""coordinates"": [[[2.107693288719874, 48.7177075324668], [2.103527234125686, 48.71570642483814], [2.084172606590981, 48.71948122432975], [2.07470190370926, 48.716934560486536], [2.072374080117833, 48.72324890257194], [2.056440404289165, 48.732298755092195], [2.035267042982005, 48.73241733496134], [2.018824404896189, 48.74127815825013], [2.006299265973036, 48.746265626129656], [1.991707355222887, 48.747564467954724], [2.011238394654445, 48.76196645510374], [2.025542613006742, 48.75585970928648], [2.045187350703617, 48.751332165705755], [2.061005617243001, 48.75215919070936], [2.068432941986947, 48.75671468969072], [2.07858975186495, 48.753924202942734], [2.086157584173037, 48.7451136209409], [2.083225442940298, 48.73859694979185], [2.085681384811951, 48.72881146891748], [2.106156447293099, 48.71934209271171], [2.107693288719874, 48.7177075324668]]]}",5536,356,05,2,78,11
76728,76150,"LA VAUPALIERE",SEINE-MARITIME,HAUTE-NORMANDIE,"Commune simple",120.0,798.0,1.0,"49.4817281, 0.994239505882","{""type"": ""Polygon"", ""coordinates"": [[[1.019470828792136, 49.46194087679247], [1.008405455580452, 49.46879008730886], [0.989974498363308, 49.47409579682456], [0.97947834471222, 49.468041319369185], [0.975594106943459, 49.487171361881984], [0.95609181681569, 49.49070092918122], [0.983277483662414, 49.498168880122776], [1.017602249421426, 49.4825165666633], [1.016319000081715, 49.47929497141998], [1.022901038229255, 49.474260014674854], [1.01931015671239, 49.46504000486828], [1.019470828792136, 49.46194087679247]]]}",17671,728,66,3,76,23
79242,79150,SAINT-CLEMENTIN,DEUX-SEVRES,POITOU-CHARENTES,"Commune simple",118.0,1400.0,0.5,"46.960771587, -0.51496460613","{""type"": ""Polygon"", ""coordinates"": [[[-0.50046906839287, 46.933212847109836], [-0.522919399560698, 46.93348379899572], [-0.530744037120395, 46.9461141947066], [-0.524914424964866, 46.955602600260704], [-0.537752916032664, 46.96090514023866], [-0.539129386263232, 46.96423357560718], [-0.528221307408453, 46.975806537690474], [-0.531423492461947, 46.985712325946416], [-0.51834853771833, 46.99363733030554], [-0.513902544714286, 46.99271843542527], [-0.513696063216838, 46.98590238205951], [-0.501591415569333, 46.97511335007864], [-0.501100176943208, 46.96509754035098], [-0.487114241784734, 46.96236719390528], [-0.501728013428153, 46.943710111385855], [-0.50046906839287, 46.933212847109836]]]}",5629,242,02,1,79,54
56191,56140,REMINIAC,MORBIHAN,BRETAGNE,"Commune simple",82.0,1215.0,0.4,"47.8638253053, -2.25279250004","{""type"": ""Polygon"", ""coordinates"": [[[-2.281771966404776, 47.84673623449034], [-2.282480394673854, 47.86045089651246], [-2.269650962058, 47.8713564554295], [-2.269857365416621, 47.8818011991214], [-2.249512777297375, 47.88013451568093], [-2.240130536302427, 47.88288141851588], [-2.231086174779189, 47.86744702748426], [-2.209785115255696, 47.853234234774504], [-2.247731925300054, 47.85373228051628], [-2.275707621845056, 47.84706366383906], [-2.281771966404776, 47.84673623449034]]]}",16141,191,13,3,56,53
52517,52700,VESAIGNES-SOUS-LAFAUCHE,HAUTE-MARNE,CHAMPAGNE-ARDENNE,"Commune simple",375.0,1390.0,0.1,"48.284900446, 5.44400289784","{""type"": ""Polygon"", ""coordinates"": [[[5.433664585255397, 48.25637260957052], [5.431786100417917, 48.26562010826615], [5.415383740554111, 48.28927957213594], [5.416460565293471, 48.29275918151992], [5.452787233068789, 48.31274221455908], [5.45815588164906, 48.31240577799858], [5.453218650604749, 48.30288555399576], [5.46218034839743, 48.29977386204671], [5.458900258521897, 48.29020128800207], [5.477095745357659, 48.274401518938994], [5.438884031304643, 48.26254831528773], [5.433664585255397, 48.25637260957052]]]}",16324,517,24,1,52,21
29044,29150,DINEAULT,FINISTERE,BRETAGNE,"Commune simple",109.0,4520.0,1.7,"48.2166455285, -4.16674767247","{""type"": ""Polygon"", ""coordinates"": [[[-4.111305770179866, 48.192264554441834], [-4.127535320226873, 48.18458871992676], [-4.158645490002662, 48.18604453078906], [-4.181606389578546, 48.19400703651948], [-4.19121739016698, 48.202239105233055], [-4.240914311740912, 48.208510444961846], [-4.244907816732873, 48.22249633412842], [-4.203466636227069, 48.22942806897634], [-4.206533203125499, 48.23908003984655], [-4.210620239627907, 48.24718774443458], [-4.156839213471439, 48.24433007242323], [-4.137813430204266, 48.23629536788001], [-4.111393017708575, 48.24443302658283], [-4.11768430642212, 48.221557750080564], [-4.117527157781867, 48.21829676438512], [-4.10892248393865, 48.20663778064165], [-4.107665158522924, 48.20373227246755], [-4.116191252454822, 48.19701981698536], [-4.111305770179866, 48.192264554441834]]]}",9775,044,08,2,29,53
35011,35460,BAILLE,ILLE-ET-VILAINE,BRETAGNE,"Commune simple",93.0,527.0,0.3,"48.3662045061, -1.37619867939","{""type"": ""Polygon"", ""coordinates"": [[[-1.359451483491927, 48.36117855656513], [-1.399149222627868, 48.34695038040911], [-1.403580565814606, 48.34869588400776], [-1.397001417645699, 48.35278818205139], [-1.387350376734347, 48.36479731084057], [-1.373017306269197, 48.3740679747637], [-1.374854314693618, 48.38768716192312], [-1.363420273828661, 48.39107341813486], [-1.364333544601498, 48.37389280745263], [-1.359451483491927, 48.36117855656513]]]}",22583,011,36,1,35,53
23226,23260,SAINT-PARDOUX-D'ARNET,CREUSE,LIMOUSIN,"Commune simple",668.0,1635.0,0.2,"45.881920162, 2.32602565268","{""type"": ""Polygon"", ""coordinates"": [[[2.34535692514162, 45.84812785775479], [2.343745752044261, 45.8514144248448], [2.331064268778542, 45.85574362430692], [2.335584791394155, 45.86563102976071], [2.333750192787933, 45.87238316680429], [2.324680621888485, 45.87503992710534], [2.306365873933467, 45.87155205480216], [2.283977411876068, 45.883155354551015], [2.292344928243834, 45.891258763327905], [2.301417140472212, 45.89280104607678], [2.314047676277131, 45.905881973205325], [2.323488112172477, 45.90499328042965], [2.347290097641418, 45.89494822355915], [2.354764417211896, 45.88663426838663], [2.349794117849045, 45.87399847525992], [2.352636934735215, 45.87124118203007], [2.349283701323471, 45.86153230415756], [2.353353951326621, 45.85186604871458], [2.34535692514162, 45.84812785775479]]]}",10543,226,13,1,23,74
28296,28140,PERONVILLE,EURE-ET-LOIR,CENTRE,"Commune simple",130.0,2491.0,0.3,"48.0586450823, 1.5824310106","{""type"": ""Polygon"", ""coordinates"": [[[1.586941512773539, 48.03052401329665], [1.585116674256952, 48.03353521703176], [1.566382206254075, 48.03655768992805], [1.545306911308587, 48.04458852170159], [1.537795347714116, 48.04878865930797], [1.538520768819925, 48.05508890984913], [1.525897859521106, 48.059557759637734], [1.542721820248066, 48.0692624114887], [1.546834191336165, 48.06327404676148], [1.561581191333382, 48.06261804182269], [1.568234547839218, 48.06781122667623], [1.569908584281195, 48.077416736213465], [1.584235184705816, 48.08055979517546], [1.592889658200233, 48.088961508697786], [1.602526166624857, 48.0913171763586], [1.613778382653528, 48.085366080993914], [1.609202621948363, 48.079570146928845], [1.610855060692155, 48.06983356733818], [1.621685671302161, 48.063876724920725], [1.621231661302954, 48.04831914137322], [1.613877601341305, 48.044155698420624], [1.599284829366643, 48.04275896214595], [1.591873351897022, 48.03075412141775], [1.586941512773539, 48.03052401329665]]]}",34894,296,21,2,28,24
25572,25680,TROUVANS,DOUBS,FRANCHE-COMTE,"Commune simple",372.0,276.0,0.1,"47.4202800543, 6.34806537347","{""type"": ""Polygon"", ""coordinates"": [[[6.341998045168041, 47.409783128578994], [6.333550876171037, 47.41480996662822], [6.346498471102136, 47.42913333265602], [6.356079952851116, 47.43032585090961], [6.362047295002621, 47.42237779915544], [6.349094463950526, 47.41247113401788], [6.341998045168041, 47.409783128578994]]]}",17867,572,23,1,25,43
54551,54370,VAUCOURT,MEURTHE-ET-MOSELLE,LORRAINE,"Commune simple",257.0,625.0,0.1,"48.6653978067, 6.68626626794","{""type"": ""Polygon"", ""coordinates"": [[[6.682326527958289, 48.649997941956414], [6.669715333573177, 48.658131116010146], [6.668961639729161, 48.66733886853003], [6.683821993780657, 48.68125133597906], [6.688804771631945, 48.682105680690356], [6.694566570311772, 48.673012750711706], [6.709112656094183, 48.671075017265856], [6.694816562298905, 48.65462666361538], [6.682326527958289, 48.649997941956414]]]}",27075,551,06,2,54,41
70280,70100,GRAY-LA-VILLE,HAUTE-SAONE,FRANCHE-COMTE,"Commune simple",200.0,396.0,1.0,"47.4400313052, 5.57140499871","{""type"": ""Polygon"", ""coordinates"": [[[5.589371891222902, 47.42973426548293], [5.558817928271423, 47.43723739045462], [5.553617258330869, 47.43173155260641], [5.55364507193698, 47.44428609587288], [5.560431719301071, 47.44794672650231], [5.573386721953431, 47.448147303025024], [5.586288057705011, 47.443384965537916], [5.589371891222902, 47.42973426548293]]]}",12635,280,09,2,70,43
09172,09350,LOUBAUT,ARIEGE,MIDI-PYRENEES,"Commune simple",322.0,234.0,0.0,"43.1881252111, 1.28310345305","{""type"": ""Polygon"", ""coordinates"": [[[1.293655752589006, 43.181244276274626], [1.284918985241909, 43.180682881511906], [1.268142287690797, 43.19077942371239], [1.266350620154429, 43.1914794132001], [1.276631956869112, 43.19554883149131], [1.296283205593696, 43.1892840804281], [1.293655752589006, 43.181244276274626]]]}",21678,172,08,2,09,73
69256,69120,VAULX-EN-VELIN,RHONE,RHONE-ALPES,"Chef-lieu canton",174.0,2102.0,40.3,"45.7858821061, 4.92637767698","{""type"": ""Polygon"", ""coordinates"": [[[4.932571980266378, 45.7440841596621], [4.917588695441761, 45.74829427542016], [4.920124886036628, 45.7616723616345], [4.915557650049714, 45.76764995700251], [4.904032101827918, 45.77343874858057], [4.906384064238097, 45.783406382492814], [4.884285595229292, 45.789632421788035], [4.879805320157423, 45.795318783561164], [4.890913237032984, 45.80119526139509], [4.923799133458052, 45.80399936996711], [4.941864511281132, 45.80901354048075], [4.951515987339842, 45.80876603693439], [4.963685727763988, 45.81087898269034], [4.970374962885282, 45.807384537415714], [4.937737695926081, 45.77180195336213], [4.932571980266378, 45.7440841596621]]]}",29069,256,46,1,69,82
27120,27190,BUREY,EURE,HAUTE-NORMANDIE,"Commune simple",154.0,534.0,0.3,"48.9922829548, 0.944514139448","{""type"": ""Polygon"", ""coordinates"": [[[0.955255490052222, 48.976002979865456], [0.939338268780246, 48.9759464191349], [0.928579931842185, 49.00347529190157], [0.94330891854614, 49.00958440728461], [0.95407166779656, 49.00364279586566], [0.957802189846815, 48.9828287557132], [0.955255490052222, 48.976002979865456]]]}",18948,120,11,3,27,23
72386,72530,YVRE-L'EVEQUE,SARTHE,"PAYS DE LA LOIRE","Commune simple",68.0,2770.0,4.4,"48.0234127838, 0.282137902604","{""type"": ""Polygon"", ""coordinates"": [[[0.243170101883091, 47.98826286644535], [0.236405951709886, 47.99733385291875], [0.251678572227954, 48.0148183767706], [0.243970866649902, 48.0187711175323], [0.253573775811759, 48.034429225890335], [0.278915863036221, 48.035044919648776], [0.282771493312378, 48.037349044897574], [0.274859726926276, 48.04994310106453], [0.303167826813965, 48.05548420234063], [0.308162290604252, 48.0605326941877], [0.317425230659179, 48.063013087193376], [0.326253222818941, 48.062952757801575], [0.335334959556806, 48.05625263864525], [0.312677512302013, 48.048588470591554], [0.31522571881307, 48.03832795962289], [0.310249840030475, 48.03796223307759], [0.311810108492287, 48.02785922347524], [0.308089428016395, 48.02157027325579], [0.311940898959728, 48.0117986990526], [0.30733356517096, 48.00634477774413], [0.297774284128423, 48.006719837954904], [0.285422567852534, 47.99690874777313], [0.243170101883091, 47.98826286644535]]]}",9129,386,37,3,72,52
89078,89710,CHAMPVALLON,YONNE,BOURGOGNE,"Commune simple",144.0,684.0,0.6,"47.9359055825, 3.34413778316","{""type"": ""Polygon"", ""coordinates"": [[[3.372015795048593, 47.93444801260222], [3.354502631586443, 47.92697850235582], [3.338961415875834, 47.92772633751672], [3.321327604829043, 47.927937882191486], [3.31365961877872, 47.93100045919231], [3.321541854978356, 47.938988747648246], [3.33782893543368, 47.94544970150148], [3.354490580460586, 47.945220636711674], [3.369951091633754, 47.94179816582212], [3.372015795048593, 47.93444801260222]]]}",31683,078,01,1,89,26
02510,02330,MONTHUREL,AISNE,PICARDIE,"Commune simple",172.0,402.0,0.2,"49.0275310805, 3.55187396803","{""type"": ""Polygon"", ""coordinates"": [[[3.547111269876547, 49.014006302265], [3.531336649420594, 49.02480468346477], [3.550692938249335, 49.03463562399854], [3.556036584284023, 49.04323424116307], [3.569704743696768, 49.03733444200065], [3.562639057204129, 49.03023712889872], [3.564814174490915, 49.02779907769656], [3.552922952949783, 49.01416850851189], [3.547111269876547, 49.014006302265]]]}",20949,510,10,1,02,22
28205,28200,LANNERAY,EURE-ET-LOIR,CENTRE,"Commune simple",149.0,2693.0,0.6,"48.0865267047, 1.22911535652","{""type"": ""Polygon"", ""coordinates"": [[[1.229011723980068, 48.05958989490578], [1.219325384142384, 48.05935382520786], [1.212342367805816, 48.06415361100204], [1.202437423389338, 48.064794951302744], [1.183008600399405, 48.07490208400318], [1.185046254472741, 48.08127922291448], [1.176040431021714, 48.0888540173935], [1.195065045512617, 48.090785129011415], [1.200282158981222, 48.09658049430682], [1.214446662021823, 48.10048628645292], [1.22830897904309, 48.11026328110772], [1.230164112441015, 48.127113406844124], [1.245043656821984, 48.112628753821774], [1.258422026495261, 48.11328617825395], [1.255894407839491, 48.11045861066856], [1.259907226157146, 48.10450546575286], [1.263831938743218, 48.089748156696004], [1.274150485090296, 48.083545198172175], [1.266429169678596, 48.07075867845309], [1.250863911003224, 48.06954748088719], [1.232084327318844, 48.06327246733199], [1.230816235948129, 48.05983304135085], [1.229011723980068, 48.05958989490578]]]}",8174,205,09,2,28,24
35252,35500,SAINT-AUBIN-DES-LANDES,ILLE-ET-VILAINE,BRETAGNE,"Commune simple",81.0,1031.0,0.9,"48.1003176943, -1.29173658407","{""type"": ""Polygon"", ""coordinates"": [[[-1.274052911537919, 48.08008697232707], [-1.283788737485376, 48.08206717578705], [-1.297075557670236, 48.09247838209565], [-1.314807234302751, 48.09909362317509], [-1.328481649303993, 48.10868528387205], [-1.318762512569199, 48.1158821033111], [-1.299055023005091, 48.11532327571961], [-1.272702593997223, 48.10697299137863], [-1.26852571146908, 48.1009063879741], [-1.258536742188913, 48.09982614899412], [-1.268659836069691, 48.088077844895984], [-1.2682877713786, 48.08130546405139], [-1.274052911537919, 48.08008697232707]]]}",7928,252,43,1,35,53
25071,25230,BONDEVAL,DOUBS,FRANCHE-COMTE,"Commune simple",471.0,470.0,0.5,"47.4336532746, 6.8448325548","{""type"": ""Polygon"", ""coordinates"": [[[6.838945391981995, 47.41515993286173], [6.833843339604286, 47.41604031373712], [6.837281199743406, 47.42566044982045], [6.832613256442841, 47.43132106484084], [6.838462469255161, 47.44324994158054], [6.846505821744197, 47.454240816772064], [6.85821257705312, 47.439685353322695], [6.848071153511003, 47.418724610024604], [6.838945391981995, 47.41515993286173]]]}",25951,071,09,2,25,43
77070,77120,CHAILLY-EN-BRIE,SEINE-ET-MARNE,ILE-DE-FRANCE,"Commune simple",132.0,1796.0,1.4,"48.7924119914, 3.13372765274","{""type"": ""Polygon"", ""coordinates"": [[[3.150110869805129, 48.7628798651274], [3.134650173514481, 48.755244402690906], [3.129331854933117, 48.760826564209154], [3.119417025916515, 48.76187119655249], [3.124725330427012, 48.77438531568849], [3.105397170831704, 48.78506162095981], [3.103115698596748, 48.79449805685293], [3.105429826950848, 48.8079595485607], [3.114205920191496, 48.81128811077393], [3.154578690723969, 48.81529882986687], [3.163617631380885, 48.818533472953206], [3.165252722845882, 48.81879203687982], [3.162623590090389, 48.78801036108079], [3.136800898395368, 48.786981446892845], [3.138017726137771, 48.7736152126676], [3.150110869805129, 48.7628798651274]]]}",9133,070,07,1,77,11
12025,12370,BELMONT-SUR-RANCE,AVEYRON,MIDI-PYRENEES,"Chef-lieu canton",513.0,4421.0,1.0,"43.8248066613, 2.75112588712","{""type"": ""Polygon"", ""coordinates"": [[[2.78150562353849, 43.78723331146521], [2.753892547368462, 43.78433984208055], [2.737344997675891, 43.79037541269958], [2.718781913951182, 43.791237983521235], [2.713128624735518, 43.796406589394586], [2.712784961542909, 43.80299286704667], [2.700927675757062, 43.80610160700662], [2.718547959980628, 43.82616223388308], [2.716249868156416, 43.835884261462134], [2.730632432673538, 43.84410090931083], [2.720101845712295, 43.85913901416602], [2.722881454702456, 43.86557155809097], [2.734623355361457, 43.860246199593284], [2.741967746219346, 43.864358458161696], [2.751347130285206, 43.864155249839555], [2.762864385874356, 43.858304399073745], [2.784867802688055, 43.8543723596039], [2.789502892596265, 43.84859494834754], [2.797782824984268, 43.8455599066738], [2.796089737045503, 43.83567576144752], [2.802533798828809, 43.83084613278876], [2.793936221675576, 43.82265013203987], [2.776868350523961, 43.816929196911836], [2.767643989433704, 43.80538230642084], [2.78150562353849, 43.78723331146521]]]}",14174,025,02,1,12,73
70060,70150,BEAUMOTTE-LES-PIN,HAUTE-SAONE,FRANCHE-COMTE,"Commune simple",246.0,823.0,0.3,"47.3184487342, 5.83208927383","{""type"": ""Polygon"", ""coordinates"": [[[5.831219930096123, 47.29870805417143], [5.832389165824693, 47.30530954087463], [5.817229319645042, 47.31396603214354], [5.810681134436599, 47.32297969734726], [5.802023313875227, 47.32614362742316], [5.808643429672953, 47.33112720614834], [5.822267999905126, 47.32817545522223], [5.835829050518994, 47.3368350451717], [5.840192517222659, 47.33540420054831], [5.853149549593931, 47.3109355559961], [5.845054322475634, 47.300891949397794], [5.831219930096123, 47.29870805417143]]]}",17656,060,15,2,70,43
76495,76570,PAVILLY,SEINE-MARITIME,HAUTE-NORMANDIE,"Chef-lieu canton",114.0,1432.0,6.2,"49.5758967466, 0.947253796709","{""type"": ""Polygon"", ""coordinates"": [[[0.928715605821423, 49.55908347405155], [0.92197790506895, 49.563364355383015], [0.913941273757375, 49.55978334841113], [0.90977043712195, 49.56141068448521], [0.916285719913514, 49.56944280392249], [0.909001012889451, 49.57385740272888], [0.919157005453782, 49.58113381178431], [0.911138143054987, 49.59234109073521], [0.937082115646625, 49.5819970537639], [0.9406636439287, 49.59059796698859], [0.95332421952664, 49.595953988379655], [0.954203105715131, 49.59923196229804], [0.970840469392568, 49.5929577752472], [0.964668687105807, 49.576673326581485], [0.974960092404488, 49.5754700166021], [0.989754629735377, 49.57822397854675], [0.991542424975614, 49.57210470923845], [0.979930512314761, 49.564738283379555], [0.948372945983902, 49.561368174441334], [0.937744333122025, 49.56276126007091], [0.928715605821423, 49.55908347405155]]]}",7683,495,41,3,76,23
63086,63590,"LA CHAPELLE-AGNON",PUY-DE-DOME,AUVERGNE,"Commune simple",769.0,2594.0,0.4,"45.6297458616, 3.62896943409","{""type"": ""Polygon"", ""coordinates"": [[[3.624312989379816, 45.601279486025575], [3.616796832472616, 45.604859935544475], [3.607956438107893, 45.60243167214618], [3.599678171570486, 45.60564588113906], [3.590242976912009, 45.60512846437654], [3.60274620195519, 45.62350450762498], [3.598036023330593, 45.62942794914464], [3.596050855633493, 45.6429460730777], [3.604467608868316, 45.64365761903392], [3.615584859914379, 45.65514189964761], [3.629340866869109, 45.658820982160776], [3.6348283775758, 45.66365294116428], [3.654742504803381, 45.64473620990195], [3.668954635801276, 45.64471568970627], [3.66565637610864, 45.63520781505861], [3.659511544849625, 45.63013808708579], [3.663355507757562, 45.62422615029344], [3.660741230684501, 45.6180910417184], [3.646235284048037, 45.60883701218683], [3.624312989379816, 45.601279486025575]]]}",32002,086,16,1,63,83
14069,14100,BEUVILLERS,CALVADOS,BASSE-NORMANDIE,"Commune simple",91.0,491.0,1.2,"49.1262889873, 0.249746310711","{""type"": ""Polygon"", ""coordinates"": [[[0.247173708261616, 49.11671330671478], [0.232037429814132, 49.11501635071222], [0.227705803491121, 49.11682382815501], [0.230761567626272, 49.12324577560692], [0.251606306639783, 49.13753332365221], [0.271518001528569, 49.1359084695366], [0.264136900163707, 49.12354185521928], [0.247173708261616, 49.11671330671478]]]}",25074,069,21,3,14,25
76017,76280,ANGLESQUEVILLE-L'ESNEVAL,SEINE-MARITIME,HAUTE-NORMANDIE,"Commune simple",117.0,424.0,0.5,"49.6304546019, 0.235444303485","{""type"": ""Polygon"", ""coordinates"": [[[0.220315259614858, 49.616688450318115], [0.218987325846436, 49.62331196644691], [0.228462229485682, 49.631620959085836], [0.235079087985221, 49.64445872332127], [0.242035722394196, 49.64692755878103], [0.249210383362048, 49.63193055073994], [0.24408845908735, 49.6231735812201], [0.220315259614858, 49.616688450318115]]]}",28885,017,12,2,76,23
64140,64340,BOUCAU,PYRENEES-ATLANTIQUES,AQUITAINE,"Commune simple",24.0,577.0,7.7,"43.52540846, -1.48001541381","{""type"": ""Polygon"", ""coordinates"": [[[-1.491832190536521, 43.511808059574896], [-1.491813879210302, 43.520910622955526], [-1.501414268268534, 43.52694678044841], [-1.479604842797515, 43.539177927967685], [-1.463514713051397, 43.53314583758508], [-1.465627409420073, 43.51652260317554], [-1.491832190536521, 43.511808059574896]]]}",26165,140,07,1,64,72
01367,01560,SAINT-JULIEN-SUR-REYSSOUZE,AIN,RHONE-ALPES,"Commune simple",196.0,749.0,0.6,"46.3997655501, 5.10354296019","{""type"": ""Polygon"", ""coordinates"": [[[5.115974949438157, 46.39587775821487], [5.111910560090345, 46.39413347087175], [5.106313542877857, 46.381670972988495], [5.097628187555531, 46.379200728564264], [5.093556039649058, 46.38094198975977], [5.087492100522271, 46.40277992476889], [5.089161380732827, 46.41237869416761], [5.105132513645523, 46.415877527839214], [5.11716187189252, 46.412727481018166], [5.124522215969475, 46.401736205796546], [5.124268859810088, 46.398570142736645], [5.115974949438157, 46.39587775821487]]]}",14279,367,29,2,01,82
57709,57370,VESCHEIM,MOSELLE,LORRAINE,"Commune simple",263.0,185.0,0.2,"48.7943463225, 7.22591032153","{""type"": ""Polygon"", ""coordinates"": [[[7.222709923052272, 48.78683731275266], [7.215706364685343, 48.79900049652518], [7.219018331939357, 48.80218891549173], [7.225004068282451, 48.80269781609539], [7.239181698771555, 48.788928547559664], [7.235144905007961, 48.78856744134722], [7.222709923052272, 48.78683731275266]]]}",24081,709,24,5,57,41
59176,62147,DOIGNIES,NORD,NORD-PAS-DE-CALAIS,"Commune simple",99.0,738.0,0.3,"50.1321485769, 3.01379384494","{""type"": ""Polygon"", ""coordinates"": [[[3.010627956969079, 50.11280616768778], [3.000530775884125, 50.12010795755789], [3.002388955054445, 50.12995968254705], [2.994704327003501, 50.13814982603149], [3.003745583690693, 50.15015667925376], [3.007826365587869, 50.14868371154872], [3.019176496054668, 50.153711442609584], [3.026289411876115, 50.15101603556335], [3.018194100337146, 50.14254901161251], [3.018065975189096, 50.13592145153568], [3.037036244574694, 50.13058276202547], [3.024637370183207, 50.11638747495128], [3.010627956969079, 50.11280616768778]]]}",24202,176,43,2,59,31
33155,33840,ESCAUDES,GIRONDE,AQUITAINE,"Commune simple",90.0,2579.0,0.1,"44.3127064082, -0.208247896337","{""type"": ""Polygon"", ""coordinates"": [[[-0.227059955885474, 44.280689604537116], [-0.229179667654401, 44.317905999564005], [-0.236030598608451, 44.32668649750006], [-0.228828262361562, 44.35291636478323], [-0.221000484330004, 44.35061433273207], [-0.213296887703163, 44.34650633710583], [-0.211010180474984, 44.343374938511374], [-0.201272414551908, 44.34233452240282], [-0.195220117699378, 44.33674485547866], [-0.190721490349128, 44.32306496361795], [-0.172847333396136, 44.29856524668372], [-0.181390341784883, 44.28695838554943], [-0.207844167149573, 44.281495640226], [-0.227059955885474, 44.280689604537116]]]}",10512,155,18,3,33,72
35254,35410,SAINT-AUBIN-DU-PAVAIL,ILLE-ET-VILAINE,BRETAGNE,"Commune simple",61.0,592.0,0.7,"48.0416999563, -1.45944428687","{""type"": ""Polygon"", ""coordinates"": [[[-1.475554024491968, 48.02991090384914], [-1.485282457305706, 48.03355123619322], [-1.487672465090085, 48.03891319763348], [-1.478631515853706, 48.046423428421626], [-1.431106898954428, 48.052098771713645], [-1.429209257386988, 48.042120720747434], [-1.43923533676236, 48.040994670082235], [-1.440817200601872, 48.03774430910757], [-1.460194621600236, 48.03644323067872], [-1.461851891041043, 48.03330683685499], [-1.475554024491968, 48.02991090384914]]]}",34837,254,07,3,35,53
39013,39600,ARBOIS,JURA,FRANCHE-COMTE,"Chef-lieu canton",428.0,4545.0,3.5,"46.8941749828, 5.77318253275","{""type"": ""Polygon"", ""coordinates"": [[[5.797359467375549, 46.83504369322425], [5.75674478353698, 46.85782682328329], [5.769014723943244, 46.86892896831127], [5.764820275111617, 46.88608431746143], [5.761171994838457, 46.88849625160399], [5.736070961228939, 46.89028470820997], [5.732243455169172, 46.88449266297705], [5.723492284673841, 46.88632165509758], [5.712397994362472, 46.892799786915326], [5.711077467106301, 46.896083133250904], [5.7208584347741, 46.90371730398533], [5.713808455200637, 46.90782057012389], [5.714413904690147, 46.917004448552106], [5.724896455917577, 46.92229748378032], [5.739367063617915, 46.92424259858698], [5.753136054118139, 46.920391830507704], [5.758993570955528, 46.93314371008035], [5.756834961007658, 46.93981703509962], [5.770271326973511, 46.93481008434107], [5.775153929720167, 46.928719532855716], [5.775083496892695, 46.91837870350463], [5.78585745160463, 46.91133469556424], [5.790893122166957, 46.91185244440438], [5.797465607306078, 46.917170644913575], [5.79940793718409, 46.92040283608868], [5.79683826477554, 46.93402416832146], [5.805596168130934, 46.937541094092104], [5.810905120207048, 46.93845679189916], [5.82425966383795, 46.923922525958105], [5.833458671607009, 46.9223001854843], [5.836654881027509, 46.915797803797204], [5.794757153480755, 46.90674057887082], [5.793660135671388, 46.900262482130806], [5.800060680526245, 46.895169909196554], [5.802414788863586, 46.88504917444568], [5.8032481003756, 46.87551496364569], [5.811384239318659, 46.87355968103178], [5.80036199958874, 46.86264770020253], [5.810588877481184, 46.84382079101744], [5.797359467375549, 46.83504369322425]]]}",10752,013,01,2,39,43
32419,32300,SAUVIAC,GERS,MIDI-PYRENEES,"Commune simple",230.0,647.0,0.1,"43.4094830661, 0.45725685306","{""type"": ""Polygon"", ""coordinates"": [[[0.480946803929927, 43.40796923954371], [0.471718257867935, 43.406421981390004], [0.456686779733109, 43.398194015637664], [0.442599860577098, 43.39797014590223], [0.434949681964648, 43.41174989058313], [0.442491849581736, 43.415402749217264], [0.464172421696938, 43.421331316190376], [0.47090775893353, 43.416718244210244], [0.480058822148515, 43.41668855900092], [0.480946803929927, 43.40796923954371]]]}",13626,419,19,3,32,73
55241,55220,HEIPPES,MEUSE,LORRAINE,"Commune simple",307.0,1055.0,0.1,"48.9997698114, 5.27567605241","{""type"": ""Polygon"", ""coordinates"": [[[5.250484785317233, 48.9828705309424], [5.250635803900502, 48.99108984250784], [5.248789126664454, 49.00053397962792], [5.256795268613948, 49.01550529673247], [5.301393331570568, 49.00963874790398], [5.298816711955056, 49.00672853017443], [5.304953877788033, 48.98695480433221], [5.295037105786214, 48.98556167769818], [5.265943972285677, 48.99135939063676], [5.250484785317233, 48.9828705309424]]]}",17010,241,18,3,55,41
52344,52160,MOUILLERON,HAUTE-MARNE,CHAMPAGNE-ARDENNE,"Commune simple",401.0,525.0,0.0,"47.6928820808, 5.10711887788","{""type"": ""Polygon"", ""coordinates"": [[[5.109159828047168, 47.68073487511668], [5.099115173694813, 47.68230228425736], [5.091951380956116, 47.68730181786183], [5.086542339933564, 47.69321498031296], [5.088256517718066, 47.6998652353465], [5.092302985010793, 47.70203486326308], [5.122892005917849, 47.699799852946356], [5.138955055755277, 47.708547132176214], [5.139381190854634, 47.70786404209186], [5.12522105295379, 47.698334925211554], [5.124147219678962, 47.68845906830539], [5.109159828047168, 47.68073487511668]]]}",17137,344,03,2,52,21
87169,87800,SAINT-MAURICE-LES-BROUSSES,HAUTE-VIENNE,LIMOUSIN,"Commune simple",377.0,1098.0,0.9,"45.6997312165, 1.24152185921","{""type"": ""Polygon"", ""coordinates"": [[[1.25823647423732, 45.68166661555911], [1.237192130340969, 45.681546381580056], [1.227996567881461, 45.68379797763585], [1.22690883454651, 45.69729153435098], [1.210355039144974, 45.703596020466556], [1.237119375853284, 45.71690710011985], [1.251106272613937, 45.71862018288916], [1.259141797192849, 45.715384953258486], [1.260661880633063, 45.70875221740496], [1.255411291965051, 45.70321277810266], [1.259208740532256, 45.697326863486865], [1.261833172863898, 45.69111650417806], [1.25823647423732, 45.68166661555911]]]}",33442,169,18,2,87,74
60552,60800,ROUVILLE,OISE,PICARDIE,"Commune simple",117.0,693.0,0.3,"49.2101065424, 2.88059214006","{""type"": ""Polygon"", ""coordinates"": [[[2.902005356265408, 49.213303415439505], [2.897571007578899, 49.20038979448809], [2.884025937077292, 49.19606218236381], [2.873941990526959, 49.196483588880916], [2.866083516955218, 49.200952272425944], [2.859856481637835, 49.22060670523368], [2.869589278189393, 49.225283469681614], [2.8827106970948, 49.219516337231255], [2.898136626537192, 49.21971016118894], [2.902005356265408, 49.213303415439505]]]}",32165,552,12,4,60,22
50345,50200,MONTHUCHON,MANCHE,BASSE-NORMANDIE,"Commune simple",123.0,783.0,0.6,"49.0881773625, -1.42023463837","{""type"": ""Polygon"", ""coordinates"": [[[-1.412606988983978, 49.07684647252087], [-1.42652090503174, 49.07508256451389], [-1.437723692039752, 49.06904051393985], [-1.446428126668065, 49.072086563188364], [-1.443501368610812, 49.07376190343327], [-1.445770385069816, 49.07864000929912], [-1.438381760675266, 49.08232644677505], [-1.435842003132702, 49.09413639702958], [-1.42110251216734, 49.09721031557095], [-1.420293842134475, 49.100590036313996], [-1.406984912948703, 49.10358244437439], [-1.400608203366839, 49.10811161387088], [-1.391957873086726, 49.107680714617274], [-1.412606988983978, 49.07684647252087]]]}",36220,345,40,3,50,25
54580,54190,VILLERUPT,MEURTHE-ET-MOSELLE,LORRAINE,"Chef-lieu canton",394.0,647.0,9.5,"49.4647155933, 5.92643741054","{""type"": ""Polygon"", ""coordinates"": [[[5.930766517918555, 49.44655441542996], [5.919744923711954, 49.448745487769976], [5.911891508599544, 49.45574309932486], [5.913163430031824, 49.45700763221219], [5.917527317273455, 49.48262495001743], [5.92959531457614, 49.48534661300105], [5.932249455080442, 49.48008399724698], [5.940100197559858, 49.477609263986366], [5.934171982465962, 49.47216782386672], [5.94179118209381, 49.452636860560595], [5.930766517918555, 49.44655441542996]]]}",36460,580,37,1,54,41
16247,16120,NONAVILLE,CHARENTE,POITOU-CHARENTES,"Commune simple",84.0,687.0,0.2,"45.5327764361, -0.0843826858916","{""type"": ""Polygon"", ""coordinates"": [[[-0.080553418274051, 45.517847466769766], [-0.095950731645657, 45.52385819897853], [-0.10468736780782, 45.52236432876474], [-0.106157350384162, 45.52228762279436], [-0.110175456869857, 45.52467262161106], [-0.106730635907679, 45.534356418138955], [-0.097898787644913, 45.536015234982465], [-0.088707735647438, 45.54366693135167], [-0.074302500959449, 45.54407116350849], [-0.071373268570883, 45.54675563708736], [-0.069476140283111, 45.54376160000055], [-0.060320495401339, 45.54308325517397], [-0.057770261657479, 45.540557409513795], [-0.067325409972657, 45.53014989613811], [-0.074484717586178, 45.52862039514611], [-0.080553418274051, 45.517847466769766]]]}",22754,247,12,2,16,54
54428,54620,PIERREPONT,MEURTHE-ET-MOSELLE,LORRAINE,"Commune simple",271.0,705.0,0.9,"49.4183305264, 5.70916931035","{""type"": ""Polygon"", ""coordinates"": [[[5.692129842280139, 49.40215625845345], [5.691799559066805, 49.41508730904447], [5.682023512217825, 49.41450401222048], [5.676855063643644, 49.4190252427839], [5.70853689535127, 49.4271966892736], [5.71831602039286, 49.42935167964482], [5.728076737793462, 49.43738800418864], [5.732190010846708, 49.423166472332504], [5.736469457273924, 49.42197255094666], [5.718411836183968, 49.40923100470879], [5.692129842280139, 49.40215625845345]]]}",22295,428,15,1,54,41
05042,05250,"LA CLUSE",HAUTES-ALPES,"PROVENCE-ALPES-COTE D'AZUR","Commune simple",1647.0,4003.0,0.1,"44.6423278601, 5.84169142897","{""type"": ""Polygon"", ""coordinates"": [[[5.900862291904994, 44.632732829691555], [5.8925276769538, 44.624221846062525], [5.854788136618103, 44.60807801986641], [5.842219576070869, 44.6136629567641], [5.82301970347069, 44.61608292203657], [5.815504088020858, 44.62065270805895], [5.812197512217744, 44.6269346261145], [5.80089884574909, 44.63285171708071], [5.803528474490554, 44.64488325678248], [5.790620212274534, 44.65329929913627], [5.801016937597202, 44.67482779104133], [5.813277058025519, 44.67990375539546], [5.832896076622909, 44.66931348221913], [5.856957108529905, 44.664820875028546], [5.8739260710146, 44.657462537891796], [5.880843283877194, 44.64809366748785], [5.900862291904994, 44.632732829691555]]]}",9301,042,19,2,05,93
15225,15300,SEGUR-LES-VILLAS,CANTAL,AUVERGNE,"Commune simple",1119.0,2707.0,0.2,"45.2080545733, 2.82298394403","{""type"": ""Polygon"", ""coordinates"": [[[2.865530504662456, 45.20148231090816], [2.842360428125835, 45.18893616858796], [2.838354851275853, 45.1826545243778], [2.829692064316061, 45.18012948086778], [2.792062813904374, 45.18566634793727], [2.793133548093916, 45.199093615818576], [2.783364907243401, 45.199174141467665], [2.782408990137917, 45.20262990812309], [2.796460900091817, 45.212155872294474], [2.802135172013847, 45.23574825117123], [2.831473929207232, 45.239371046124305], [2.838127630485929, 45.23029556041879], [2.848030635726672, 45.229634146356446], [2.842500430407269, 45.22055919650766], [2.84486542425675, 45.21769014945464], [2.858692566255022, 45.21600669179356], [2.858312955859793, 45.2099733731521], [2.865530504662456, 45.20148231090816]]]}",1052,225,01,3,15,83
51029,51190,AVIZE,MARNE,CHAMPAGNE-ARDENNE,"Chef-lieu canton",172.0,762.0,1.7,"48.9733821282, 4.00541672872","{""type"": ""Polygon"", ""coordinates"": [[[3.980750013000769, 48.96191193449874], [3.97021831923827, 48.97718670966782], [3.977987922794669, 48.98134127567808], [3.984441680515088, 48.97727765651647], [4.013856608982896, 48.98295897674128], [4.02378079865533, 48.981813527547445], [4.038085693863301, 48.98112403522249], [4.039089357968165, 48.978021763834185], [4.042816806155115, 48.97110076439436], [3.980750013000769, 48.96191193449874]]]}",32291,029,02,2,51,21
01318,01390,RANCE,AIN,RHONE-ALPES,"Commune simple",277.0,964.0,0.6,"45.9673905154, 4.86343025951","{""type"": ""Polygon"", ""coordinates"": [[[4.8614762629065, 45.9487307410752], [4.845066439845506, 45.952647444463906], [4.836711711236712, 45.97317600058905], [4.869467821222545, 45.979881893730294], [4.88094026897057, 45.98591608323602], [4.895580369408855, 45.97991618124606], [4.883842255968261, 45.97368071644531], [4.878954607030183, 45.96068307456457], [4.8614762629065, 45.9487307410752]]]}",32412,318,42,2,01,82
71417,71460,SAINT-GENGOUX-LE-NATIONAL,SAONE-ET-LOIRE,BOURGOGNE,"Chef-lieu canton",269.0,945.0,1.1,"46.6134097037, 4.66348657274","{""type"": ""Polygon"", ""coordinates"": [[[4.685747137816092, 46.58466162894101], [4.665229819550489, 46.59803905586577], [4.651795320637546, 46.59880999095477], [4.652903921659775, 46.60863788246082], [4.636994633811685, 46.61585516544469], [4.643347560039259, 46.62410400627634], [4.64301306996565, 46.6303411148081], [4.65048414986859, 46.633124768615794], [4.657504913528791, 46.629258834633056], [4.669740470454442, 46.63305299328258], [4.681074862689961, 46.626249649422746], [4.676660455106295, 46.61239053959479], [4.674319246063074, 46.5991674368712], [4.693815944652783, 46.5887305482084], [4.685747137816092, 46.58466162894101]]]}",1635,417,41,5,71,26
27522,27450,SAINT-CHRISTOPHE-SUR-CONDE,EURE,HAUTE-NORMANDIE,"Commune simple",126.0,906.0,0.4,"49.2853748479, 0.600693146112","{""type"": ""Polygon"", ""coordinates"": [[[0.619740398847897, 49.27369177374058], [0.582903880386136, 49.27367886527643], [0.574476346194752, 49.27547037372399], [0.574223822789854, 49.2817249678913], [0.58012556292328, 49.299533976411084], [0.599678387636908, 49.29456424603042], [0.629650969357217, 49.29704522649008], [0.627995282831797, 49.284295916677344], [0.621382901580411, 49.280109648177046], [0.619740398847897, 49.27369177374058]]]}",24729,522,33,2,27,23
59224,59247,FECHAIN,NORD,NORD-PAS-DE-CALAIS,"Commune simple",47.0,513.0,1.8,"50.268615561, 3.212900112","{""type"": ""Polygon"", ""coordinates"": [[[3.21035755705448, 50.258900626225845], [3.195026827499024, 50.26045229233378], [3.193037938215499, 50.271481597353116], [3.213384778958808, 50.279286581117844], [3.23021441988404, 50.276535701612396], [3.229263014323425, 50.270647326564294], [3.234943194777367, 50.265985528405565], [3.23180929899382, 50.26378263329409], [3.21035755705448, 50.258900626225845]]]}",24832,224,01,3,59,31
12083,12110,CRANSAC,AVEYRON,MIDI-PYRENEES,"Commune simple",354.0,694.0,1.7,"44.5186350592, 2.28781785665","{""type"": ""Polygon"", ""coordinates"": [[[2.280537769229471, 44.5043521397489], [2.266823850537131, 44.51614527384508], [2.268144869836554, 44.525867873398674], [2.280266325632865, 44.530601944059086], [2.298629673215092, 44.528487498504674], [2.297711453001231, 44.525411768321874], [2.309349380385222, 44.5215060586373], [2.315498969872614, 44.51350508168223], [2.285790092101089, 44.50880651593191], [2.280537769229471, 44.5043521397489]]]}",25055,083,01,3,12,73
31346,31340,MIREPOIX-SUR-TARN,HAUTE-GARONNE,MIDI-PYRENEES,"Commune simple",140.0,554.0,0.7,"43.8243902958, 1.5774699768","{""type"": ""Polygon"", ""coordinates"": [[[1.588588714523304, 43.81717594283459], [1.574275132931471, 43.81046445953922], [1.562403084193362, 43.81353970276704], [1.551856464384811, 43.816253269228305], [1.570233489130472, 43.82546920586315], [1.576416939647992, 43.83775473132759], [1.585405430027917, 43.83882572207462], [1.591232204453718, 43.84357238479759], [1.593170425533653, 43.84313837237054], [1.588588714523304, 43.81717594283459]]]}",23809,346,39,3,31,73
54577,54760,VILLERS-LES-MOIVRONS,MEURTHE-ET-MOSELLE,LORRAINE,"Commune simple",285.0,284.0,0.1,"48.8144465735, 6.25119600136","{""type"": ""Polygon"", ""coordinates"": [[[6.241741269770782, 48.80617504537009], [6.231420005543555, 48.81180131355688], [6.231837076756695, 48.81457137250208], [6.254991996518629, 48.82044173547205], [6.270307230117548, 48.82077972541534], [6.272735393487848, 48.817769850321795], [6.26926428651255, 48.81523649692838], [6.241741269770782, 48.80617504537009]]]}",11888,577,23,3,54,41
31053,31850,BEAUPUY,HAUTE-GARONNE,MIDI-PYRENEES,"Commune simple",185.0,586.0,1.3,"43.6525825042, 1.55869879525","{""type"": ""Polygon"", ""coordinates"": [[[1.572734842382007, 43.63767411294893], [1.561648666778675, 43.641964689233916], [1.539210595488031, 43.64618323887839], [1.535052239494896, 43.65226494089562], [1.544716620473032, 43.65678647003076], [1.554819736359602, 43.660682998452124], [1.557947334323348, 43.66595323983503], [1.576400106526145, 43.661732586428], [1.576850424328328, 43.655078881742455], [1.569170156595703, 43.64695060660899], [1.572734842382007, 43.63767411294893]]]}",27351,053,43,3,31,73
11381,11190,SOUGRAIGNE,AUDE,LANGUEDOC-ROUSSILLON,"Commune simple",613.0,1898.0,0.1,"42.9048326016, 2.37483494186","{""type"": ""Polygon"", ""coordinates"": [[[2.412740096286236, 42.894896016357826], [2.390644704017046, 42.8884958972271], [2.344157559375089, 42.89409440147805], [2.332169034578154, 42.89960514722894], [2.313149232521543, 42.900546370038185], [2.315099023770101, 42.904281933348564], [2.321773029312226, 42.9089197323186], [2.333434351236895, 42.904460236196506], [2.337799025584605, 42.905755250335346], [2.34960723815778, 42.91094443861307], [2.356052257312784, 42.91999434249924], [2.383887657106497, 42.91790030859843], [2.395010762128435, 42.92370111745879], [2.407688385745392, 42.92010257188423], [2.409335155841662, 42.91700003729866], [2.413894914302104, 42.90771724219597], [2.412740096286236, 42.894896016357826]]]}",1264,381,13,2,11,91
60258,60310,FRESNIERES,OISE,PICARDIE,"Commune simple",85.0,298.0,0.2,"49.6228561422, 2.80910070167","{""type"": ""Polygon"", ""coordinates"": [[[2.818479569667506, 49.61456814798982], [2.808776952387204, 49.61291776451949], [2.794973088747146, 49.61683124769655], [2.798600574661094, 49.61938041943906], [2.796332983504612, 49.62963885337776], [2.805807122349139, 49.63024744087368], [2.807580487522003, 49.63325161747464], [2.817116183561363, 49.632340769497446], [2.821585592882846, 49.62417901863389], [2.819890818687279, 49.618344473631424], [2.818479569667506, 49.61456814798982]]]}",12649,258,19,3,60,22
07148,07140,MALBOSC,ARDECHE,RHONE-ALPES,"Commune simple",422.0,2147.0,0.2,"44.349514949, 4.07246027808","{""type"": ""Polygon"", ""coordinates"": [[[4.051451662788465, 44.317323657116994], [4.048058637303699, 44.31894943521825], [4.035706171010436, 44.32985111050122], [4.051259587540814, 44.336716342417006], [4.053664431730098, 44.35879408884998], [4.057089487104444, 44.36414468320855], [4.052074971081408, 44.372528977596566], [4.052980345425568, 44.3786960081517], [4.067479618244466, 44.37942961708561], [4.089943282956397, 44.37327685492389], [4.096442738418021, 44.364092780301924], [4.109035356307373, 44.359258312939964], [4.093960644144803, 44.340189034296095], [4.103860840373202, 44.33390551546976], [4.073841934926568, 44.32902631513382], [4.060131499386027, 44.32016605382294], [4.051451662788465, 44.317323657116994]]]}",35506,148,27,1,07,82
68166,68260,KINGERSHEIM,HAUT-RHIN,ALSACE,"Commune simple",235.0,659.0,12.9,"47.7889765168, 7.32299335222","{""type"": ""Polygon"", ""coordinates"": [[[7.312051394093594, 47.77661465845371], [7.308597472434211, 47.77788661511707], [7.307022546372295, 47.784362333361514], [7.298203521768016, 47.79206865899429], [7.274133654996531, 47.79131851955794], [7.309155093122089, 47.79466757537679], [7.328428902482834, 47.799734338085585], [7.348527963209389, 47.798160258176125], [7.339350897009398, 47.78308709691756], [7.326694841284817, 47.777940037516984], [7.312051394093594, 47.77661465845371]]]}",17184,166,27,4,68,42
19152,19120,NONARDS,CORREZE,LIMOUSIN,"Commune simple",240.0,1097.0,0.4,"45.0199014556, 1.80919700303","{""type"": ""Polygon"", ""coordinates"": [[[1.808999861985566, 45.00149706341809], [1.796467604426766, 44.997003920965135], [1.787452367418782, 44.998968152688526], [1.791336122042278, 45.01190529658312], [1.790176768767389, 45.015035389525565], [1.797250011981509, 45.019083171121025], [1.79394619947757, 45.025107692197054], [1.800751680291616, 45.02927841305202], [1.79765137479069, 45.03527824001838], [1.804779345819169, 45.04285603536912], [1.812408408655388, 45.04546801810963], [1.819922505218201, 45.043323686495846], [1.825953852190507, 45.03554421629573], [1.826749175630112, 45.02486388365628], [1.818767875328422, 45.01617990226109], [1.825784375835192, 45.00729438825093], [1.835041513582954, 45.00468123821753], [1.829499657259218, 45.00019275960447], [1.819457269106204, 45.00575968054324], [1.808999861985566, 45.00149706341809]]]}",12719,152,03,1,19,74
63303,63420,ROCHE-CHARLES-LA-MAYRAND,PUY-DE-DOME,AUVERGNE,"Commune simple",1103.0,1627.0,0.0,"45.447450625, 3.02047016292","{""type"": ""Polygon"", ""coordinates"": [[[3.000907867358535, 45.422414057501115], [2.995434946069984, 45.424160855099004], [2.978477313676256, 45.42859813846455], [2.978117962328203, 45.4318487227534], [2.992299871275782, 45.44000875053155], [3.00051165767949, 45.442314190166215], [3.001432968344576, 45.454992666869515], [3.018592127031831, 45.460736081751236], [3.024750776658631, 45.46955042249297], [3.032843502869908, 45.47728333005169], [3.045754719337061, 45.47306463735185], [3.043210765043489, 45.46040513542914], [3.060287062488315, 45.45502150174574], [3.025488441904144, 45.43162284651407], [3.020654337271002, 45.43197501974681], [3.000907867358535, 45.422414057501115]]]}",12884,303,03,3,63,83
32249,32120,MAUVEZIN,GERS,MIDI-PYRENEES,"Chef-lieu canton",159.0,3285.0,1.9,"43.7315774069, 0.866244798675","{""type"": ""Polygon"", ""coordinates"": [[[0.879571638774131, 43.695023462493005], [0.847381552867699, 43.69954924314539], [0.843254425779608, 43.701078802905414], [0.857981738269047, 43.7136929062841], [0.857138943113068, 43.71697992121691], [0.843658730554421, 43.72593145549095], [0.826317427513422, 43.7301954915044], [0.831146359534331, 43.73478371722544], [0.825793232418929, 43.75314887594279], [0.840571814487549, 43.76104055436874], [0.847532692750108, 43.77377211062016], [0.861003645456305, 43.773326271880755], [0.848884503707558, 43.768217570544884], [0.85208462622045, 43.765697151349926], [0.865560675417435, 43.76606106271601], [0.886328687965847, 43.744222584193174], [0.900349145803147, 43.74281051396767], [0.903134729932675, 43.72134134711062], [0.89981327546453, 43.71579537581225], [0.904205861816472, 43.71038913624054], [0.900235560789067, 43.70495672953397], [0.879571638774131, 43.695023462493005]]]}",25866,249,16,2,32,73
17147,17770,ECOYEUX,CHARENTE-MARITIME,POITOU-CHARENTES,"Commune simple",69.0,2045.0,1.2,"45.8146188936, -0.51932413355","{""type"": ""Polygon"", ""coordinates"": [[[-0.512462961593187, 45.78093726456739], [-0.537447371008512, 45.79207278741285], [-0.541282357784065, 45.79842448228563], [-0.555880386635019, 45.80778158526672], [-0.547226360813584, 45.815517574697495], [-0.541334658041836, 45.827961621789086], [-0.523358180225134, 45.83761018082262], [-0.504691517497605, 45.83933595893663], [-0.498949180289229, 45.848834302704375], [-0.481975471105299, 45.841895654364606], [-0.488269800561009, 45.83701423307864], [-0.50105693136053, 45.82271015547296], [-0.497286121885607, 45.812848843676626], [-0.508051125748675, 45.79098073895531], [-0.503969596572805, 45.78473486369011], [-0.512462961593187, 45.78093726456739]]]}",16061,147,05,4,17,54
76176,76450,CLASVILLE,SEINE-MARITIME,HAUTE-NORMANDIE,"Commune simple",85.0,314.0,0.3,"49.7932822426, 0.620981187192","{""type"": ""Polygon"", ""coordinates"": [[[0.612358622577732, 49.784398654400064], [0.605009799042385, 49.79161614022435], [0.611948755551508, 49.79941039539817], [0.615931373422864, 49.802148876729895], [0.625981168608203, 49.799855141448056], [0.636364502765042, 49.801737636789085], [0.6320013351814, 49.78681315564697], [0.612358622577732, 49.784398654400064]]]}",31757,176,09,1,76,23
33356,33126,"LA RIVIERE",GIRONDE,AQUITAINE,"Commune simple",20.0,311.0,0.3,"44.9377237217, -0.316177006649","{""type"": ""Polygon"", ""coordinates"": [[[-0.317689568554446, 44.92689477699937], [-0.330941609559139, 44.932806307187676], [-0.317972549587478, 44.94710821344389], [-0.309177145794033, 44.95009195611256], [-0.304982645914337, 44.93857392553691], [-0.307310035459197, 44.932647209329275], [-0.317689568554446, 44.92689477699937]]]}",31889,356,24,5,33,72
29256,29550,SAINT-NIC,FINISTERE,BRETAGNE,"Commune simple",103.0,1796.0,0.7,"48.2101254198, -4.28068132169","{""type"": ""Polygon"", ""coordinates"": [[[-4.296164973889129, 48.18373894465515], [-4.30424538655393, 48.195328925593905], [-4.313020757893754, 48.197883892103235], [-4.316362610504163, 48.20383934239432], [-4.321141339483475, 48.20398520481163], [-4.29975949696206, 48.22604177828366], [-4.286072458333742, 48.23023223745798], [-4.266387640678164, 48.229595227545595], [-4.244907816732873, 48.22249633412842], [-4.240914311740912, 48.208510444961846], [-4.296164973889129, 48.18373894465515]]]}",28034,256,08,2,29,53
62493,62124,LEBUCQUIERE,PAS-DE-CALAIS,NORD-PAS-DE-CALAIS,"Commune simple",115.0,479.0,0.2,"50.1099498863, 2.95661100637","{""type"": ""Polygon"", ""coordinates"": [[[2.956874612491163, 50.09525940796117], [2.948616531842224, 50.10233320613131], [2.933968149153828, 50.10333206079191], [2.954350864642021, 50.12278469513019], [2.967846157427863, 50.120103749530415], [2.975881328286224, 50.1123282779805], [2.956874612491163, 50.09525940796117]]]}",28479,493,11,1,62,31
80434,80240,HERVILLY,SOMME,PICARDIE,"Commune simple",94.0,628.0,0.2,"49.9312998449, 3.11712136373","{""type"": ""Polygon"", ""coordinates"": [[[3.117606241887509, 49.91396232029975], [3.104979368837093, 49.9229568127273], [3.091489202591322, 49.92640810965981], [3.100194078362184, 49.93056934872076], [3.104764623524255, 49.94032983469684], [3.123654812121675, 49.94720194787424], [3.137878611759826, 49.9358595023283], [3.123667501324091, 49.918016670671264], [3.117606241887509, 49.91396232029975]]]}",21057,434,36,4,80,22
82036,82500,"LE CAUSE",TARN-ET-GARONNE,MIDI-PYRENEES,"Commune simple",184.0,940.0,0.2,"43.8022262259, 0.972224568142","{""type"": ""Polygon"", ""coordinates"": [[[0.982502846974826, 43.790460687211684], [0.971630909333866, 43.78657716727428], [0.964061448644108, 43.789784658576735], [0.956062842311989, 43.78932887191674], [0.94318759453273, 43.80803556250127], [0.947516074118791, 43.806919892813376], [0.982423632504506, 43.81841877679154], [0.988489197214675, 43.81704554514058], [0.991890488945609, 43.80692720373551], [1.000331332302454, 43.79836869748798], [0.987578458454722, 43.795595489789896], [0.982502846974826, 43.790460687211684]]]}",16258,036,02,1,82,73
2B255,20237,QUERCITELLO,HAUTE-CORSE,CORSE,"Commune simple",780.0,298.0,0.1,"42.4279847152, 9.34339471958","{""type"": ""Polygon"", ""coordinates"": [[[9.32682335026325, 42.41697490580132], [9.326398962939924, 42.435071244994134], [9.334631758756215, 42.43207436458917], [9.358261891061694, 42.43142188949746], [9.37153784843693, 42.43505524773787], [9.373153442698717, 42.438367276812], [9.375215930399259, 42.438189576412405], [9.375278486287677, 42.43474994768793], [9.347211264946406, 42.42293795303521], [9.333482187909436, 42.42159225054387], [9.32682335026325, 42.41697490580132]]]}",26818,255,39,3,2B,94
44208,44170,TREFFIEUX,LOIRE-ATLANTIQUE,"PAYS DE LA LOIRE","Commune simple",30.0,1899.0,0.7,"47.6131430435, -1.52831796122","{""type"": ""Polygon"", ""coordinates"": [[[-1.533633565845998, 47.589666437020014], [-1.547870388166642, 47.59314219258714], [-1.5592639955603, 47.60434615023395], [-1.549569197158299, 47.62556984785798], [-1.552651227527817, 47.63183295663102], [-1.549632147123514, 47.63740536341627], [-1.524632634481606, 47.63801666784945], [-1.505540306049555, 47.63386883351252], [-1.507538651009193, 47.62390142923578], [-1.498090956971129, 47.60770419986688], [-1.50468959577111, 47.59080631900901], [-1.533633565845998, 47.589666437020014]]]}",22456,208,28,1,44,52
35161,35680,LOUVIGNE-DE-BAIS,ILLE-ET-VILAINE,BRETAGNE,"Commune simple",82.0,1568.0,1.7,"48.0522095083, -1.33866165819","{""type"": ""Polygon"", ""coordinates"": [[[-1.342968421666556, 48.03397157381668], [-1.351237283243575, 48.03729801465897], [-1.374253569514083, 48.03887771221204], [-1.376598978375744, 48.045135410220254], [-1.356458216538635, 48.06838719854477], [-1.339194515165526, 48.07217025862161], [-1.325556297445376, 48.06358792896292], [-1.308004401854791, 48.06796278663003], [-1.302004261476306, 48.04825641303375], [-1.320188597203967, 48.03771251888939], [-1.334804310728814, 48.03781466309857], [-1.342968421666556, 48.03397157381668]]]}",5232,161,06,1,35,53
57215,57320,FLASTROFF,MOSELLE,LORRAINE,"Commune simple",257.0,844.0,0.3,"49.374940842, 6.53622362598","{""type"": ""Polygon"", ""coordinates"": [[[6.506591581199718, 49.346763362433805], [6.517272001733942, 49.358374845802715], [6.516087634611815, 49.36766791417767], [6.521144139470076, 49.367871575542644], [6.530688225964383, 49.37947894669753], [6.529842481311191, 49.38905902322229], [6.536899753380856, 49.39668954630478], [6.540528347724272, 49.40114504161966], [6.549124538351457, 49.40004726175038], [6.552038767664508, 49.39452718469558], [6.55475814070049, 49.381598658372255], [6.544914514166629, 49.370730647579066], [6.554381977581156, 49.370353559456085], [6.556604384152631, 49.36741786519817], [6.52896003002537, 49.35746712642681], [6.513975089631981, 49.34779946512756], [6.506591581199718, 49.346763362433805]]]}",764,215,31,7,57,41
05055,05140,"LA FAURIE",HAUTES-ALPES,"PROVENCE-ALPES-COTE D'AZUR","Commune simple",1112.0,3127.0,0.3,"44.5674587303, 5.74040594768","{""type"": ""Polygon"", ""coordinates"": [[[5.721175316416823, 44.53866644661504], [5.706734354924774, 44.54480445940096], [5.6951952643618, 44.559544036431674], [5.69379380796326, 44.56977489072874], [5.709939562920963, 44.57300092448813], [5.711638468926228, 44.58212911609805], [5.725247024435697, 44.579443112046604], [5.759662562231477, 44.61129655773391], [5.764829541154183, 44.60531214064424], [5.768597436829632, 44.584463249852305], [5.779412137331181, 44.56859873484209], [5.771600745406157, 44.54913078456026], [5.764440568117744, 44.54465328382894], [5.721175316416823, 44.53866644661504]]]}",31948,055,03,2,05,93
29289,29560,TREGARVAN,FINISTERE,BRETAGNE,"Commune simple",94.0,964.0,0.1,"48.2369590372, -4.23152835996","{""type"": ""Polygon"", ""coordinates"": [[[-4.244907816732873, 48.22249633412842], [-4.266387640678164, 48.229595227545595], [-4.247963251244564, 48.24006369777434], [-4.2433811250606, 48.248829807220815], [-4.230143455577739, 48.25114224676604], [-4.218423987883162, 48.258410920545316], [-4.21347784799596, 48.24366083541653], [-4.206533203125499, 48.23908003984655], [-4.203466636227069, 48.22942806897634], [-4.244907816732873, 48.22249633412842]]]}",24773,289,08,2,29,53
59539,59630,SAINT-PIERRE-BROUCK,NORD,NORD-PAS-DE-CALAIS,"Commune simple",3.0,888.0,1.0,"50.8950694199, 2.19025685455","{""type"": ""Polygon"", ""coordinates"": [[[2.190340370397582, 50.87137398894763], [2.188770128235296, 50.874647355083596], [2.165550063137074, 50.91165310359927], [2.186875096862064, 50.914413270582436], [2.197390614075193, 50.91263327736342], [2.208105694810368, 50.892857715843924], [2.206809371090772, 50.87891707878307], [2.201488307578446, 50.872917145951405], [2.190340370397582, 50.87137398894763]]]}",26763,539,12,4,59,31
68213,68470,MOLLAU,HAUT-RHIN,ALSACE,"Commune simple",716.0,875.0,0.4,"47.8586174298, 6.96580213544","{""type"": ""Polygon"", ""coordinates"": [[[6.983967409130798, 47.842896635168124], [6.969636288182931, 47.84099492739256], [6.940124126295309, 47.85094796690338], [6.950147913298415, 47.85881977178292], [6.949937858216332, 47.868955355115155], [6.96725395242149, 47.87648081051851], [6.967004891819365, 47.87995852767833], [6.976405736054084, 47.878315516969394], [6.981855186836555, 47.87275090222316], [6.976481440994583, 47.86073200464436], [6.981225700740112, 47.859714912308455], [6.983967409130798, 47.842896635168124]]]}",16282,213,22,6,68,42
62838,62390,VAULX,PAS-DE-CALAIS,NORD-PAS-DE-CALAIS,"Commune simple",81.0,485.0,0.1,"50.2710456344, 2.1045646963","{""type"": ""Polygon"", ""coordinates"": [[[2.111200541682979, 50.26111739566047], [2.097033582444188, 50.26062823023924], [2.081796769353563, 50.26816617713014], [2.09701431838704, 50.27898214817369], [2.112918104456449, 50.282204518058826], [2.120771591277066, 50.27944129826694], [2.123557173877271, 50.27394781440743], [2.12356415727705, 50.27273564455459], [2.111200541682979, 50.26111739566047]]]}",28213,838,07,1,62,31
81315,81570,VIELMUR-SUR-AGOUT,TARN,MIDI-PYRENEES,"Chef-lieu canton",158.0,1172.0,1.4,"43.6274174186, 2.10074049718","{""type"": ""Polygon"", ""coordinates"": [[[2.124525672150131, 43.61772834641742], [2.109296900502951, 43.61179170313109], [2.093618261014784, 43.61806887058354], [2.07495183422655, 43.62121399839689], [2.054017143114275, 43.63558431263666], [2.061985106695321, 43.634735508552396], [2.068937215398578, 43.637683786034465], [2.087459611549185, 43.63538425346647], [2.118561167684002, 43.639951117620605], [2.128621526974296, 43.63672979289828], [2.127354112500346, 43.633714159984024], [2.13844835070566, 43.62423740063581], [2.124525672150131, 43.61772834641742]]]}",20200,315,35,2,81,73
23009,23170,AUGE,CREUSE,LIMOUSIN,"Commune simple",412.0,1000.0,0.1,"46.2367809239, 2.33256543891","{""type"": ""Polygon"", ""coordinates"": [[[2.35545283048419, 46.225989986704796], [2.338857239933656, 46.22068078318449], [2.32484203074517, 46.22203928878413], [2.317991099799148, 46.226266864865124], [2.306229726443612, 46.24007269779613], [2.317071396827565, 46.25113354881438], [2.331272226628465, 46.25114582743153], [2.340189895605884, 46.2490006249668], [2.353773493793652, 46.251771084266274], [2.351135966117749, 46.24211161484162], [2.35545283048419, 46.225989986704796]]]}",29085,009,09,1,23,74
80189,80700,"LA CHAVATTE",SOMME,PICARDIE,"Commune simple",90.0,192.0,0.1,"49.7556683271, 2.76426883905","{""type"": ""Polygon"", ""coordinates"": [[[2.762323968982968, 49.747026872955516], [2.751783194019113, 49.75614345853645], [2.752450089628256, 49.758759390178916], [2.760337486065968, 49.7596466769494], [2.768241822586895, 49.76297733427919], [2.777753936148841, 49.75726277246149], [2.762323968982968, 49.747026872955516]]]}",18417,189,37,3,80,22
60623,60380,SONGEONS,OISE,PICARDIE,"Chef-lieu canton",160.0,1371.0,1.1,"49.5626808865, 1.85253851049","{""type"": ""Polygon"", ""coordinates"": [[[1.85832283975094, 49.541349383227626], [1.846188482424117, 49.54722055633342], [1.831388702054358, 49.548678781708155], [1.827875912185239, 49.55793835263897], [1.818639524102875, 49.56545247820682], [1.828589839058235, 49.57570498810566], [1.838946954328118, 49.57731438600511], [1.84582059544451, 49.58265561571559], [1.860895922215652, 49.58103640729722], [1.869922085255435, 49.57287016840739], [1.880124886414749, 49.57398029998974], [1.882803811954293, 49.56011009956907], [1.87081000128015, 49.54631969524027], [1.85832283975094, 49.541349383227626]]]}",32997,623,35,1,60,22
82192,82230,VERLHAC-TESCOU,TARN-ET-GARONNE,MIDI-PYRENEES,"Commune simple",158.0,2251.0,0.5,"43.9330870043, 1.53273779471","{""type"": ""Polygon"", ""coordinates"": [[[1.523323499734535, 43.90360072658565], [1.515195030494939, 43.90596577733416], [1.503835628942323, 43.931346843043414], [1.479320057018499, 43.94130577223986], [1.479833645181452, 43.9440043004022], [1.490902599224077, 43.94612000406997], [1.4994029663023, 43.94360869911249], [1.513407418046282, 43.94544734271793], [1.517266908942775, 43.94746204450447], [1.513604331380159, 43.95366815335667], [1.535267578077922, 43.95966741539345], [1.539562970887082, 43.95397311104998], [1.53873595560532, 43.947346180461096], [1.565952366364893, 43.94408827675263], [1.577520091115187, 43.938811831663315], [1.573866636362421, 43.93248148179512], [1.573536365701099, 43.91978577522544], [1.56963017139844, 43.91814152303171], [1.555617172683182, 43.91831715512138], [1.533791904603121, 43.92109571338888], [1.531161097418573, 43.91154628461517], [1.523323499734535, 43.90360072658565]]]}",10136,192,24,2,82,73
07038,07590,BORNE,ARDECHE,RHONE-ALPES,"Commune simple",1183.0,3209.0,0.0,"44.6172223655, 4.04171006026","{""type"": ""Polygon"", ""coordinates"": [[[4.032064643326768, 44.56997898642311], [4.022836363725794, 44.572270604954184], [4.012438711533655, 44.579631961554], [4.008371243630088, 44.58605243135647], [3.992373655297965, 44.59406607505118], [3.993313778980807, 44.6009451001407], [4.004055716345059, 44.612570300317394], [3.998184433669455, 44.62195990586956], [3.999777887077958, 44.62864399180045], [4.01304922792191, 44.62627235338857], [4.020872546323696, 44.63012586913732], [4.035048827439112, 44.629687959939396], [4.047508307548829, 44.63457653442256], [4.051928939332542, 44.64037781493049], [4.040876703583225, 44.65101645041941], [4.059226259490251, 44.65290406184167], [4.06971147752349, 44.64710392691133], [4.08719291767876, 44.642575760142506], [4.097296849126424, 44.6355702620135], [4.089401982265377, 44.62832847688649], [4.090072545079541, 44.625188656765864], [4.098429877530922, 44.62317919696468], [4.080741911553691, 44.617231176123326], [4.074172759720483, 44.60787764082054], [4.064623562006688, 44.60676357994744], [4.046450349234285, 44.608827837257685], [4.042829789603749, 44.6066022170378], [4.032241897036919, 44.59551050422844], [4.024886992596135, 44.58323550893794], [4.026605500369365, 44.580059422748185], [4.02573935836666, 44.57399030494157], [4.032064643326768, 44.56997898642311]]]}",4062,038,16,1,07,82
24328,24360,PIEGUT-PLUVIERS,DORDOGNE,AQUITAINE,"Commune simple",262.0,1864.0,1.2,"45.6318996846, 0.699945364852","{""type"": ""Polygon"", ""coordinates"": [[[0.730285640808076, 45.6079428272667], [0.722944577090196, 45.611677118086625], [0.696040764293224, 45.61166976541385], [0.692545797908471, 45.60959820580521], [0.684240997622195, 45.6114454613776], [0.676981718179777, 45.62752942642198], [0.664887566348135, 45.64212547280562], [0.682013480089179, 45.65946992461168], [0.691905390687917, 45.65270046060454], [0.710219716226791, 45.65184933817714], [0.718828122295343, 45.64462808821598], [0.727301002049017, 45.64159246367872], [0.722292235235957, 45.62192463311473], [0.72996819579105, 45.61819711135426], [0.739583482923579, 45.618823137870315], [0.737826858679285, 45.610283818584456], [0.730285640808076, 45.6079428272667]]]}",4168,328,06,2,24,72
32182,32130,LAHAS,GERS,MIDI-PYRENEES,"Commune simple",217.0,1468.0,0.2,"43.5626431381, 0.89864407712","{""type"": ""Polygon"", ""coordinates"": [[[0.898176292299418, 43.5406403769555], [0.874906411638771, 43.55326500893691], [0.881619525916399, 43.56149678247565], [0.877505733499078, 43.567311865822695], [0.865766801138485, 43.57042100804994], [0.878625114152869, 43.58826948340926], [0.904393357790888, 43.57370258738116], [0.933289515765712, 43.56367181208636], [0.931993597996464, 43.55704078401771], [0.935870381680675, 43.551102286487556], [0.917036154727922, 43.55041846168823], [0.898176292299418, 43.5406403769555]]]}",5829,182,26,1,32,73
49294,49070,SAINT-LAMBERT-LA-POTHERIE,MAINE-ET-LOIRE,"PAYS DE LA LOIRE","Commune simple",58.0,1411.0,2.4,"47.4862725971, -0.690818663562","{""type"": ""Polygon"", ""coordinates"": [[[-0.657570060388152, 47.46925552347979], [-0.670444585610761, 47.473662267632434], [-0.69364692822047, 47.47033283515219], [-0.71776211422972, 47.48132514859382], [-0.731499393726386, 47.48120996889944], [-0.73502274107482, 47.48350309563047], [-0.736060892848844, 47.49684317678947], [-0.721522790174959, 47.49811982920978], [-0.698648286887446, 47.49211713263558], [-0.68226025994345, 47.49876438944411], [-0.678608991362943, 47.50483631784593], [-0.672411665196758, 47.49999459428341], [-0.6585753932451, 47.498339549980116], [-0.648115133411028, 47.487295572234906], [-0.664788808126438, 47.481707455043114], [-0.66484126055656, 47.47839862491462], [-0.656194553032453, 47.47538142520097], [-0.657570060388152, 47.46925552347979]]]}",10942,294,39,1,49,52
64536,64450,THEZE,PYRENEES-ATLANTIQUES,AQUITAINE,"Chef-lieu canton",212.0,799.0,0.8,"43.4749565308, -0.344667086414","{""type"": ""Polygon"", ""coordinates"": [[[-0.324024107824442, 43.4689928214603], [-0.338321536581116, 43.46034987024259], [-0.347631736689461, 43.46037775068277], [-0.356796131440515, 43.46489378898412], [-0.364452408773394, 43.47002326511852], [-0.364280959554801, 43.47997913063989], [-0.340566348767144, 43.49302253148093], [-0.337328755979601, 43.49115917088469], [-0.326333957334064, 43.47493715001816], [-0.324024107824442, 43.4689928214603]]]}",34293,536,40,3,64,72
38248,38210,MONTAUD,ISERE,RHONE-ALPES,"Commune simple",862.0,1440.0,0.5,"45.2598175642, 5.5618750133","{""type"": ""Polygon"", ""coordinates"": [[[5.544940759135549, 45.23527669375281], [5.531148751824916, 45.24407640492519], [5.552073590450524, 45.27412297080522], [5.572517358705681, 45.28386174533105], [5.587250133523068, 45.28398128423089], [5.595642933345073, 45.28744451342162], [5.597538657832791, 45.281841799184164], [5.57304469292465, 45.26184034272462], [5.572126364838847, 45.24857308637468], [5.577220605128802, 45.24289710793566], [5.569441876093054, 45.238751918886855], [5.544940759135549, 45.23527669375281]]]}",34414,248,35,1,38,82
41253,41370,TALCY,LOIR-ET-CHER,CENTRE,"Commune simple",119.0,1509.0,0.3,"47.7683772018, 1.4383898244","{""type"": ""Polygon"", ""coordinates"": [[[1.47920418499288, 47.747329991179335], [1.475205819544101, 47.74526150023115], [1.464649775091882, 47.75262230885002], [1.444847953595755, 47.75555671375945], [1.410997428390487, 47.75050203903434], [1.405764855863809, 47.771009974664594], [1.415663092224023, 47.77045113167528], [1.4175059358057, 47.78661681968351], [1.426578342733082, 47.793751597085844], [1.435109439441807, 47.791210262021686], [1.446149764997206, 47.78139199136822], [1.458517111245055, 47.77725243196799], [1.462474229291356, 47.77896081150416], [1.47342654034131, 47.766357219091645], [1.466209698523078, 47.761491822377906], [1.466441923522387, 47.75806506840843], [1.47920418499288, 47.747329991179335]]]}",22555,253,08,1,41,24
64209,64870,ESCOUT,PYRENEES-ATLANTIQUES,AQUITAINE,"Commune simple",296.0,954.0,0.4,"43.1875477654, -0.553494252513","{""type"": ""Polygon"", ""coordinates"": [[[-0.550227455563221, 43.17549728702873], [-0.54930866900211, 43.166352628956915], [-0.570703037038355, 43.1664114340577], [-0.575832149147168, 43.17415590571865], [-0.552657919117129, 43.20560762401471], [-0.548611475413001, 43.21246688352079], [-0.536647111195956, 43.20887096196671], [-0.528378370723962, 43.197445576417195], [-0.54073929702498, 43.1965182692557], [-0.541896236890679, 43.18689107750682], [-0.550227455563221, 43.17549728702873]]]}",16878,209,27,2,64,72
02127,02130,BRUYERES-SUR-FERE,AISNE,PICARDIE,"Commune simple",121.0,902.0,0.2,"49.1996571467, 3.44535846468","{""type"": ""Polygon"", ""coordinates"": [[[3.450527774936758, 49.182401277780215], [3.429496368580665, 49.18656879689839], [3.427349237003479, 49.19895629200256], [3.42262570650769, 49.198451508850006], [3.420157959482971, 49.20203831215825], [3.430996801999827, 49.21357057774735], [3.44046241896643, 49.21640425241645], [3.457661156426089, 49.212060804401474], [3.469402788590127, 49.200921543541064], [3.468501368005248, 49.190765837003546], [3.459470972282913, 49.190252195738495], [3.450527774936758, 49.182401277780215]]]}",29210,127,15,1,02,22
67126,67290,ERCKARTSWILLER,BAS-RHIN,ALSACE,"Commune simple",275.0,1056.0,0.3,"48.8829392855, 7.35746524699","{""type"": ""Polygon"", ""coordinates"": [[[7.381919278261965, 48.868731510262855], [7.366368011277342, 48.86839971439182], [7.347921301204939, 48.873115929453284], [7.318191833581797, 48.86795160406608], [7.32926624283764, 48.883078513663015], [7.326091528182978, 48.88956996919279], [7.352415946327528, 48.88963280794965], [7.369102353125813, 48.89804020938774], [7.386988195754893, 48.905861048713], [7.399469198208175, 48.896251880439316], [7.384092717841355, 48.896798324991146], [7.37083473659221, 48.89215861160944], [7.373845147789821, 48.885887958982934], [7.381897250115819, 48.88160321059988], [7.378478234402607, 48.87521645511396], [7.381919278261965, 48.868731510262855]]]}",30740,126,17,4,67,42
33320,33570,PETIT-PALAIS-ET-CORNEMPS,GIRONDE,AQUITAINE,"Commune simple",49.0,1427.0,0.7,"44.9814131472, -0.0564567492299","{""type"": ""Polygon"", ""coordinates"": [[[-0.048801565902676, 44.96010725943973], [-0.053189449791841, 44.966104879295685], [-0.067138156143579, 44.963783676156], [-0.070824912514734, 44.965979566422966], [-0.081883366202965, 44.97711693532396], [-0.084188457697366, 44.990622952052654], [-0.089593983330509, 44.99607753117623], [-0.087572280703067, 44.999026080078245], [-0.083186286292064, 44.99802140879308], [-0.071695927178127, 45.002934690757314], [-0.051585034559203, 44.995838281937644], [-0.04925721620595, 44.98573834367472], [-0.020138396146821, 44.9865779688885], [-0.016455852042034, 44.972423667677866], [-0.030047073492084, 44.973531800908646], [-0.048801565902676, 44.96010725943973]]]}",1628,320,31,5,33,72
76278,76340,FOUCARMONT,SEINE-MARITIME,HAUTE-NORMANDIE,"Commune simple",156.0,732.0,1.0,"49.8482534794, 1.56380958774","{""type"": ""Polygon"", ""coordinates"": [[[1.583956320694917, 49.83299553203482], [1.569898520105937, 49.843398414489705], [1.540206767350547, 49.83900358473352], [1.524759086601456, 49.844236087842965], [1.565609733985545, 49.86054579496801], [1.594399515638432, 49.85531875340184], [1.586559788068907, 49.85236200488621], [1.592969614494225, 49.84820401332076], [1.588391257176048, 49.847441337866066], [1.583956320694917, 49.83299553203482]]]}",1774,278,05,1,76,23
63313,63420,SAINT-ALYRE-ES-MONTAGNE,PUY-DE-DOME,AUVERGNE,"Commune simple",1226.0,4115.0,0.2,"45.3796154166, 2.97231530365","{""type"": ""Polygon"", ""coordinates"": [[[3.011777538149965, 45.36599105938102], [2.992911073501244, 45.36136314937166], [2.982541933259975, 45.353690200647776], [2.948609814988345, 45.33915557838324], [2.924668256061509, 45.3500914509897], [2.920385701130248, 45.3621815008054], [2.922727712461086, 45.368108095841976], [2.936752507595667, 45.38066016536942], [2.952193803424094, 45.38814156685462], [2.946246816962774, 45.39306434818104], [2.949295930469716, 45.39891871655096], [2.958140092228365, 45.39973277701799], [2.961663613847083, 45.405848122588466], [2.982623515686048, 45.419648312265736], [2.995434946069984, 45.424160855099004], [3.000907867358535, 45.422414057501115], [3.002237429857356, 45.41566961931603], [3.019621185903414, 45.403565806208206], [3.015731486673767, 45.39009563676563], [3.00707876666193, 45.381911410567746], [3.013184220109738, 45.37254617342006], [3.011777538149965, 45.36599105938102]]]}",10318,313,03,3,63,83
62875,62120,WARDRECQUES,PAS-DE-CALAIS,NORD-PAS-DE-CALAIS,"Commune simple",35.0,374.0,1.2,"50.7053320588, 2.34558119432","{""type"": ""Polygon"", ""coordinates"": [[[2.334036912054752, 50.68950553146948], [2.329859776177905, 50.69446354860541], [2.334228598816868, 50.70060711032572], [2.332570113080235, 50.7105589464697], [2.350740117748302, 50.71746602254093], [2.35564790492075, 50.71612757977245], [2.366012934462337, 50.709055886062956], [2.334036912054752, 50.68950553146948]]]}",32598,875,01,5,62,31
23254,23600,TOULX-SAINTE-CROIX,CREUSE,LIMOUSIN,"Commune simple",502.0,3512.0,0.3,"46.291110215, 2.21724671243","{""type"": ""Polygon"", ""coordinates"": [[[2.210069609700251, 46.254763747823375], [2.203403544866329, 46.27037740916841], [2.169559846210047, 46.28943388524221], [2.16834678322367, 46.29574672429789], [2.17502875379404, 46.3075291390769], [2.178615939357494, 46.316137035318015], [2.190895298242743, 46.318926443946246], [2.204232340554996, 46.315211158667324], [2.216603969629072, 46.31979946878411], [2.225530687923421, 46.31813149083844], [2.248809837767792, 46.32083577114486], [2.253736642551966, 46.31125065406091], [2.248196965382362, 46.30206500484317], [2.258612978028842, 46.27936823087923], [2.256300242951958, 46.26605250750238], [2.241820804672921, 46.26618213393211], [2.239317657301329, 46.25662892657093], [2.217041622029474, 46.25834196926698], [2.210069609700251, 46.254763747823375]]]}",10732,254,08,2,23,74
79285,79310,SAINT-PARDOUX,DEUX-SEVRES,POITOU-CHARENTES,"Commune simple",197.0,3472.0,1.5,"46.5770616007, -0.31674359278","{""type"": ""Polygon"", ""coordinates"": [[[-0.324500947310222, 46.533766929456924], [-0.341960010214649, 46.53779130192668], [-0.35073898559922, 46.54441098440777], [-0.358901793214074, 46.54100813114278], [-0.357716720355424, 46.547207532333836], [-0.362406204911685, 46.552495348188216], [-0.341201000594269, 46.582893845751414], [-0.346574585288962, 46.59247930635439], [-0.340029109763596, 46.59744704400992], [-0.323463311340503, 46.612420922969136], [-0.3138184171287, 46.61274548502956], [-0.307876388754444, 46.607509942131685], [-0.298598462057595, 46.60567774515289], [-0.280410518347646, 46.605695570288574], [-0.271749677619103, 46.60866500279422], [-0.265846980797786, 46.60335418486049], [-0.265299949809142, 46.5966377950704], [-0.271844593066607, 46.58785342033945], [-0.287371718514182, 46.57981129050031], [-0.283138457348799, 46.567487001962576], [-0.288619787174, 46.563265089985585], [-0.31624279951006, 46.55663678764384], [-0.324500947310222, 46.533766929456924]]]}",661,285,15,3,79,54
79164,79500,MAISONNAY,DEUX-SEVRES,POITOU-CHARENTES,"Commune simple",161.0,519.0,0.3,"46.1853348729, -0.0509301728856","{""type"": ""Polygon"", ""coordinates"": [[[-0.065592224840729, 46.171827554973504], [-0.068664464842471, 46.177818463067], [-0.065125870014481, 46.183672419634185], [-0.069856792568638, 46.189149949687696], [-0.051582433512287, 46.19651797728737], [-0.033090312200398, 46.19300287165107], [-0.029306959474264, 46.183479528452864], [-0.065592224840729, 46.171827554973504]]]}",32719,164,16,2,79,54
47279,47220,SAINT-SIXTE,LOT-ET-GARONNE,AQUITAINE,"Commune simple",58.0,580.0,0.3,"44.1281007992, 0.783277975172","{""type"": ""Polygon"", ""coordinates"": [[[0.798587847598694, 44.11010378677374], [0.781919683724189, 44.112919024624674], [0.775040830624527, 44.116885407275646], [0.775586211424388, 44.12243398823258], [0.776598441430311, 44.128514291483576], [0.768558581049166, 44.13110616491868], [0.762890142739501, 44.13949957813991], [0.787175519323858, 44.14293685376878], [0.787732621614558, 44.14275901030794], [0.797564986675927, 44.130387275887294], [0.793164969224199, 44.11845845158934], [0.798587847598694, 44.11010378677374]]]}",29010,279,03,1,47,72
26137,26400,FRANCILLON-SUR-ROUBION,DROME,RHONE-ALPES,"Commune simple",424.0,1089.0,0.2,"44.6168821671, 5.07198362932","{""type"": ""Polygon"", ""coordinates"": [[[5.073304260960696, 44.59956549882588], [5.051232434519052, 44.60300331701636], [5.05015885809143, 44.61230800413455], [5.062112676053241, 44.61787624511545], [5.043652507456566, 44.632808233556474], [5.052932746305368, 44.63482468351497], [5.066632842099358, 44.633182566677235], [5.096842376042967, 44.62309460854277], [5.100895142691804, 44.617812310927555], [5.09020167260313, 44.60621755030427], [5.073304260960696, 44.59956549882588]]]}",20395,137,08,1,26,82
61332,61220,POINTEL,ORNE,BASSE-NORMANDIE,"Commune simple",216.0,763.0,0.3,"48.6945257579, -0.348493610503","{""type"": ""Polygon"", ""coordinates"": [[[-0.368209704503386, 48.674627290123034], [-0.369869311212686, 48.68160255558153], [-0.37037118650656, 48.68790829942262], [-0.351714813338039, 48.7031536180033], [-0.347372757135997, 48.71944399220738], [-0.337954751290737, 48.712371027800245], [-0.330600227695754, 48.70455554204358], [-0.332827914101037, 48.701738546764666], [-0.327650179044849, 48.6898468772398], [-0.368209704503386, 48.674627290123034]]]}",20470,332,07,2,61,25
25269,25640,GERMONDANS,DOUBS,FRANCHE-COMTE,"Commune simple",253.0,371.0,0.1,"47.4138937472, 6.20033950857","{""type"": ""Polygon"", ""coordinates"": [[[6.217956834135509, 47.40163349495555], [6.217302544680852, 47.401786748923385], [6.218743978003571, 47.405017284986705], [6.213891367222181, 47.40575518228141], [6.189249247304645, 47.405559942598025], [6.177864931994521, 47.406709576148074], [6.186552270496119, 47.41421076278181], [6.19450048985307, 47.415064760711935], [6.194118619824226, 47.41778705592745], [6.198716679172841, 47.41787687736502], [6.200080130824055, 47.42714598617913], [6.206368730257815, 47.43128823673523], [6.207985654856657, 47.42880212179122], [6.210934288488164, 47.42217995604692], [6.207762777127188, 47.415771733582105], [6.21938991830905, 47.40494534064772], [6.217956834135509, 47.40163349495555]]]}",29855,269,13,1,25,43
80407,80250,HALLIVILLERS,SOMME,PICARDIE,"Commune simple",127.0,719.0,0.1,"49.6961662022, 2.2956542546","{""type"": ""Polygon"", ""coordinates"": [[[2.315517154819394, 49.68980576892724], [2.314606834274275, 49.68641299066164], [2.305654078928844, 49.682740936870935], [2.290579077094423, 49.68426246532596], [2.284244173694887, 49.689625877562435], [2.260267812720556, 49.69540418019519], [2.26314972829134, 49.69825218174465], [2.278015645990734, 49.69914098936512], [2.296222806283556, 49.71097390070931], [2.310675597204504, 49.70786668824187], [2.316122489115182, 49.69945088505926], [2.315517154819394, 49.68980576892724]]]}",5570,407,05,3,80,22
52357,52230,NONCOURT-SUR-LE-RONGEANT,HAUTE-MARNE,CHAMPAGNE-ARDENNE,"Commune simple",304.0,928.0,0.2,"48.4173782579, 5.25094367311","{""type"": ""Polygon"", ""coordinates"": [[[5.257749905916081, 48.397232964591076], [5.244684252168773, 48.4014322030859], [5.229918176379264, 48.42231213556499], [5.230715637104702, 48.42899315903479], [5.239147962582213, 48.43709628320983], [5.235220943588046, 48.44334429646616], [5.240447691702397, 48.44378571203803], [5.251617651838649, 48.436446271110036], [5.256521927862766, 48.42309596741616], [5.275122244050462, 48.41702548398546], [5.270701377272574, 48.40827197551619], [5.27279156297131, 48.399087608400855], [5.257749905916081, 48.397232964591076]]]}",21549,357,22,3,52,21
32326,32320,POUYLEBON,GERS,MIDI-PYRENEES,"Commune simple",216.0,1465.0,0.2,"43.5445195823, 0.30221228905","{""type"": ""Polygon"", ""coordinates"": [[[0.310203396195441, 43.523255169654085], [0.282387491938052, 43.52779229921738], [0.283886759777923, 43.541873832682015], [0.275268649236956, 43.56413751027497], [0.2775140429405, 43.57056782296998], [0.287118877956309, 43.563308986955846], [0.319133994906032, 43.560134273940015], [0.323537368519521, 43.55437328717199], [0.320293404658349, 43.54511068206882], [0.329477857285345, 43.54375267184632], [0.332003824109237, 43.53733307752528], [0.321094596948173, 43.52714363425165], [0.312014028316539, 43.52633385484205], [0.310203396195441, 43.523255169654085]]]}",16000,326,20,3,32,73
74208,74190,PASSY,HAUTE-SAVOIE,RHONE-ALPES,"Commune simple",1517.0,8004.0,11.5,"45.9545838758, 6.74056895873","{""type"": ""Polygon"", ""coordinates"": [[[6.748088753167867, 45.903349038755024], [6.730746450299058, 45.89838763160664], [6.692267303503536, 45.90971185126717], [6.662979074955224, 45.91360351066716], [6.648196476767062, 45.92303298947011], [6.646543161146046, 45.92634958731991], [6.660233052145431, 45.92999988757503], [6.662597031715632, 45.9331055045086], [6.655193138165353, 45.94982372118429], [6.656517866897799, 45.95673115696665], [6.664428099458926, 45.96081125354186], [6.683827310294188, 45.96366997953226], [6.692317708989346, 45.97211051920216], [6.705737921533245, 45.97998353251601], [6.72252582725723, 45.98443589624353], [6.730372197067608, 45.96760802817168], [6.765198464499809, 45.967392076209485], [6.777619221635981, 45.97355920072402], [6.782449171651029, 45.97968150233652], [6.774212288528713, 46.00738980384279], [6.776011296749533, 46.01418139730112], [6.804366288921095, 46.009391822281074], [6.821412950994486, 46.00241682286326], [6.830439083673704, 46.005519677249715], [6.837766866801808, 46.014674773892814], [6.846167411069069, 46.01841073368045], [6.855335046217742, 46.00723513925904], [6.838494991275097, 46.00027025954357], [6.833639970044436, 45.99427714577171], [6.830109519875048, 45.97385927751552], [6.82362678897734, 45.96467535113986], [6.824557076784416, 45.95443836206374], [6.791975177492482, 45.96254915501968], [6.782611707337234, 45.961735686159976], [6.773151842992687, 45.95366741691769], [6.751924061386578, 45.945250187478756], [6.745690433249148, 45.9358737799855], [6.755507788052364, 45.92883191001555], [6.752698249922135, 45.916231920578774], [6.743841832887921, 45.909070121520855], [6.748088753167867, 45.903349038755024]]]}",10446,208,19,2,74,82
59497,59173,RENESCURE,NORD,NORD-PAS-DE-CALAIS,"Commune simple",38.0,1901.0,2.1,"50.7357377095, 2.37835427066","{""type"": ""Polygon"", ""coordinates"": [[[2.397713266623821, 50.70773282919835], [2.373281151160296, 50.71323849321625], [2.366012934462337, 50.709055886062956], [2.35564790492075, 50.71612757977245], [2.347722112082125, 50.72780551739802], [2.33968250491366, 50.73067045417036], [2.342194759429922, 50.74069786859732], [2.363636147468684, 50.75156805288699], [2.382122872855183, 50.75499015679498], [2.411477539750681, 50.76673424707293], [2.411281516855733, 50.760542108079804], [2.417168111992298, 50.75554501474729], [2.417042482161672, 50.75540086041514], [2.390220222969447, 50.726585360442414], [2.395520677854734, 50.72080548652531], [2.404732458027233, 50.71761949568319], [2.39646127690281, 50.71077775608233], [2.397713266623821, 50.70773282919835]]]}",5994,497,29,4,59,31
53082,53230,COURBEVEILLE,MAYENNE,"PAYS DE LA LOIRE","Commune simple",99.0,1863.0,0.6,"47.9866601942, -0.888326689852","{""type"": ""Polygon"", ""coordinates"": [[[-0.859187678972439, 47.984722604871926], [-0.858307170450127, 47.97134465767946], [-0.864454967201162, 47.96586270881719], [-0.878316658416314, 47.962054128899595], [-0.892524129155552, 47.96517028827175], [-0.891683184278641, 47.96833371117441], [-0.89876625905064, 47.97251389495234], [-0.92518961951523, 47.978716269716934], [-0.92068973712747, 47.98029012861735], [-0.922235048369403, 47.987023325637495], [-0.908858724582455, 48.00855273876951], [-0.86938865839656, 48.006785915908914], [-0.861769131285381, 47.99822478053141], [-0.866679021601729, 47.98917056901459], [-0.859187678972439, 47.984722604871926]]]}",4490,082,32,2,53,52
62261,62780,CUCQ,PAS-DE-CALAIS,NORD-PAS-DE-CALAIS,"Commune simple",8.0,1012.0,5.2,"50.4861371651, 1.6129406035","{""type"": ""Polygon"", ""coordinates"": [[[1.630274781453647, 50.46962897900168], [1.621920762306659, 50.47368391788498], [1.574189196574689, 50.47115893735639], [1.576258459286415, 50.48754020519898], [1.607322918759386, 50.48573008730303], [1.620830654672409, 50.496034913889694], [1.624916767370069, 50.50926808673213], [1.634870297183558, 50.51132628784543], [1.637425294715062, 50.50951410161376], [1.640626545223702, 50.508786225650056], [1.642822896343251, 50.49885450628589], [1.632611175062794, 50.48305847512677], [1.630274781453647, 50.46962897900168]]]}",27290,261,37,4,62,31
11053,11300,BRUGAIROLLES,AUDE,LANGUEDOC-ROUSSILLON,"Commune simple",243.0,890.0,0.3,"43.1356849654, 2.16049752521","{""type"": ""Polygon"", ""coordinates"": [[[2.16230989978332, 43.111743153207144], [2.140850003976963, 43.119138894610685], [2.145353441785613, 43.12431978247958], [2.143519869561995, 43.13038581498305], [2.149600734806072, 43.13528224907001], [2.146871815548768, 43.15125391095779], [2.16396651897787, 43.1542752198144], [2.189122451990853, 43.15296511190178], [2.171608285083924, 43.142289788896775], [2.172650497156707, 43.1269703661792], [2.164790702061792, 43.120190570711166], [2.16230989978332, 43.111743153207144]]]}",6538,053,01,2,11,91
32185,32140,LALANNE-ARQUE,GERS,MIDI-PYRENEES,"Commune simple",309.0,1110.0,0.1,"43.3265650182, 0.640391489316","{""type"": ""Polygon"", ""coordinates"": [[[0.656250024142831, 43.317414027217886], [0.64425277303335, 43.312392395723855], [0.611653374530417, 43.315673021192005], [0.605724919582456, 43.31744986737155], [0.617339548091824, 43.326904377759085], [0.622279289851807, 43.33894707599934], [0.645274529245913, 43.340782178631834], [0.675321169071325, 43.33230635883384], [0.674718837536566, 43.32951247720956], [0.656250024142831, 43.317414027217886]]]}",35423,185,15,3,32,73
45168,45450,INGRANNES,LOIRET,CENTRE,"Commune simple",126.0,3899.0,0.5,"47.9939802289, 2.2247865408","{""type"": ""Polygon"", ""coordinates"": [[[2.254255307203482, 47.95950780596711], [2.229377545737617, 47.95001457296115], [2.216105586968923, 47.95246475540384], [2.199611176586755, 47.96506131349293], [2.198666298609558, 47.97526958066449], [2.182497096997413, 47.98864882121695], [2.188498119271969, 48.001235834403985], [2.182976414574025, 48.00712833226104], [2.193095020772285, 48.01461375762489], [2.19531215435349, 48.02141454054268], [2.196048515719931, 48.021509567185255], [2.204051877737791, 48.02542471867397], [2.241805824501875, 48.03274745265994], [2.253204481447482, 48.030327498875394], [2.257672327370359, 48.02936583089875], [2.259113879623586, 48.02318335761819], [2.260072472073278, 48.01122018005566], [2.259397027118793, 47.986620272537266], [2.251810116792969, 47.98182046650139], [2.245741168799454, 47.9683992087121], [2.254255307203482, 47.95950780596711]]]}",19245,168,20,2,45,24
14042,14210,BARON-SUR-ODON,CALVADOS,BASSE-NORMANDIE,"Commune simple",84.0,646.0,0.8,"49.1280853524, -0.481929855729","{""type"": ""Polygon"", ""coordinates"": [[[-0.48899598088303, 49.113593174785116], [-0.508484074542007, 49.12461778906066], [-0.507148947297201, 49.12636670376125], [-0.486958142210881, 49.135458602086366], [-0.482993979703098, 49.1411622074856], [-0.47126210163452, 49.146424072850905], [-0.46062317825132, 49.12333195412193], [-0.48899598088303, 49.113593174785116]]]}",19435,042,16,2,14,25
59363,59530,LOUVIGNIES-QUESNOY,NORD,NORD-PAS-DE-CALAIS,"Commune simple",133.0,851.0,1.0,"50.2165903097, 3.64008191069","{""type"": ""Polygon"", ""coordinates"": [[[3.64679692652817, 50.20651223889259], [3.636270578701826, 50.19948191317312], [3.624779971918353, 50.205907619418134], [3.617879363721017, 50.206840462358336], [3.610238552881171, 50.21139548507265], [3.610446704811287, 50.214734956229094], [3.640381090555468, 50.23360191123518], [3.648027037524248, 50.230490857646984], [3.656382606515759, 50.231443330283504], [3.658316721744979, 50.22192346946101], [3.674199625973018, 50.21433931385976], [3.667050944319085, 50.209205842063604], [3.652991336300526, 50.21162502106351], [3.64679692652817, 50.20651223889259]]]}",6439,363,49,1,59,31
80532,80340,MERICOURT-SUR-SOMME,SOMME,PICARDIE,"Commune simple",56.0,715.0,0.2,"49.9059138234, 2.68162218059","{""type"": ""Polygon"", ""coordinates"": [[[2.690153363327489, 49.916132604709404], [2.70108109768333, 49.90547884878873], [2.68996666778115, 49.887349805851926], [2.680132923126845, 49.88790838554202], [2.666584711466276, 49.901499897823776], [2.666160230216038, 49.92172879099584], [2.680601361685965, 49.92412989062622], [2.690153363327489, 49.916132604709404]]]}",5841,532,14,4,80,22
33344,33350,PUJOLS,GIRONDE,AQUITAINE,"Chef-lieu canton",47.0,740.0,0.6,"44.806319089, -0.0328874933658","{""type"": ""Polygon"", ""coordinates"": [[[-0.025531015048319, 44.789318397758294], [-0.035579078008547, 44.79217004940702], [-0.047996313811253, 44.79762262457897], [-0.050788483375731, 44.81455656332171], [-0.045907699966921, 44.81932185978706], [-0.023604979844252, 44.81866184023397], [-0.010502965698823, 44.80991844195127], [-0.017035537985645, 44.80523597474647], [-0.025531015048319, 44.789318397758294]]]}",17725,344,37,5,33,72
85089,85280,"LA FERRIERE",VENDEE,"PAYS DE LA LOIRE","Commune simple",86.0,4695.0,4.8,"46.7215872927, -1.33469332327","{""type"": ""Polygon"", ""coordinates"": [[[-1.335218569085474, 46.68982461682811], [-1.353727348106606, 46.693803428332636], [-1.363538035788279, 46.692754087179694], [-1.382903693728512, 46.70778785739295], [-1.401794433607366, 46.71133885267438], [-1.401618139634146, 46.71789277084584], [-1.372452237606004, 46.74598088028758], [-1.322770791566798, 46.750568347840606], [-1.314279875867268, 46.74657749082614], [-1.294441964190583, 46.744219591144], [-1.264702643215504, 46.72467924051827], [-1.260294140060676, 46.72397739835903], [-1.267134244554292, 46.71408370592198], [-1.286417184048982, 46.71621413899313], [-1.285924786075902, 46.7068273982933], [-1.304381555066212, 46.70252907793488], [-1.309028819135824, 46.69651114847205], [-1.323184429481943, 46.69569869964018], [-1.335218569085474, 46.68982461682811]]]}",6084,089,06,2,85,52
94018,94220,CHARENTON-LE-PONT,VAL-DE-MARNE,ILE-DE-FRANCE,"Chef-lieu canton",43.0,183.0,28.8,"48.8228084978, 2.40760915477","{""type"": ""Polygon"", ""coordinates"": [[[2.415904474059502, 48.81633738861281], [2.409363681821797, 48.816674002076496], [2.390069237832736, 48.82569680951253], [2.40329566085689, 48.82924409837715], [2.419985643502435, 48.82408288251116], [2.419588735738723, 48.81691294395155], [2.415904474059502, 48.81633738861281]]]}",16854,018,07,1,94,11
18102,18600,GIVARDON,CHER,CENTRE,"Commune simple",211.0,2220.0,0.3,"46.83317184, 2.80822119538","{""type"": ""Polygon"", ""coordinates"": [[[2.8248492920135, 46.80547892999489], [2.813048699883117, 46.81655317605878], [2.763965404557885, 46.83558719884065], [2.753417958033153, 46.846828909883286], [2.756213590639774, 46.84965306870635], [2.759766558249788, 46.84749961773476], [2.769039008028279, 46.84883315979235], [2.779657927443788, 46.85480550883395], [2.781036378846817, 46.86121885247815], [2.785230920402321, 46.86272138507841], [2.790635265477492, 46.85695089892121], [2.81239753252698, 46.84932617839358], [2.821322324901676, 46.84115589761887], [2.840880473249927, 46.83882559774019], [2.852902428103923, 46.83288104734233], [2.847026186423208, 46.8091571548008], [2.8248492920135, 46.80547892999489]]]}",7778,102,26,2,18,24
07006,07190,ALBON-D'ARDECHE,ARDECHE,RHONE-ALPES,"Commune simple",827.0,918.0,0.2,"44.8152938105, 4.42503897561","{""type"": ""Polygon"", ""coordinates"": [[[4.451346568632628, 44.80638348965648], [4.431574934135886, 44.7963931450034], [4.413763777391956, 44.8007277714126], [4.415741597238439, 44.80744702177778], [4.410765105489475, 44.820837346384856], [4.384073696841572, 44.83333886095402], [4.392532095107354, 44.83558325540933], [4.417802396705456, 44.8259613570485], [4.445254678301906, 44.82674173596923], [4.443894972517608, 44.81420680872228], [4.451346568632628, 44.80638348965648]]]}",7944,006,20,2,07,82
18158,18390,MOULINS-SUR-YEVRE,CHER,CENTRE,"Commune simple",147.0,1531.0,0.6,"47.0934510675, 2.52827991158","{""type"": ""Polygon"", ""coordinates"": [[[2.556339486530737, 47.06895217019036], [2.536535829213531, 47.0702789688996], [2.520377314855371, 47.078000925512356], [2.501551531661088, 47.081441578804295], [2.495559432990992, 47.086547479284], [2.506633135844639, 47.09362684194515], [2.503433200775385, 47.10325564685945], [2.506149081840506, 47.10617532643337], [2.515273142913146, 47.10921200523593], [2.518731913772138, 47.11174735180258], [2.525388731274329, 47.12107516325958], [2.530126456373758, 47.122300929711855], [2.548455207688086, 47.10724856701774], [2.542683398754638, 47.10212105957003], [2.55266898850082, 47.09048290979085], [2.549908235752554, 47.07378009383291], [2.556339486530737, 47.06895217019036]]]}",21146,158,04,1,18,24
80357,80290,FRESNOY-AU-VAL,SOMME,PICARDIE,"Commune simple",112.0,814.0,0.2,"49.8374899033, 2.05143739704","{""type"": ""Polygon"", ""coordinates"": [[[2.054163023574799, 49.81937741234125], [2.04878369143283, 49.82413343646692], [2.040136870837619, 49.82089413494506], [2.032383810733299, 49.824777202030475], [2.029847973991328, 49.83398430984188], [2.029018555123333, 49.84473221572924], [2.044648816704006, 49.846212164687984], [2.063608229947604, 49.85788596282325], [2.065753393016747, 49.852296173685325], [2.074964677320712, 49.8462389519757], [2.072398701289636, 49.837585421865825], [2.054163023574799, 49.81937741234125]]]}",16203,357,26,2,80,22
50074,50370,BRECEY,MANCHE,BASSE-NORMANDIE,"Chef-lieu canton",60.0,2133.0,2.2,"48.7250596734, -1.17310373114","{""type"": ""Polygon"", ""coordinates"": [[[-1.138064051422655, 48.70280788823855], [-1.151011218577746, 48.703231333856294], [-1.181617149353539, 48.70648483161936], [-1.190214945487313, 48.70390409512488], [-1.203612079685142, 48.70652179731483], [-1.20498531383407, 48.7125892055578], [-1.213275841844442, 48.71918693242548], [-1.212814575804855, 48.72494074816811], [-1.200219016137671, 48.736409602670584], [-1.176528267624122, 48.749706852619894], [-1.166737257380123, 48.75075174163963], [-1.152851678060785, 48.747246019258846], [-1.14158605809135, 48.74069366656171], [-1.139752798612089, 48.73457883007951], [-1.145353250897476, 48.719550357874155], [-1.138064051422655, 48.70280788823855]]]}",8194,074,05,1,50,25
84069,84340,MALAUCENE,VAUCLUSE,"PROVENCE-ALPES-COTE D'AZUR","Chef-lieu canton",450.0,4544.0,2.7,"44.1884482159, 5.14985080872","{""type"": ""Polygon"", ""coordinates"": [[[5.138964213903996, 44.13564201250919], [5.132528856543346, 44.14039539256009], [5.134746186877624, 44.14716819787602], [5.127674422994734, 44.156345609143735], [5.099239067303924, 44.16967919652261], [5.095542349316521, 44.17968123325036], [5.073865977708629, 44.187737492448456], [5.072086691755524, 44.18767206760268], [5.068343779931459, 44.19003869372609], [5.091207727302414, 44.19312585848598], [5.108305561529173, 44.2093842144432], [5.130048793159085, 44.20234630568443], [5.138128743718495, 44.20617804036048], [5.147610947625047, 44.206344060679854], [5.15541415837941, 44.21042309567533], [5.167900181707559, 44.225304506103626], [5.175606457049874, 44.22086595839605], [5.20876230605903, 44.21442294781446], [5.238149708040069, 44.21323333299894], [5.237867582095136, 44.206710787844024], [5.242695812628155, 44.201542672741304], [5.23530132566414, 44.19748844802466], [5.215831233736052, 44.19729806034161], [5.202216483362347, 44.20027346236025], [5.188628254283586, 44.196502368503324], [5.160044424713166, 44.19458360398595], [5.158714324197122, 44.18066228401854], [5.172662621816062, 44.16259469026531], [5.155882218214539, 44.15647895348335], [5.14352256860843, 44.145790431045036], [5.142628297555784, 44.13931607757905], [5.138964213903996, 44.13564201250919]]]}",12463,069,14,3,84,93
65131,65350,CASTELVIEILH,HAUTES-PYRENEES,MIDI-PYRENEES,"Commune simple",290.0,532.0,0.2,"43.281097408, 0.201372876533","{""type"": ""Polygon"", ""coordinates"": [[[0.193390703688056, 43.26750181935608], [0.182196484460467, 43.289389415400045], [0.197667056671964, 43.29103393982107], [0.210103733535811, 43.28969054545191], [0.222221816634652, 43.286762346081204], [0.22116535547658, 43.280560410591626], [0.207203746971539, 43.27502473376039], [0.207976723571848, 43.26949104015155], [0.193390703688056, 43.26750181935608]]]}",22357,131,17,3,65,73
21071,21310,BEZE,COTE-D'OR,BOURGOGNE,"Commune simple",242.0,2331.0,0.7,"47.4660482708, 5.27867233051","{""type"": ""Polygon"", ""coordinates"": [[[5.262739929929462, 47.43868018160413], [5.249039737732295, 47.4572809388556], [5.235381485423093, 47.45898491089334], [5.235319460659966, 47.46767627470024], [5.240752686988089, 47.48071961040025], [5.255649183658208, 47.48967147993463], [5.269536956055441, 47.48537627973719], [5.284160038772699, 47.485909874409835], [5.301520788352449, 47.47873289551605], [5.310583767415866, 47.47481610273], [5.319635221127933, 47.47219560768865], [5.327750802361034, 47.46395556716944], [5.330812253641012, 47.4543572792026], [5.325001751564293, 47.448971013968844], [5.306162501794369, 47.45204756624616], [5.299231768734654, 47.45637230410144], [5.285557177484588, 47.45205780266258], [5.262739929929462, 47.43868018160413]]]}",2507,071,20,2,21,26
35328,35550,SIXT-SUR-AFF,ILLE-ET-VILAINE,BRETAGNE,"Commune simple",43.0,4319.0,2.1,"47.7748715245, -2.04938893664","{""type"": ""Polygon"", ""coordinates"": [[[-1.983950064215547, 47.741773567935056], [-1.989100969194912, 47.732544384311545], [-1.994107396729379, 47.73247488441742], [-2.031081284129967, 47.7416396721798], [-2.039159359610707, 47.7533769548142], [-2.048661699004989, 47.754437135387725], [-2.062322430484643, 47.7512671008503], [-2.082389121166819, 47.7504957822501], [-2.088468399349358, 47.76259659255451], [-2.128630307720074, 47.761401402838096], [-2.125043299482886, 47.770677219832514], [-2.111338132346662, 47.77243138833693], [-2.110098253467696, 47.77860057346264], [-2.095361706076567, 47.778972788806634], [-2.087346013937109, 47.78301942658872], [-2.072434213197506, 47.79180188752071], [-2.072141646758604, 47.798551621495285], [-2.070463587944148, 47.81140390317734], [-2.046769664099283, 47.81919167453682], [-2.033565534039197, 47.81507953541335], [-2.023384301059007, 47.800014225134525], [-2.007021749705259, 47.792707094232426], [-2.008622614129187, 47.782429773490705], [-2.01930726394607, 47.766775657556025], [-2.009299044432459, 47.758799458616004], [-2.006173603982714, 47.74861608396712], [-1.986276525738173, 47.744911987680766], [-1.983950064215547, 47.741773567935056]]]}",6963,328,25,2,35,53
71013,71270,AUTHUMES,SAONE-ET-LOIRE,BOURGOGNE,"Commune simple",199.0,1289.0,0.2,"46.8899153529, 5.30758337993","{""type"": ""Polygon"", ""coordinates"": [[[5.316640865116518, 46.858249944060084], [5.308336729088102, 46.86552382117543], [5.291303906264245, 46.88447371326247], [5.287976371579797, 46.894331012815705], [5.279991442649901, 46.89817342132549], [5.278573920920548, 46.908199700602694], [5.312068590655909, 46.911702729457986], [5.326585302387973, 46.89898901824654], [5.3287184545841, 46.889316779932024], [5.335520868792295, 46.884666177562025], [5.315450123351338, 46.8706323798408], [5.326239895437603, 46.86436168023769], [5.316640865116518, 46.858249944060084]]]}",24993,013,39,4,71,26
64399,64121,MONTARDON,PYRENEES-ATLANTIQUES,AQUITAINE,"Commune simple",216.0,835.0,2.3,"43.3651274671, -0.35046748696","{""type"": ""Polygon"", ""coordinates"": [[[-0.343046853813991, 43.35794933652414], [-0.350696156860347, 43.3543180544928], [-0.368443402837961, 43.352686219652156], [-0.366800190549038, 43.34674060027054], [-0.379889718705711, 43.346935530025235], [-0.379981091793518, 43.355009497248965], [-0.332782036356272, 43.386341169371], [-0.32458418821855, 43.37479786286128], [-0.327350215077033, 43.36840992094217], [-0.343046853813991, 43.35794933652414]]]}",19389,399,23,3,64,72
03031,03170,BIZENEUILLE,ALLIER,AUVERGNE,"Commune simple",312.0,2970.0,0.3,"46.4015746011, 2.73071658216","{""type"": ""Polygon"", ""coordinates"": [[[2.721041092498728, 46.368083811375136], [2.707031219809928, 46.370524991865175], [2.700292480884503, 46.37530701010608], [2.692955952936151, 46.38438227829928], [2.715743314360829, 46.40626871981497], [2.715152436638564, 46.409743055724], [2.702536015692413, 46.41487056240897], [2.698984718874244, 46.4214166611558], [2.700825352845881, 46.43482044175191], [2.737308468257889, 46.43155145142803], [2.747094123321809, 46.42481105131611], [2.751634050714674, 46.42582953698131], [2.758366694381623, 46.41692937631606], [2.778622773911169, 46.40795678777814], [2.760991803276311, 46.391271581833095], [2.74565163888924, 46.382251730667406], [2.745334319502841, 46.37216574490081], [2.721041092498728, 46.368083811375136]]]}",6310,031,12,1,03,83
35108,35150,ESSE,ILLE-ET-VILAINE,BRETAGNE,"Commune simple",59.0,2344.0,1.1,"47.9478571796, -1.43042922929","{""type"": ""Polygon"", ""coordinates"": [[[-1.373462919900456, 47.94185532813064], [-1.397743644133618, 47.9298977940551], [-1.436605323237838, 47.93624109379218], [-1.455269313225149, 47.93136077720832], [-1.463895535059187, 47.93377323679876], [-1.473764548932036, 47.931829065954716], [-1.478722229007272, 47.93272166882716], [-1.479911703645938, 47.9461611427534], [-1.441845012350477, 47.973476494278614], [-1.438674794091011, 47.97312762610731], [-1.416227625877499, 47.96084117068133], [-1.401263672697884, 47.958888198857295], [-1.388689650780515, 47.953211718345315], [-1.38407347901855, 47.95466403692625], [-1.382879195662271, 47.948498482517294], [-1.373462919900456, 47.94185532813064]]]}",3474,108,33,1,35,53
70228,70160,FAVERNEY,HAUTE-SAONE,FRANCHE-COMTE,"Commune simple",230.0,1845.0,1.0,"47.7661040283, 6.07998850446","{""type"": ""Polygon"", ""coordinates"": [[[6.118008778082647, 47.74680693595821], [6.067081687239781, 47.75437683648089], [6.046902501071928, 47.751391144025874], [6.035410949731624, 47.74918579757612], [6.0300393566874, 47.758755386269705], [6.020304718706823, 47.76069129349188], [6.013921317058735, 47.7656745427542], [6.015983025006267, 47.76645908714491], [6.030294969719725, 47.76254072327086], [6.068105980169076, 47.77353525627391], [6.088415385730292, 47.78895296744938], [6.103031430339184, 47.79114266139214], [6.116669876499668, 47.78734874345351], [6.111796851107027, 47.78195688300623], [6.111141876667531, 47.77212931473067], [6.10844367122951, 47.76299549618001], [6.115200813914185, 47.75952815876506], [6.118008778082647, 47.74680693595821]]]}",4592,228,01,2,70,43
39140,39230,CHENE-SEC,JURA,FRANCHE-COMTE,"Commune simple",202.0,87.0,0.0,"46.8480769432, 5.44386002073","{""type"": ""Polygon"", ""coordinates"": [[[5.444408211041707, 46.8453466070431], [5.443001257291627, 46.84588094645408], [5.441550731533636, 46.845740584304075], [5.440781992555936, 46.84616226075196], [5.442091789160087, 46.848422525956835], [5.440846066291361, 46.84845796845356], [5.43983008254349, 46.848929922699845], [5.440311737993115, 46.85058620601237], [5.441095006027527, 46.85165056254936], [5.441712226391397, 46.85194374152597], [5.441974586163395, 46.85193817373032], [5.44199053468993, 46.85112710628711], [5.443689348883332, 46.85094690907965], [5.442904010290795, 46.8498375725523], [5.446155216907339, 46.849435196363274], [5.446626137127171, 46.848524371172125], [5.447390797290806, 46.84801266119818], [5.448688973607624, 46.847976031189276], [5.447831890840281, 46.84673313108493], [5.448475519893023, 46.84644919129407], [5.447837581597633, 46.84569707465731], [5.446746370201745, 46.84595449814139], [5.445922283574964, 46.84544054149433], [5.444749932109222, 46.84564562224377], [5.444408211041707, 46.8453466070431]]]}",9556,140,07,2,39,43
08076,08410,BOULZICOURT,ARDENNES,CHAMPAGNE-ARDENNE,"Commune simple",215.0,669.0,0.9,"49.6898690039, 4.69742034088","{""type"": ""Polygon"", ""coordinates"": [[[4.687897955902911, 49.675027838823866], [4.678207831038287, 49.678550230870165], [4.670752403611228, 49.68607655929616], [4.67126633527382, 49.686968253430294], [4.677147865786065, 49.69271123131893], [4.691414472731153, 49.69722322967788], [4.700549006453454, 49.70567894336723], [4.726878662885071, 49.69333691881809], [4.718023132763904, 49.685418348480034], [4.70784519139153, 49.685112240660416], [4.687897955902911, 49.675027838823866]]]}",26546,076,09,1,08,21
67537,67510,WINGEN,BAS-RHIN,ALSACE,"Commune simple",354.0,1668.0,0.5,"49.0391731666, 7.81446231798","{""type"": ""Polygon"", ""coordinates"": [[[7.8337350986031, 49.01987264041791], [7.808592377774646, 49.01579369782305], [7.789030820554327, 49.032071007580356], [7.78922689791743, 49.04576472528162], [7.778385318800988, 49.05763725276091], [7.788753732441767, 49.058593174712264], [7.794681612808934, 49.064292811735115], [7.799933815678391, 49.064163946959376], [7.832946054038631, 49.04771398555205], [7.847330885951846, 49.04370138527447], [7.855489869736004, 49.03541674607828], [7.839954278497108, 49.02809898897162], [7.8337350986031, 49.01987264041791]]]}",7959,537,34,7,67,42
41170,41120,OUCHAMPS,LOIR-ET-CHER,CENTRE,"Commune simple",90.0,1322.0,0.8,"47.474967269, 1.31995907778","{""type"": ""Polygon"", ""coordinates"": [[[1.302669130584621, 47.44829161831566], [1.297284173064952, 47.45776608818135], [1.301535007123853, 47.484470438249986], [1.29521805157481, 47.493471926125366], [1.315082512504038, 47.49039356721505], [1.323281884420183, 47.49368117153462], [1.336492308782619, 47.500767332144235], [1.338473504840348, 47.491305801749604], [1.35031533635574, 47.48594589427762], [1.348127258192231, 47.474642311334016], [1.334311102672056, 47.47139324134835], [1.323168608247982, 47.45320773131381], [1.318435711502746, 47.45216703886537], [1.302669130584621, 47.44829161831566]]]}",15700,170,04,1,41,24
84002,84240,ANSOUIS,VAUCLUSE,"PROVENCE-ALPES-COTE D'AZUR","Commune simple",281.0,1757.0,1.1,"43.7365172868, 5.47136689464","{""type"": ""Polygon"", ""coordinates"": [[[5.465187536449102, 43.71463936392621], [5.453501308789034, 43.72925379047075], [5.444301059482044, 43.72836243403994], [5.437155717920466, 43.73257386796193], [5.42789353400329, 43.73286185609419], [5.423610669562462, 43.734046614479105], [5.430183693159399, 43.7423536490792], [5.450328887544662, 43.75085097851876], [5.472830918941662, 43.75252102992423], [5.48916246883444, 43.747647441900504], [5.511093047701126, 43.74704486519995], [5.508694074734394, 43.727167506042335], [5.481012954880235, 43.722094158647344], [5.465187536449102, 43.71463936392621]]]}",15816,002,19,1,84,93
33354,33220,RIOCAUD,GIRONDE,AQUITAINE,"Commune simple",96.0,1027.0,0.2,"44.7507112352, 0.203198024954","{""type"": ""Polygon"", ""coordinates"": [[[0.201541524682547, 44.722430528093696], [0.194269543370831, 44.74257902670464], [0.189357288386284, 44.74855337650082], [0.184529339867437, 44.749034343243366], [0.188566816635227, 44.75526285075518], [0.182630474923521, 44.76448117638502], [0.185749219918865, 44.76710092463227], [0.197108410612597, 44.77337970448144], [0.209973684620407, 44.76873156890226], [0.224972398748185, 44.76103648801787], [0.218306331890184, 44.756229854769934], [0.211862647728733, 44.73956402539859], [0.218632490191224, 44.72662679308194], [0.201541524682547, 44.722430528093696]]]}",4795,354,41,5,33,72
47212,47700,POUSSIGNAC,LOT-ET-GARONNE,AQUITAINE,"Commune simple",83.0,1309.0,0.3,"44.3527772053, 0.074662493896","{""type"": ""Polygon"", ""coordinates"": [[[0.103294596909409, 44.34298621957346], [0.085907993798262, 44.345958834007966], [0.086029554088585, 44.34262021276741], [0.068133052358408, 44.33214602919641], [0.063536337290696, 44.33269894910616], [0.049655484315067, 44.34138921957669], [0.049290785462015, 44.350558406806805], [0.051132433237144, 44.36244412292359], [0.070741711572034, 44.37052553245642], [0.099976216944574, 44.365877270614014], [0.102487162708768, 44.35607102757638], [0.103294596909409, 44.34298621957346]]]}",35256,212,05,2,47,72
43203,43200,SAINT-JULIEN-DU-PINET,HAUTE-LOIRE,AUVERGNE,"Commune simple",883.0,1738.0,0.5,"45.1468584191, 4.04767763095","{""type"": ""Polygon"", ""coordinates"": [[[4.069230105414547, 45.120416268260946], [4.056871719529226, 45.11123208318317], [4.052404328770429, 45.11103120638002], [4.043094431802447, 45.11778223885929], [4.044818482970489, 45.124285588637925], [4.02923386631356, 45.13241776234058], [4.028876374517051, 45.14271358219776], [4.024346728390811, 45.144105987794205], [4.037012262414432, 45.16768082973815], [4.023502647261761, 45.17652226560831], [4.035587432068788, 45.18214695411216], [4.049779892953151, 45.180537595572055], [4.055647963338201, 45.17506128048043], [4.063391531125032, 45.16986396453867], [4.056922555317683, 45.1657200997094], [4.06334492435275, 45.15136827833927], [4.06232540444887, 45.13790666365054], [4.071519560815515, 45.130371690043475], [4.069230105414547, 45.120416268260946]]]}",21376,203,29,3,43,83
71027,71580,BEAUREPAIRE-EN-BRESSE,SAONE-ET-LOIRE,BOURGOGNE,"Chef-lieu canton",209.0,1041.0,0.6,"46.6672623715, 5.39464840853","{""type"": ""Polygon"", ""coordinates"": [[[5.368217051124657, 46.65246476110193], [5.371480322545823, 46.667891543637275], [5.368355931953721, 46.67366734672106], [5.395359314315539, 46.68505154004582], [5.422089954439315, 46.67303150187169], [5.424814016520354, 46.66134402388696], [5.397439195120601, 46.65387522298544], [5.368217051124657, 46.65246476110193]]]}",21496,027,02,4,71,26
81261,81500,SAINT-LIEUX-LES-LAVAUR,TARN,MIDI-PYRENEES,"Commune simple",119.0,950.0,0.8,"43.7554264288, 1.74752680249","{""type"": ""Polygon"", ""coordinates"": [[[1.74103267155399, 43.73905190525147], [1.727276555005222, 43.74923262724732], [1.730449397952649, 43.758989359990096], [1.726236883895814, 43.7686149583584], [1.72922181420541, 43.77121476259394], [1.735181499134349, 43.771293107458064], [1.770569405708767, 43.764147376945964], [1.772152378855738, 43.760979335528944], [1.763665831940279, 43.75318862531757], [1.767763004655345, 43.747421287515394], [1.763514916807885, 43.741784384668925], [1.74103267155399, 43.73905190525147]]]}",14682,261,17,2,81,73
59462,59133,PHALEMPIN,NORD,NORD-PAS-DE-CALAIS,"Commune simple",36.0,805.0,4.5,"50.5128963726, 3.02222998505","{""type"": ""Polygon"", ""coordinates"": [[[3.010848278472322, 50.49027078284453], [3.008344160622541, 50.492766338867085], [3.013496738744728, 50.502307419801966], [3.00989434747178, 50.50481205495539], [3.009910428632016, 50.515008659545536], [3.000380148526597, 50.5230962220141], [2.998746783074913, 50.52850855147691], [3.007547376223016, 50.527924910706545], [3.01440604575086, 50.53232235898619], [3.039306385668632, 50.518243082097456], [3.044832290227633, 50.510566871336025], [3.037572652227166, 50.49654882462123], [3.026050205020607, 50.501668119740415], [3.010848278472322, 50.49027078284453]]]}",19616,462,48,5,59,31
17349,17170,SAINT-JEAN-DE-LIVERSAY,CHARENTE-MARITIME,POITOU-CHARENTES,"Commune simple",6.0,4159.0,2.3,"46.2797585875, -0.882374660253","{""type"": ""Polygon"", ""coordinates"": [[[-0.891064975149701, 46.2365834770922], [-0.914704495943441, 46.24266015408896], [-0.916502484126973, 46.25616714670671], [-0.904930534923349, 46.27541706538319], [-0.919023718439242, 46.299906459548744], [-0.912085727752614, 46.31274920616035], [-0.8954244955228, 46.31684558512477], [-0.886861083091253, 46.326703817086724], [-0.870279736128804, 46.32245419418229], [-0.864653709372735, 46.327360373018806], [-0.86081128726941, 46.325471220039866], [-0.863018565905022, 46.319139605290545], [-0.858151037734279, 46.30640344864166], [-0.851668423974055, 46.30135791539389], [-0.85189815246112, 46.29483195315041], [-0.843592089335873, 46.29156966588901], [-0.85400463583986, 46.268985324756024], [-0.851405148112584, 46.25643361354176], [-0.856906113072202, 46.24043394256947], [-0.881535572631587, 46.23888362784381], [-0.891064975149701, 46.2365834770922]]]}",11535,349,07,3,17,54
62616,62390,NOEUX-LES-AUXI,PAS-DE-CALAIS,NORD-PAS-DE-CALAIS,"Commune simple",92.0,611.0,0.2,"50.2408362056, 2.18178131298","{""type"": ""Polygon"", ""coordinates"": [[[2.184524029412795, 50.230177886047485], [2.169187179957745, 50.228108730079384], [2.156795608814357, 50.23922233132662], [2.161887838619102, 50.23948159645902], [2.167426648486831, 50.24494293291115], [2.18142920712445, 50.255363374995035], [2.191659212292521, 50.247986868872964], [2.207245042580225, 50.24890533959549], [2.207804112928671, 50.24449994096591], [2.184524029412795, 50.230177886047485]]]}",21750,616,07,1,62,31
59665,59380,WYLDER,NORD,NORD-PAS-DE-CALAIS,"Commune simple",14.0,256.0,0.3,"50.9111679301, 2.48735893081","{""type"": ""Polygon"", ""coordinates"": [[[2.495617674927264, 50.90582398655245], [2.494094065617949, 50.89936783015041], [2.489023288878743, 50.8999930819165], [2.481529509564007, 50.90442964875001], [2.477232451373363, 50.91375023814874], [2.479039173647304, 50.92010896681789], [2.494043597580714, 50.92114842682787], [2.495617674927264, 50.90582398655245]]]}",31107,665,09,4,59,31
05132,05500,SAINT-BONNET-EN-CHAMPSAUR,HAUTES-ALPES,"PROVENCE-ALPES-COTE D'AZUR","Chef-lieu canton",1224.0,1501.0,1.7,"44.6823269908, 6.10286050171","{""type"": ""Polygon"", ""coordinates"": [[[6.103969077746936, 44.65609129223758], [6.091006902266323, 44.65979698016274], [6.08667734348048, 44.664179472915436], [6.076400648328037, 44.67179964995106], [6.065918595504586, 44.687758396380694], [6.059786914489498, 44.69693775989529], [6.082667982846863, 44.6910319856307], [6.107136852057298, 44.691095327375024], [6.134621974855124, 44.70471794010548], [6.145081400740496, 44.706952994475536], [6.141625773669507, 44.69687884656091], [6.137634593124718, 44.68714421170723], [6.114211633483614, 44.674912991490764], [6.103969077746936, 44.65609129223758]]]}",3485,132,18,2,05,93
27546,27930,SAINT-GERMAIN-DES-ANGLES,EURE,HAUTE-NORMANDIE,"Commune simple",100.0,184.0,0.2,"49.0884520129, 1.13771355337","{""type"": ""Polygon"", ""coordinates"": [[[1.125137820086703, 49.079964925293574], [1.120451179905176, 49.084235755057726], [1.139621811243974, 49.09527253447855], [1.146364230846619, 49.09706749167411], [1.150324287393425, 49.094709189460374], [1.151976714462781, 49.089077572893814], [1.13210785518233, 49.080694031656975], [1.12376312555196, 49.08276754259837], [1.125137820086703, 49.079964925293574]]]}",30989,546,16,3,27,23
95328,95690,LABBEVILLE,VAL-D'OISE,ILE-DE-FRANCE,"Commune simple",86.0,805.0,0.6,"49.1338305724, 2.13502924194","{""type"": ""Polygon"", ""coordinates"": [[[2.135135583712825, 49.11609406376553], [2.114212416486921, 49.122883282150056], [2.128802230846663, 49.14001957357654], [2.126082003354004, 49.142859096071064], [2.116042961287111, 49.14166186325498], [2.11200578707246, 49.143727126127835], [2.128735629635042, 49.153757774961036], [2.141707687025254, 49.14439216881239], [2.159904571670819, 49.13955736666394], [2.143412843801699, 49.11918343634561], [2.135135583712825, 49.11609406376553]]]}",21578,328,34,3,95,11
62508,62190,LIERES,PAS-DE-CALAIS,NORD-PAS-DE-CALAIS,"Commune simple",72.0,330.0,0.4,"50.5490835835, 2.40945021621","{""type"": ""Polygon"", ""coordinates"": [[[2.435723888881341, 50.537285255836686], [2.425752439818609, 50.53852297492223], [2.414032118545014, 50.544760081778584], [2.394551561803982, 50.54355344539045], [2.388907612399689, 50.55130764537289], [2.392378870606943, 50.55317368690414], [2.396820763470551, 50.55283636032033], [2.406007155297116, 50.558732782973635], [2.416636876553298, 50.559438475936695], [2.419500102143412, 50.546975879169544], [2.435739475349958, 50.53840729601448], [2.435723888881341, 50.537285255836686]]]}",29026,508,63,2,62,31
68280,68590,RODERN,HAUT-RHIN,ALSACE,"Commune simple",499.0,690.0,0.3,"48.237574913, 7.31340839704","{""type"": ""Polygon"", ""coordinates"": [[[7.347606917931436, 48.21975416398444], [7.333368427806525, 48.22321542492018], [7.321770064045679, 48.22994847558087], [7.320976628952499, 48.2396825626395], [7.302200940186093, 48.24399952791473], [7.29279805087539, 48.242674660623976], [7.284166729849356, 48.2453579571431], [7.276917957187611, 48.237826281110934], [7.256103408011258, 48.23613639442783], [7.257835589461208, 48.24071449504219], [7.273313929459711, 48.24211977405753], [7.28128441003459, 48.25056262065146], [7.30159863720632, 48.25331178370544], [7.323378231141094, 48.244127271787356], [7.328868847193275, 48.23443734064817], [7.358660211356314, 48.22883563239285], [7.3617605811176, 48.22604471758306], [7.347606917931436, 48.21975416398444]]]}",5447,280,20,5,68,42
02132,02870,BUCY-LES-CERNY,AISNE,PICARDIE,"Commune simple",123.0,880.0,0.2,"49.5790852566, 3.496908306","{""type"": ""Polygon"", ""coordinates"": [[[3.464725939205416, 49.56916949883169], [3.459224846606299, 49.57673037706599], [3.450779090747046, 49.57969170939395], [3.454502435678492, 49.58499797325462], [3.459267539765766, 49.58459361904947], [3.472914608332629, 49.580578094179316], [3.501796393595711, 49.58859518337591], [3.511228297715027, 49.5862552512027], [3.526568806931679, 49.58867903302607], [3.536135096929142, 49.58607596382035], [3.530543184853336, 49.57197324795064], [3.523806686677762, 49.571319493600896], [3.509353489770079, 49.574229821872265], [3.464725939205416, 49.56916949883169]]]}",17693,132,18,2,02,22
02705,02150,"LA SELVE",AISNE,PICARDIE,"Commune simple",99.0,484.0,0.2,"49.5698786702, 3.99524867672","{""type"": ""Polygon"", ""coordinates"": [[[4.002285687122807, 49.55813845641374], [3.992238418368182, 49.558697345483864], [3.984079579717716, 49.566969330297965], [3.969443303007821, 49.564633524248904], [3.975740836292394, 49.57391198745638], [4.000802751801915, 49.57988231039165], [4.003597712375413, 49.58286100586323], [4.015604498243316, 49.57212013892985], [4.002285687122807, 49.55813845641374]]]}",7572,705,30,2,02,22
2A270,20151,SARI-D'ORCINO,CORSE-DU-SUD,CORSE,"Chef-lieu canton",562.0,2224.0,0.3,"42.0648114999, 8.83377089939","{""type"": ""Polygon"", ""coordinates"": [[[8.842222045151331, 42.042707604914106], [8.824499854403205, 42.05255054982707], [8.793482162912268, 42.05599303142763], [8.797595644623135, 42.06864196325013], [8.786968632815476, 42.07835032604376], [8.798880108039008, 42.08336513320088], [8.82671757303123, 42.08295302797594], [8.834351305992165, 42.079198729052735], [8.84726325375615, 42.081702453521125], [8.860112033197742, 42.07786509456995], [8.86918084823967, 42.062117432137796], [8.88679755079595, 42.064409060315974], [8.87693571941856, 42.05575826584276], [8.869397915032645, 42.04892394401899], [8.842222045151331, 42.042707604914106]]]}",9200,270,51,1,2A,94
71518,71960,SERRIERES,SAONE-ET-LOIRE,BOURGOGNE,"Commune simple",444.0,984.0,0.3,"46.3106483119, 4.66614748504","{""type"": ""Polygon"", ""coordinates"": [[[4.693436090581603, 46.30232502785755], [4.679780243120441, 46.30451771627483], [4.66454237583041, 46.29660829136532], [4.6532525087263, 46.30312246006436], [4.638724663530798, 46.30142295743545], [4.632051569292736, 46.30512142795722], [4.63554369582845, 46.313690730636615], [4.641068597941746, 46.31891622200007], [4.654586971226925, 46.32146777627461], [4.688143019840807, 46.31694056416696], [4.704823014881993, 46.32369052436326], [4.693436090581603, 46.30232502785755]]]}",21356,518,50,5,71,26
59037,59129,AVESNES-LES-AUBERT,NORD,NORD-PAS-DE-CALAIS,"Commune simple",75.0,910.0,3.7,"50.1911782213, 3.37676857334","{""type"": ""Polygon"", ""coordinates"": [[[3.361540622558309, 50.17266833799345], [3.358483248713713, 50.179277676030026], [3.346418914648799, 50.18601135881889], [3.365541761866694, 50.19624701653641], [3.380472197486091, 50.213586600350006], [3.391279360178309, 50.21048165205219], [3.398822377438595, 50.19103403489692], [3.390224108651253, 50.178839799368625], [3.361540622558309, 50.17266833799345]]]}",16398,037,15,2,59,31
48178,48240,SAINT-PRIVAT-DE-VALLONGUE,LOZERE,LANGUEDOC-ROUSSILLON,"Commune simple",778.0,2375.0,0.3,"44.2854432826, 3.82446827604","{""type"": ""Polygon"", ""coordinates"": [[[3.879930885085233, 44.26205503782252], [3.875978286083767, 44.259989220779985], [3.861652635481663, 44.26766394124297], [3.828045207021951, 44.268768488779166], [3.819713466757556, 44.265239286904354], [3.805044436553331, 44.26611287908899], [3.789693934564779, 44.27475784080455], [3.789595592391258, 44.281194755526194], [3.799353803384701, 44.28899173390925], [3.78740215174023, 44.30010514978331], [3.780236903658661, 44.316827588585134], [3.807232681571583, 44.316902811403345], [3.819024837995501, 44.30344785664592], [3.82793588198456, 44.301625759192625], [3.834153932002793, 44.28889519917391], [3.853081389699557, 44.27916303331336], [3.880227962564814, 44.28039826341954], [3.887565813843675, 44.27608139601465], [3.886357593959207, 44.270924121320206], [3.879930885085233, 44.26205503782252]]]}",8698,178,22,1,48,91
17312,17150,SAINT-BONNET-SUR-GIRONDE,CHARENTE-MARITIME,POITOU-CHARENTES,"Commune simple",21.0,3110.0,0.9,"45.3405019965, -0.644960130156","{""type"": ""Polygon"", ""coordinates"": [[[-0.633593899639443, 45.31844578471403], [-0.642021652918186, 45.31505282177623], [-0.650532637213075, 45.32249135264274], [-0.708237279886091, 45.327480051161444], [-0.707812565526907, 45.3278186472028], [-0.703815429404283, 45.33803812723332], [-0.661800326765329, 45.357810004656436], [-0.652681278729408, 45.35932489307668], [-0.64881397636963, 45.36547245848793], [-0.639318206830513, 45.365943842444], [-0.627481640501048, 45.37091617092205], [-0.612748865265942, 45.37012162292653], [-0.609671276110202, 45.368021506090955], [-0.620585391293226, 45.3543644451182], [-0.605384349073319, 45.34627398544742], [-0.594005633982081, 45.331596023357996], [-0.594493423206765, 45.321142414835734], [-0.60763500024853, 45.32400936139139], [-0.633593899639443, 45.31844578471403]]]}",32098,312,16,1,17,54
02813,02240,VILLERS-LE-SEC,AISNE,PICARDIE,"Commune simple",111.0,1070.0,0.3,"49.7711456702, 3.50490696746","{""type"": ""Polygon"", ""coordinates"": [[[3.50589764443371, 49.75365710424371], [3.498793540662405, 49.75043382069963], [3.494965105186488, 49.751752254496374], [3.496051136698527, 49.755063293193146], [3.478132613415732, 49.766869155534245], [3.492011780271529, 49.78784714109785], [3.506373110877813, 49.79048373789341], [3.528974032701449, 49.77780029336352], [3.530237998303446, 49.76856742950102], [3.523423173932096, 49.76007921816342], [3.50589764443371, 49.75365710424371]]]}",9970,813,25,3,02,22
89027,89190,BAGNEAUX,YONNE,BOURGOGNE,"Commune simple",165.0,1629.0,0.2,"48.2544532478, 3.59222346559","{""type"": ""Polygon"", ""coordinates"": [[[3.604683908161373, 48.22988636147705], [3.591970301261198, 48.22624355529129], [3.574347078541614, 48.230343619383824], [3.57488705340343, 48.25394245503315], [3.561442053938042, 48.257876111613065], [3.5666534035428, 48.27136585539947], [3.573942164141424, 48.27606349387348], [3.615187464586947, 48.27253602032361], [3.623764627096171, 48.25929135701593], [3.624601534593458, 48.256002730505315], [3.601701152772173, 48.23876457668288], [3.599954900143483, 48.23563317160754], [3.604683908161373, 48.22988636147705]]]}",15280,027,36,3,89,26
33130,33210,COIMERES,GIRONDE,AQUITAINE,"Commune simple",90.0,1286.0,0.9,"44.5004950775, -0.212633821506","{""type"": ""Polygon"", ""coordinates"": [[[-0.195717718682888, 44.48840004000249], [-0.220507068599196, 44.4785970203568], [-0.229716238929051, 44.48031869598624], [-0.237540517052457, 44.499369904400204], [-0.231053298420977, 44.51382257800933], [-0.217373104894235, 44.51129433877281], [-0.21070147594733, 44.523282419046396], [-0.199756115830212, 44.520591223951875], [-0.191215573182953, 44.517874476595075], [-0.188273814212274, 44.50814814582327], [-0.195717718682888, 44.48840004000249]]]}",32303,130,03,3,33,72
72085,72310,COGNERS,SARTHE,"PAYS DE LA LOIRE","Commune simple",142.0,1361.0,0.2,"47.8617807064, 0.654044888377","{""type"": ""Polygon"", ""coordinates"": [[[0.67903708331352, 47.850422380888645], [0.660207293606381, 47.853055510385154], [0.656523686454212, 47.84679628966255], [0.643108762976528, 47.843457086514604], [0.637543332159413, 47.8383748800449], [0.624236066035433, 47.84257200380823], [0.619898488236907, 47.8444559267679], [0.621103271723062, 47.85130542498229], [0.632657450275438, 47.87060051291911], [0.63783198279792, 47.870695807763816], [0.656380679136314, 47.87339077414734], [0.660419839482274, 47.87921577205668], [0.66507713749332, 47.87830912541677], [0.680146459260675, 47.88567587663223], [0.693924397315811, 47.88341741453764], [0.696403145102139, 47.878730207497355], [0.682958731985319, 47.87490905577128], [0.678340172912446, 47.86912741917134], [0.674283569781213, 47.85970117253412], [0.67903708331352, 47.850422380888645]]]}",3669,085,28,2,72,52
12157,12630,MONTROZIER,AVEYRON,MIDI-PYRENEES,"Commune simple",657.0,4730.0,1.4,"44.394981764, 2.72127812252","{""type"": ""Polygon"", ""coordinates"": [[[2.754595205985786, 44.33581211892966], [2.731618811928448, 44.335767470252286], [2.725341632710459, 44.33964965110496], [2.734185008173649, 44.34750274212363], [2.73410285425946, 44.3543167596364], [2.720106923768709, 44.368477665756544], [2.703229049656128, 44.375544806304255], [2.677785939345839, 44.389299987282605], [2.670274149343796, 44.40519298124763], [2.650862795762633, 44.41502623983602], [2.666989775574619, 44.42344795246515], [2.700479973240208, 44.42072648161451], [2.71578467276494, 44.42957090283658], [2.740131595645403, 44.429441968173826], [2.749707815957521, 44.43716079425701], [2.75448598463185, 44.43629835277213], [2.758164936797512, 44.43390296789114], [2.755521484021936, 44.4234549085419], [2.765632898540371, 44.41141437328866], [2.764381129087214, 44.40439927565963], [2.754677837237639, 44.39205463302864], [2.751566421952078, 44.374422260177305], [2.754595205985786, 44.33581211892966]]]}",6375,157,03,2,12,73
25558,25620,TARCENAY,DOUBS,FRANCHE-COMTE,"Commune simple",480.0,1304.0,0.9,"47.1661327751, 6.10532851218","{""type"": ""Polygon"", ""coordinates"": [[[6.118534215591928, 47.13222842187433], [6.113363841237811, 47.14122453219564], [6.105290052982504, 47.149829791161984], [6.087516646239213, 47.15587355892828], [6.086396097852011, 47.16604845815545], [6.078272126398232, 47.174607828582786], [6.088383973384656, 47.18112277282641], [6.085229572917282, 47.18349535190768], [6.092709328885731, 47.19499035731665], [6.102895325500292, 47.18733885484845], [6.113164757122628, 47.18711721053657], [6.121161258578613, 47.17505393092874], [6.125602746980655, 47.16166245702092], [6.122590261959488, 47.144345558027446], [6.126118040402765, 47.13414102804402], [6.118534215591928, 47.13222842187433]]]}",22551,558,18,1,25,43
38455,38300,SAINT-SAVIN,ISERE,RHONE-ALPES,"Commune simple",303.0,2473.0,3.5,"45.6254619795, 5.32143071399","{""type"": ""Polygon"", ""coordinates"": [[[5.369363584140006, 45.6045633689264], [5.356912802990752, 45.59910441218657], [5.323450430048018, 45.60691763130464], [5.284031812338328, 45.62335489760515], [5.265787965397116, 45.635903307385966], [5.27730610422952, 45.642445228718316], [5.303299959336527, 45.657870545278996], [5.31312816770216, 45.64189482269765], [5.355130581453751, 45.63175358818642], [5.358422681070579, 45.629153154206655], [5.354847436719529, 45.62267864034324], [5.376696491261932, 45.61543548794341], [5.369363584140006, 45.6045633689264]]]}",27298,455,53,2,38,82
54317,54470,LIRONVILLE,MEURTHE-ET-MOSELLE,LORRAINE,"Commune simple",290.0,894.0,0.1,"48.867147586, 5.91217253236","{""type"": ""Polygon"", ""coordinates"": [[[5.931783846091333, 48.852610270074656], [5.928472863849583, 48.8558141845854], [5.903644224080772, 48.85616752502023], [5.880319559704698, 48.862508943511955], [5.891070022394231, 48.87410148761681], [5.907163022660889, 48.88255770939782], [5.921481349823705, 48.87923929507773], [5.930692982196545, 48.87103170627161], [5.939426708093484, 48.873256268883274], [5.93975394307154, 48.86455486173717], [5.931783846091333, 48.852610270074656]]]}",31021,317,26,4,54,41
45265,45210,ROZOY-LE-VIEIL,LOIRET,CENTRE,"Commune simple",136.0,821.0,0.4,"48.1183432161, 2.95141929917","{""type"": ""Polygon"", ""coordinates"": [[[2.965135364223364, 48.10577854774709], [2.950747396444363, 48.10443263892853], [2.933154043468388, 48.10994904633507], [2.928500040536619, 48.123596932229006], [2.932106955166953, 48.13014087698624], [2.946798877987626, 48.12978848472706], [2.955721299968296, 48.132986581761905], [2.982154992420651, 48.11441188055353], [2.964782109233747, 48.1116904402275], [2.965135364223364, 48.10577854774709]]]}",31040,265,11,1,45,24
21462,21490,NORGES-LA-VILLE,COTE-D'OR,BOURGOGNE,"Commune simple",294.0,1099.0,0.9,"47.4070463216, 5.06948581601","{""type"": ""Polygon"", ""coordinates"": [[[5.076783109805453, 47.387964279040645], [5.068984913871952, 47.38621225460875], [5.06202885837791, 47.39082941635525], [5.054000151795406, 47.39482572632233], [5.050586997147075, 47.40093737484974], [5.040631837519833, 47.40038310925325], [5.048443331090574, 47.417031084513155], [5.071559303084017, 47.424356986045744], [5.09903357837394, 47.41709262490429], [5.098655388610032, 47.4162439626791], [5.076783109805453, 47.387964279040645]]]}",32346,462,43,2,21,26
62510,62800,LIEVIN,PAS-DE-CALAIS,NORD-PAS-DE-CALAIS,"Chef-lieu canton",57.0,1288.0,32.0,"50.4242782538, 2.77291885384","{""type"": ""Polygon"", ""coordinates"": [[[2.774384455967153, 50.40463417844452], [2.737578577489893, 50.42697739037069], [2.736711239473058, 50.43160765955993], [2.745138610275091, 50.4381784507013], [2.755636948728011, 50.44137744145692], [2.771252832782824, 50.43855268914539], [2.787040919130345, 50.44113030573465], [2.804037784152676, 50.42245950764023], [2.804491613436379, 50.41412949536937], [2.78952033767449, 50.4061511139133], [2.774384455967153, 50.40463417844452]]]}",26099,510,91,7,62,31
60157,60600,CLERMONT,OISE,PICARDIE,Sous-préfecture,87.0,585.0,10.4,"49.3777168975, 2.40891709196","{""type"": ""Polygon"", ""coordinates"": [[[2.394832112774183, 49.36692323512317], [2.389990308981455, 49.36665620144217], [2.388509359580597, 49.36966901157509], [2.386630126798545, 49.37258988594611], [2.394782545803332, 49.38404681458027], [2.404432982995196, 49.39012618136287], [2.420149442831975, 49.388494681388394], [2.432610788019265, 49.38227063349753], [2.433791242094275, 49.38009188762238], [2.422797274310958, 49.37337917878685], [2.419550325989261, 49.367107351643284], [2.394832112774183, 49.36692323512317]]]}",16386,157,08,2,60,22
63422,63500,SOLIGNAT,PUY-DE-DOME,AUVERGNE,"Commune simple",568.0,1123.0,0.5,"45.5234450562, 3.18541001355","{""type"": ""Polygon"", ""coordinates"": [[[3.165204403160254, 45.50781848590952], [3.158929738293565, 45.51695830930944], [3.158251577241711, 45.530682452557954], [3.179526151036254, 45.53678269280485], [3.181417247359095, 45.543010934221044], [3.198319065065041, 45.53204161660358], [3.212279200318702, 45.53070141516877], [3.216181237838389, 45.53255795555175], [3.214206921508229, 45.5355603159965], [3.222402115474679, 45.53428372876384], [3.220110562344876, 45.5250763940543], [3.213669134375329, 45.52234238813414], [3.18819447715874, 45.50849368393356], [3.165204403160254, 45.50781848590952]]]}",18009,422,19,3,63,83
61125,61110,COULONGES-LES-SABLONS,ORNE,BASSE-NORMANDIE,"Commune simple",196.0,1958.0,0.4,"48.3992095899, 0.911120038766","{""type"": ""Polygon"", ""coordinates"": [[[0.907346859920987, 48.370103721890075], [0.899825693466071, 48.37308463851481], [0.896387042125374, 48.37090864123671], [0.879885510281763, 48.388209505040656], [0.885090418944926, 48.404268252976614], [0.891132730546079, 48.420764398467746], [0.900635244347105, 48.423533879437336], [0.910796324014507, 48.424388265401035], [0.920602112043757, 48.4164609474624], [0.945291353521663, 48.418115215773376], [0.948381412401709, 48.40164548096196], [0.929503210876453, 48.390589611113434], [0.926529128401998, 48.38411176563507], [0.907346859920987, 48.370103721890075]]]}",8775,125,30,3,61,25
65130,65700,CASTELNAU-RIVIERE-BASSE,HAUTES-PYRENEES,MIDI-PYRENEES,"Chef-lieu canton",183.0,1848.0,0.7,"43.5804567818, -0.0282406541212","{""type"": ""Polygon"", ""coordinates"": [[[-0.023699354742295, 43.55225843939131], [-0.028203179274224, 43.55268209059169], [-0.028067347468708, 43.56254525329049], [-0.041285707674904, 43.563373197643045], [-0.056079894124765, 43.57076425082004], [-0.061817563101409, 43.58337060304669], [-0.049495357620986, 43.58877780372929], [-0.044846520051583, 43.59851584816095], [-0.033515910987143, 43.60472174918436], [-0.015008710750205, 43.605525219631616], [-0.006586235963232, 43.59282872267197], [-0.001665770486593, 43.56532252757134], [-0.023699354742295, 43.55225843939131]]]}",8920,130,09,3,65,73
18272,18300,VEAUGUES,CHER,CENTRE,"Commune simple",233.0,2792.0,0.7,"47.2655815273, 2.75561064588","{""type"": ""Polygon"", ""coordinates"": [[[2.736120943353322, 47.23494100150987], [2.715205177706726, 47.248404514289646], [2.703743726548356, 47.26257293841798], [2.71353189678514, 47.264686126269574], [2.730688997326525, 47.277060732501205], [2.734096785316835, 47.283433375560556], [2.764352861659623, 47.28651459781391], [2.784646751858117, 47.29682584222628], [2.795958525079528, 47.29049955031442], [2.795693367922081, 47.28715916759159], [2.798072521720825, 47.273704594491974], [2.803160075761717, 47.26783468316969], [2.796694829026325, 47.260261382156386], [2.786236050584575, 47.259909483072285], [2.750562351401749, 47.2390061699102], [2.736120943353322, 47.23494100150987]]]}",18351,272,25,1,18,24
01279,01230,ONCIEU,AIN,RHONE-ALPES,"Commune simple",546.0,755.0,0.1,"45.9651165469, 5.47146617499","{""type"": ""Polygon"", ""coordinates"": [[[5.489055498941781, 45.94812629523333], [5.481446216589478, 45.94521220803737], [5.466002946959944, 45.95017160666921], [5.455414297163776, 45.95630293417865], [5.454853835463275, 45.95966654469764], [5.466579809531528, 45.99188120083206], [5.472857245976945, 45.98977125715797], [5.480913615331736, 45.970369048287175], [5.478871934876623, 45.967494739650306], [5.485891967247147, 45.963304586377454], [5.489055498941781, 45.94812629523333]]]}",18807,279,28,1,01,82
02621,02860,PRESLES-ET-THIERNY,AISNE,PICARDIE,"Commune simple",99.0,837.0,0.4,"49.5144603614, 3.62483361601","{""type"": ""Polygon"", ""coordinates"": [[[3.613542917774231, 49.493554016906735], [3.619254337654472, 49.49920521296697], [3.617333146836219, 49.50584790085529], [3.608154258997947, 49.51392917749145], [3.599487845258973, 49.52950263896933], [3.601022149690264, 49.53082517716899], [3.636033923936917, 49.53039501940306], [3.645955958864992, 49.502463233559375], [3.644616108842508, 49.49906402703941], [3.640860113896164, 49.49775375763826], [3.613542917774231, 49.493554016906735]]]}",34746,621,38,2,02,22
31250,31370,LABASTIDE-CLERMONT,HAUTE-GARONNE,MIDI-PYRENEES,"Commune simple",280.0,1456.0,0.7,"43.3495275482, 1.10615893654","{""type"": ""Polygon"", ""coordinates"": [[[1.087943997965985, 43.33097591203541], [1.067955286163768, 43.337432594196706], [1.067954910941613, 43.34075308071044], [1.074993296516843, 43.344855967778685], [1.072033087360695, 43.35446783834792], [1.074534370741927, 43.35526827534787], [1.129790838107184, 43.36865564119638], [1.131942160783934, 43.3620338126117], [1.146866801187154, 43.353939798461454], [1.134568899244562, 43.34566578263289], [1.130481778708814, 43.33710966673485], [1.101872352490406, 43.33998581680014], [1.087943997965985, 43.33097591203541]]]}",19573,250,26,1,31,73
19007,19120,ALTILLAC,CORREZE,LIMOUSIN,"Commune simple",303.0,2547.0,0.8,"44.9804416467, 1.86889705524","{""type"": ""Polygon"", ""coordinates"": [[[1.851052726035232, 44.946245504636565], [1.850962015818205, 44.958715906090156], [1.842068819559205, 44.98095516100831], [1.82955887562739, 44.98520953379183], [1.832560379389302, 44.99827088370657], [1.851266152913576, 45.00514703760346], [1.860277029443423, 45.00333068174909], [1.886371735218443, 45.0078540516135], [1.889283582118197, 44.99607806235554], [1.902454984101814, 44.99486706422191], [1.907779140544838, 44.97824297979897], [1.88836779667715, 44.96292303670282], [1.887090705568002, 44.95633695267513], [1.851052726035232, 44.946245504636565]]]}",14161,007,16,2,19,74
74250,74800,SAINT-PIERRE-EN-FAUCIGNY,HAUTE-SAVOIE,RHONE-ALPES,"Commune simple",541.0,1489.0,5.9,"46.063686335, 6.37244945345","{""type"": ""Polygon"", ""coordinates"": [[[6.388359832247875, 46.031002030441286], [6.372527027426774, 46.048815699230815], [6.34313542360652, 46.05272386957979], [6.350238237358706, 46.06454652503512], [6.344124421003471, 46.08386159998295], [6.353118035444326, 46.08478576136627], [6.364237140342341, 46.078958483634295], [6.371716627143536, 46.08665886410572], [6.395887879663738, 46.08352213071624], [6.394895837216915, 46.073132539083815], [6.382581072978752, 46.058006946831796], [6.391644103208398, 46.0456403864632], [6.405851970895762, 46.04264549125408], [6.388359832247875, 46.031002030441286]]]}",1269,250,17,2,74,82
59252,59236,FRELINGHIEN,NORD,NORD-PAS-DE-CALAIS,"Commune simple",18.0,1128.0,2.5,"50.703109663, 2.95178380263","{""type"": ""Polygon"", ""coordinates"": [[[2.959902864471622, 50.680281407169694], [2.931726288538479, 50.70090820245198], [2.922327234684257, 50.70280503897034], [2.930072165170102, 50.711738058534664], [2.930279443329927, 50.725287612623475], [2.937172014206479, 50.73005595465135], [2.947853218084986, 50.72310679420455], [2.953529780158846, 50.714342293639284], [2.966803660024446, 50.71021886429769], [2.98187444091182, 50.69377381110288], [2.969407341306, 50.681531446217164], [2.959902864471622, 50.680281407169694]]]}",26100,252,02,5,59,31
63418,63120,SERMENTIZON,PUY-DE-DOME,AUVERGNE,"Commune simple",426.0,1843.0,0.5,"45.7640786806, 3.48570267684","{""type"": ""Polygon"", ""coordinates"": [[[3.494962109942112, 45.74044703711922], [3.486184773718433, 45.73826097425719], [3.468132192498683, 45.74166021970725], [3.469278033835294, 45.74483423499698], [3.461417555717765, 45.74767623891152], [3.460212702603705, 45.7574516241263], [3.464731860985792, 45.77013020715328], [3.466857133067663, 45.78256641260022], [3.47695153904444, 45.78898983665917], [3.495281612611727, 45.79334138768259], [3.49921604632763, 45.791396968698955], [3.504240664895157, 45.77494936961829], [3.51394502879586, 45.75987610949111], [3.505454781155826, 45.75152174753853], [3.504139939563906, 45.74134290697355], [3.494962109942112, 45.74044703711922]]]}",31997,418,15,5,63,83
83069,83400,HYERES,VAR,"PROVENCE-ALPES-COTE D'AZUR","Chef-lieu canton",60.0,13356.0,54.7,"43.1018713534, 6.18898508469","{""type"": ""MultiPolygon"", ""coordinates"": [[[[6.116721717969871, 43.0347592631124], [6.099996023646567, 43.028762041976954], [6.093421892029789, 43.0375198737631], [6.101499983705824, 43.04080658318952], [6.124880887584217, 43.0411201641682], [6.131828198026604, 43.05000006078033], [6.125791171468451, 43.07729558172297], [6.109606823707297, 43.08390297333899], [6.106173306446657, 43.09680165378358], [6.079862129082271, 43.1145333927127], [6.085010689121469, 43.13411684976168], [6.117142804999462, 43.1389801336404], [6.125671472634915, 43.15485500358373], [6.110632351999667, 43.16806337333617], [6.110305743220978, 43.18209752727193], [6.11453983663315, 43.1883036298423], [6.126437902227958, 43.19424275411939], [6.134728343172834, 43.20689307700773], [6.163157291695206, 43.202642483389724], [6.159821070922039, 43.19632171530932], [6.182949642594193, 43.18442499592175], [6.201447383459928, 43.16392868933508], [6.201998951836964, 43.143261689351526], [6.195750382977131, 43.13386015762068], [6.196397468989159, 43.12689156289737], [6.219746133616244, 43.12420694277879], [6.22414033909576, 43.12278826358785], [6.232664653589419, 43.11963420979896], [6.234334092269749, 43.11301272411111], [6.20123729709784, 43.114865541097934], [6.180295416150734, 43.106295200678616], [6.164403450481595, 43.09314407861426], [6.154851811488502, 43.07700598172035], [6.149669660562799, 43.05624810313786], [6.152906290262614, 43.03657618936561], [6.170870437948897, 43.032996904350355], [6.156568328798309, 43.02744991568394], [6.14498671613131, 43.02789715213802], [6.133885101611095, 43.03449469172346], [6.120467799808894, 43.032553502042326], [6.116721717969871, 43.0347592631124]]], [[[6.472749158807179, 43.02003747774176], [6.470664804921368, 43.01698997032707], [6.459294237220504, 43.01394449261711], [6.451078790376754, 43.01668405602081], [6.4450354888943, 43.009135997034335], [6.437650771119807, 43.00499734791444], [6.433113266194511, 43.0087341288999], [6.434793148432671, 43.015549054745996], [6.43384036944792, 43.01892826255648], [6.439714135917084, 43.02445692861549], [6.458013764219967, 43.02845228999077], [6.462146553643644, 43.03661951622768], [6.463223218085282, 43.038205291877425], [6.46860877221434, 43.04410843804766], [6.470503570141108, 43.045208655045904], [6.474582934400712, 43.04712056333482], [6.476919572498511, 43.0476032370597], [6.486519011013407, 43.04842692757838], [6.502589269012768, 43.05231630296737], [6.504976181568202, 43.0526076905307], [6.507177977165007, 43.05186974536107], [6.50884138844542, 43.0485295193681], [6.509610951689137, 43.04684792096411], [6.508484944725677, 43.04528216570352], [6.502136500945475, 43.04280621267628], [6.490070910574612, 43.042190009063], [6.486049382550216, 43.040222801026175], [6.479925453159537, 43.03063538281786], [6.473687382307761, 43.025246538284094], [6.472749158807179, 43.02003747774176]]], [[[6.198263217821451, 42.9820330559485], [6.19641540226695, 42.98320410626966], [6.195279594605767, 42.98839528310004], [6.19160932950706, 42.99076349484054], [6.16515798141175, 42.99875503847016], [6.163333399335661, 42.999474784256655], [6.164316440558301, 43.00085896508891], [6.171293800418916, 43.005558802327975], [6.173216443955367, 43.00662717900584], [6.180255081271089, 43.00794938170396], [6.199793874181623, 43.00153719347323], [6.209401896721173, 43.00252896600116], [6.214905472431584, 43.00579391410843], [6.218740283102707, 43.012123909696165], [6.230485160893677, 43.01048458673996], [6.234423461028401, 43.01248146322172], [6.239868172819536, 43.02429812821604], [6.242089007366211, 43.02496031135774], [6.244070723660419, 43.02003990146342], [6.247720741453279, 43.0177514539055], [6.251652648689023, 43.00410389258924], [6.249463407224677, 42.999183471758805], [6.247704445600884, 42.99799447213084], [6.238313171987079, 42.99715261597992], [6.228221732298428, 42.992982627181156], [6.214866477564232, 42.98984549241113], [6.207667678492793, 42.98294991939491], [6.198263217821451, 42.9820330559485]]], [[[6.397085265741566, 42.992801968162674], [6.387297685129587, 42.99780070020834], [6.372873581045645, 42.9969219442556], [6.370849087378684, 43.00154027394929], [6.381625422114642, 43.00840327100815], [6.382862924145171, 43.011740017913034], [6.384885684816517, 43.01255854416669], [6.392091685628577, 43.013069632620066], [6.407758905052517, 43.0179034437873], [6.410008390298433, 43.01756208133554], [6.41347194528515, 43.0163809653661], [6.41247554454889, 43.00904898640044], [6.420499845337104, 43.013655103060906], [6.418188877238475, 43.00650900881719], [6.405284011547442, 42.99584622196707], [6.397085265741566, 42.992801968162674]]]]}",9388,069,97,2,83,93
03024,03130,BERT,ALLIER,AUVERGNE,"Commune simple",364.0,2435.0,0.3,"46.3276009713, 3.70176788462","{""type"": ""Polygon"", ""coordinates"": [[[3.732066186890932, 46.30396755000405], [3.722501358894492, 46.30383950002032], [3.712668597088437, 46.311069497791955], [3.68921689136961, 46.307287545302046], [3.666152571672733, 46.31371025933138], [3.660949299856496, 46.34234055402874], [3.665548121417095, 46.34841920597837], [3.680203973289395, 46.34950337367565], [3.68276391860469, 46.35247774491496], [3.700813812763228, 46.34835199084222], [3.713779260614263, 46.3394285849511], [3.747079181536856, 46.33959344707658], [3.745006274638284, 46.32486563494474], [3.744210466252708, 46.317963900929826], [3.736032854705048, 46.31390166895289], [3.732066186890932, 46.30396755000405]]]}",9826,024,14,3,03,83
15264,15220,VITRAC,CANTAL,AUVERGNE,"Commune simple",612.0,1803.0,0.3,"44.8102298787, 2.31375646936","{""type"": ""Polygon"", ""coordinates"": [[[2.29599339971822, 44.78141199495032], [2.294576896594754, 44.7915409407834], [2.284196214323845, 44.80246775156885], [2.289692463757825, 44.818871608878055], [2.282750836198646, 44.823571857252034], [2.286202565823078, 44.82970758820949], [2.300223137314814, 44.82856339794878], [2.306912248428272, 44.823752433566646], [2.332686232822204, 44.83196866528683], [2.345587399516595, 44.82803890212503], [2.337703605387528, 44.794895107091484], [2.309911172748405, 44.79073708137819], [2.29599339971822, 44.78141199495032]]]}",13503,264,21,1,15,83
33037,33640,BEAUTIRAN,GIRONDE,AQUITAINE,"Commune simple",10.0,634.0,2.2,"44.7034400813, -0.459169831543","{""type"": ""Polygon"", ""coordinates"": [[[-0.474581142723751, 44.68674264148411], [-0.480977273328695, 44.6886502564227], [-0.480936803815481, 44.69494162653938], [-0.466077446838795, 44.708042369546014], [-0.463246198289075, 44.71768329115231], [-0.455516792087727, 44.71571705675887], [-0.448416777206444, 44.72194919998991], [-0.438030215293798, 44.70545692757102], [-0.436840151970893, 44.70417822912138], [-0.474581142723751, 44.68674264148411]]]}",13659,037,27,2,33,72
17230,17132,MESCHERS-SUR-GIRONDE,CHARENTE-MARITIME,POITOU-CHARENTES,"Commune simple",14.0,1591.0,2.7,"45.5728672886, -0.94771675691","{""type"": ""Polygon"", ""coordinates"": [[[-0.929789739662882, 45.556244873701644], [-0.939310328571349, 45.556758824159836], [-0.947221690920792, 45.552694324627566], [-0.956518780102954, 45.55475640086002], [-0.971667643927092, 45.56342713728471], [-0.98423083929946, 45.57677700328251], [-0.972465998584795, 45.58154842426861], [-0.969576362581656, 45.59103636861534], [-0.96045621204725, 45.59244009646869], [-0.931281382223936, 45.58668450481853], [-0.909393556769787, 45.572022096232466], [-0.929789739662882, 45.556244873701644]]]}",32716,230,08,4,17,54
01269,01130,NANTUA,AIN,RHONE-ALPES,Sous-préfecture,720.0,1443.0,3.6,"46.1537845403, 5.61352793799","{""type"": ""Polygon"", ""coordinates"": [[[5.617083987521325, 46.11814582908907], [5.606391023099137, 46.13851973385269], [5.572265167017425, 46.16809274960498], [5.576497473148559, 46.16985283450788], [5.590406235616384, 46.16670751620367], [5.608896606025571, 46.17050097407385], [5.627674499547073, 46.16805903155957], [5.635511675726768, 46.172202231784944], [5.63460789179276, 46.17903465116904], [5.643941587647793, 46.17785380018121], [5.640750435763668, 46.15737643988623], [5.629236767405443, 46.153039498654444], [5.625406363562174, 46.12636884507745], [5.617083987521325, 46.11814582908907]]]}",35561,269,22,4,01,82
66121,66170,NEFIACH,PYRENEES-ORIENTALES,LANGUEDOC-ROUSSILLON,"Commune simple",149.0,888.0,1.1,"42.6961258361, 2.65843590263","{""type"": ""Polygon"", ""coordinates"": [[[2.670334353025143, 42.67734169755342], [2.661375913100971, 42.67775427985673], [2.650141611180898, 42.68376904277735], [2.636188946134852, 42.70510326699868], [2.652566027382644, 42.714535470747236], [2.660815540794703, 42.71331214079331], [2.670379847827911, 42.705915300562516], [2.676072249114764, 42.69291358442762], [2.675566880590688, 42.682986004692374], [2.670334353025143, 42.67734169755342]]]}",32965,121,05,2,66,91
31171,31450,ESPANES,HAUTE-GARONNE,MIDI-PYRENEES,"Commune simple",248.0,359.0,0.3,"43.4509538019, 1.4870137127","{""type"": ""Polygon"", ""coordinates"": [[[1.493714656577987, 43.44055819676724], [1.473529342394049, 43.446412556757785], [1.477627694100387, 43.452085180005525], [1.474687511600167, 43.45769482687664], [1.476085756578674, 43.459469186141455], [1.476694321966833, 43.46027860016077], [1.479845772337176, 43.46209553441085], [1.493243583803545, 43.45665861913129], [1.503154044627525, 43.44939032997054], [1.493851684105285, 43.44192783690217], [1.493714656577987, 43.44055819676724]]]}",21721,171,21,3,31,73
67040,67600,BINDERNHEIM,BAS-RHIN,ALSACE,"Commune simple",163.0,682.0,0.9,"48.2870316499, 7.61448549663","{""type"": ""Polygon"", ""coordinates"": [[[7.638151101729766, 48.28134863250678], [7.621456761395518, 48.27437784138891], [7.601274666677743, 48.27594963025589], [7.593874004298623, 48.2807259024883], [7.597170552321062, 48.292963033197495], [7.609719145814157, 48.30254142044311], [7.625185571162091, 48.299918463150114], [7.62515558052942, 48.29373688693128], [7.635194864317971, 48.287341042688745], [7.638151101729766, 48.28134863250678]]]}",31082,040,12,5,67,42
31531,31350,SARRECAVE,HAUTE-GARONNE,MIDI-PYRENEES,"Commune simple",387.0,250.0,0.1,"43.2147533166, 0.594972592507","{""type"": ""Polygon"", ""coordinates"": [[[0.608345736375328, 43.218944628217265], [0.608544233718387, 43.212964562371674], [0.596876252388181, 43.20862874829118], [0.58881818235209, 43.20891696555609], [0.576958344352417, 43.21243101957512], [0.595234441702028, 43.22205503163303], [0.608345736375328, 43.218944628217265]]]}",21985,531,06,2,31,73
64189,64500,CIBOURE,PYRENEES-ATLANTIQUES,AQUITAINE,"Commune simple",29.0,745.0,6.8,"43.3749892489, -1.66133753626","{""type"": ""Polygon"", ""coordinates"": [[[-1.655186229478102, 43.355617695474386], [-1.67011108371287, 43.37715208665966], [-1.688345699758057, 43.37986865435398], [-1.690322103312744, 43.383045327499424], [-1.682891726789153, 43.39194688871085], [-1.669409223258273, 43.388140969644304], [-1.658060845974363, 43.381979564093896], [-1.644328308581007, 43.38053356995724], [-1.640846458786361, 43.36739075614339], [-1.64033443075484, 43.36119468827144], [-1.655186229478102, 43.355617695474386]]]}",34750,189,45,1,64,72
19102,19160,LAMAZIERE-BASSE,CORREZE,LIMOUSIN,"Commune simple",557.0,4407.0,0.3,"45.3730034504, 2.17148208461","{""type"": ""Polygon"", ""coordinates"": [[[2.1771094092401, 45.31026316916513], [2.156271386084142, 45.328667147954484], [2.158855695996377, 45.34097835299969], [2.14533589661942, 45.34830507648713], [2.142694609736625, 45.35479549788777], [2.145449904546346, 45.35751805611787], [2.131899290652952, 45.371362633100766], [2.130986377761332, 45.39055433366792], [2.142918507748778, 45.39417621187323], [2.145813270837383, 45.4004298155089], [2.143661352020917, 45.41317358994898], [2.14737669252092, 45.415183026677646], [2.185859297565984, 45.412767575965056], [2.201296944715651, 45.40613386951778], [2.215716994114292, 45.38075161559603], [2.20955712242099, 45.37182043808083], [2.185070302100582, 45.34533250387244], [2.185157963752083, 45.32799866919074], [2.18384949120891, 45.31884916232865], [2.1771094092401, 45.31026316916513]]]}",8545,102,19,3,19,74
33465,33210,SAINT-PIERRE-DE-MONS,GIRONDE,AQUITAINE,"Commune simple",34.0,910.0,1.1,"44.5455986707, -0.213270603156","{""type"": ""Polygon"", ""coordinates"": [[[-0.199756115830212, 44.520591223951875], [-0.21070147594733, 44.523282419046396], [-0.225579372582624, 44.5370297916587], [-0.230397212394607, 44.554079671790916], [-0.237731026483586, 44.558694106783506], [-0.218343289337214, 44.56322543599473], [-0.207217486211951, 44.56592783674594], [-0.19775729094224, 44.55422828547344], [-0.200606464731128, 44.537369583799126], [-0.199756115830212, 44.520591223951875]]]}",30965,465,28,3,33,72
59207,59278,ESCAUTPONT,NORD,NORD-PAS-DE-CALAIS,"Commune simple",25.0,577.0,4.2,"50.4239013457, 3.5531225813","{""type"": ""Polygon"", ""coordinates"": [[[3.564564056469455, 50.40476223008928], [3.564327479597147, 50.404960814847], [3.563523498786728, 50.40843874910325], [3.549295206891316, 50.41380844163544], [3.552822750127861, 50.41647692765227], [3.550328213774473, 50.41963908475477], [3.521125529378367, 50.440951618419874], [3.523331266153647, 50.442190099131075], [3.528413437117123, 50.442904594474896], [3.555207520071229, 50.432732915036304], [3.569772076541983, 50.42312391842607], [3.571009532801094, 50.41327012136229], [3.5803915968805, 50.410578085822614], [3.573903894099898, 50.4058772898877], [3.564564056469455, 50.40476223008928]]]}",30085,207,19,6,59,31
77487,77000,VAUX-LE-PENIL,SEINE-ET-MARNE,ILE-DE-FRANCE,"Commune simple",75.0,1181.0,11.2,"48.5245871061, 2.69727154378","{""type"": ""Polygon"", ""coordinates"": [[[2.709168137678929, 48.50829593606775], [2.688160436724504, 48.51673479313597], [2.670039349952726, 48.51301554426249], [2.670142195861713, 48.52680647281771], [2.665587867606838, 48.5358974712955], [2.681849180731628, 48.541510441520266], [2.696587989928676, 48.54157594878301], [2.713151244788647, 48.53502320743213], [2.711833208039515, 48.528381156558254], [2.721164982980768, 48.52579463424378], [2.73286595128934, 48.51518844251906], [2.73001497225448, 48.508758939162185], [2.709168137678929, 48.50829593606775]]]}",21542,487,18,2,77,11
70112,70500,CEMBOING,HAUTE-SAONE,FRANCHE-COMTE,"Commune simple",249.0,1037.0,0.2,"47.8432815911, 5.85414917354","{""type"": ""Polygon"", ""coordinates"": [[[5.84464326644696, 47.82370329387232], [5.842728321871605, 47.830405104814744], [5.829436990964719, 47.840254815543155], [5.824336925172247, 47.840188670112674], [5.830190948492453, 47.851899040070485], [5.848809522850283, 47.8572749250186], [5.864414589342695, 47.8575702483288], [5.867301439198206, 47.85676122462804], [5.88103041627714, 47.84861662795806], [5.882589350048081, 47.839374222904205], [5.84464326644696, 47.82370329387232]]]}",2074,112,12,2,70,43
62107,62410,BENIFONTAINE,PAS-DE-CALAIS,NORD-PAS-DE-CALAIS,"Commune simple",36.0,416.0,0.3,"50.4760416223, 2.82697647324","{""type"": ""Polygon"", ""coordinates"": [[[2.814968937788068, 50.46102265345567], [2.811904229859504, 50.47209499101844], [2.822142616658541, 50.48438973042165], [2.8375585328546, 50.4941949490809], [2.834870136485324, 50.48583458631701], [2.844176198969784, 50.47924012966381], [2.832635792992599, 50.46809436018247], [2.814968937788068, 50.46102265345567]]]}",18970,107,68,7,62,31
30185,30121,MUS,GARD,LANGUEDOC-ROUSSILLON,"Commune simple",39.0,265.0,1.3,"43.7371547201, 4.20278682851","{""type"": ""Polygon"", ""coordinates"": [[[4.212996052872498, 43.72346457536038], [4.203235981705855, 43.73024147175237], [4.194137119847839, 43.73193454396129], [4.19254171651418, 43.73518283807067], [4.19951917252408, 43.751278368909375], [4.202087633302551, 43.75002610954162], [4.211474601317033, 43.73483885483126], [4.212996052872498, 43.72346457536038]]]}",31838,185,46,2,30,91
33305,33430,"LE NIZAN",GIRONDE,AQUITAINE,"Commune simple",96.0,1520.0,0.4,"44.4702093406, -0.280941561777","{""type"": ""Polygon"", ""coordinates"": [[[-0.275610697514784, 44.451863025747635], [-0.290747707101877, 44.45281747173184], [-0.309580088724855, 44.460587527805416], [-0.307765316964667, 44.48611317109389], [-0.280800725335797, 44.48407182861012], [-0.274337197413455, 44.49263416164706], [-0.260191591742898, 44.48700778205745], [-0.251027124311513, 44.457231122805304], [-0.275610697514784, 44.451863025747635]]]}",18399,305,04,3,33,72
02123,02240,BRISSAY-CHOIGNY,AISNE,PICARDIE,"Commune simple",76.0,878.0,0.3,"49.7228299725, 3.39639768252","{""type"": ""Polygon"", ""coordinates"": [[[3.371839849301794, 49.708342638773594], [3.365787378603814, 49.7338970048219], [3.367975954805455, 49.73558859588365], [3.388118483918929, 49.733711101042616], [3.411100963810423, 49.72661830097599], [3.43589916992544, 49.73006326455239], [3.44241244698792, 49.72506197716049], [3.428503460934535, 49.715919766299244], [3.42184695953865, 49.72038174302383], [3.418446609960776, 49.718084255594626], [3.371839849301794, 49.708342638773594]]]}",18053,123,20,3,02,22
22308,22630,SAINT-JUVAT,COTES-D'ARMOR,BRETAGNE,"Commune simple",37.0,1805.0,0.6,"48.3619921147, -2.05476636465","{""type"": ""Polygon"", ""coordinates"": [[[-2.035643198474065, 48.34319387224734], [-2.059123525326465, 48.34702423066188], [-2.073304415650714, 48.34415398525435], [-2.092617630731892, 48.34737211389977], [-2.097929184613525, 48.35597873225584], [-2.08935118562269, 48.35847571933715], [-2.089850971503989, 48.36796566030762], [-2.065799157129317, 48.37292836171663], [-2.047779872361796, 48.389591950759886], [-2.042631194805345, 48.38939666075769], [-2.036291902428438, 48.382571659146414], [-2.026385776435957, 48.37564545443799], [-2.029372924795828, 48.36953255369506], [-2.016338345665568, 48.360692090139125], [-2.020984635466169, 48.35651034842912], [-2.024675977996429, 48.354514552160836], [-2.024107520250384, 48.34842640069359], [-2.035643198474065, 48.34319387224734]]]}",12486,308,14,1,22,53
59496,59360,REJET-DE-BEAULIEU,NORD,NORD-PAS-DE-CALAIS,"Commune simple",145.0,632.0,0.2,"50.0452957797, 3.63508660272","{""type"": ""Polygon"", ""coordinates"": [[[3.625096552457698, 50.03077685096254], [3.628948242328277, 50.03667626851041], [3.61078935178887, 50.0481121686834], [3.609327039864366, 50.057613137106564], [3.639766990422763, 50.05418878188388], [3.658175950434743, 50.04839690684318], [3.653899985762264, 50.04237499064027], [3.662095146251779, 50.03872925809501], [3.657568783152784, 50.032726713323115], [3.643078812103147, 50.036989183443644], [3.625096552457698, 50.03077685096254]]]}",34013,496,17,2,59,31
31167,31160,ENCAUSSE-LES-THERMES,HAUTE-GARONNE,MIDI-PYRENEES,"Commune simple",428.0,814.0,0.7,"43.0532848166, 0.746258275934","{""type"": ""Polygon"", ""coordinates"": [[[0.75836277019301, 43.030416255693524], [0.754518791813735, 43.03656227420454], [0.743217281713942, 43.04235414355009], [0.725178214474281, 43.04408878709801], [0.732589291465648, 43.05062441931352], [0.726460881005365, 43.057972155853484], [0.735055067633382, 43.07164079631262], [0.738761003700351, 43.07102586349236], [0.749306547545478, 43.06905138189864], [0.755975611715036, 43.06575349469862], [0.760729685794095, 43.057061875951824], [0.765786125573131, 43.051624493129424], [0.760808584098797, 43.04614059131543], [0.763138258297093, 43.03315184500184], [0.75836277019301, 43.030416255693524]]]}",19504,167,01,2,31,73
93014,93390,CLICHY-SOUS-BOIS,SEINE-SAINT-DENIS,ILE-DE-FRANCE,"Commune simple",103.0,395.0,30.0,"48.9076285106, 2.5462022266","{""type"": ""Polygon"", ""coordinates"": [[[2.532098862756517, 48.89523477084641], [2.530321810551085, 48.90172077961866], [2.521505557411174, 48.90366434221959], [2.53868594636339, 48.91070127930702], [2.543354516239249, 48.9166274969727], [2.553417196855675, 48.9158740560523], [2.559223854486136, 48.92140817151952], [2.56520064820172, 48.90836337139833], [2.546579078987072, 48.89889667509363], [2.538053632564154, 48.8989360391056], [2.532098862756517, 48.89523477084641]]]}",31782,014,24,2,93,11
24116,24120,CHATRES,DORDOGNE,AQUITAINE,"Commune simple",261.0,1255.0,0.2,"45.1873956526, 1.19479801127","{""type"": ""Polygon"", ""coordinates"": [[[1.17697280254675, 45.1632831927853], [1.174931574442157, 45.17666056729553], [1.167951512638142, 45.18564286925904], [1.180653045413401, 45.196082044640285], [1.185435398280511, 45.20845384292896], [1.192017390853445, 45.20389518500033], [1.21901312791705, 45.20670668272914], [1.21755597330059, 45.20007266743166], [1.221823560388566, 45.19047676223406], [1.20971703167868, 45.180349144420354], [1.199511507114813, 45.16865670369183], [1.184874508183642, 45.16732982477347], [1.17697280254675, 45.1632831927853]]]}",12479,116,39,4,24,72
61100,61270,"LA CHAPELLE-VIEL",ORNE,BASSE-NORMANDIE,"Commune simple",251.0,1177.0,0.3,"48.7099526297, 0.612218004614","{""type"": ""Polygon"", ""coordinates"": [[[0.63839259563913, 48.70265297061603], [0.604285634088639, 48.692812117316954], [0.575449977903279, 48.70231680064937], [0.59403901637325, 48.71431940315946], [0.597430929101168, 48.724241080899745], [0.602195253183478, 48.725632694717355], [0.618744164716244, 48.73077822062605], [0.624763313022432, 48.72344758933492], [0.646419906077471, 48.70945247132615], [0.647032001206843, 48.70612614962128], [0.63839259563913, 48.70265297061603]]]}",34580,100,25,3,61,25
11302,11140,PUILAURENS,AUDE,LANGUEDOC-ROUSSILLON,"Commune simple",774.0,3384.0,0.3,"42.8132848695, 2.29884099838","{""type"": ""Polygon"", ""coordinates"": [[[2.344229118059838, 42.78056492945242], [2.32779509634129, 42.78191084683228], [2.313378985036641, 42.79115325543874], [2.261016724875345, 42.78895273200294], [2.268295230117843, 42.80820106119881], [2.265261547723827, 42.81438503046197], [2.268170513520005, 42.81713859945677], [2.264520195367778, 42.830503371641676], [2.253061912318337, 42.836062519551426], [2.244184703657742, 42.84218724850916], [2.285524469593849, 42.84324384200859], [2.288806494705158, 42.84067578759797], [2.312640970759248, 42.840165674424405], [2.325040432739308, 42.83519960353382], [2.321924723198024, 42.82577387015159], [2.331679762268394, 42.818857019025664], [2.334922613594777, 42.802331419150164], [2.343922817472142, 42.801226872606776], [2.344229118059838, 42.78056492945242]]]}",18301,302,03,2,11,91
41156,41500,MULSANS,LOIR-ET-CHER,CENTRE,"Commune simple",114.0,1589.0,0.4,"47.6949446536, 1.38085020196","{""type"": ""Polygon"", ""coordinates"": [[[1.395984499438538, 47.66839259180029], [1.388882611801524, 47.673183380014315], [1.378940728125636, 47.6735680868693], [1.374471278915311, 47.68288683042149], [1.364942008013997, 47.684968613510016], [1.359211530990457, 47.690524017490354], [1.354724808120948, 47.68901154064844], [1.344123829753738, 47.69376837005924], [1.345411686327955, 47.70597620323772], [1.348963320392971, 47.71187808621316], [1.357991361160409, 47.71455288468749], [1.382927720784444, 47.703845127712576], [1.40419432479905, 47.71249152065232], [1.418798428045621, 47.70086960382668], [1.397395016261095, 47.67999836729365], [1.402858065564575, 47.67474356816678], [1.395984499438538, 47.66839259180029]]]}",18876,156,10,1,41,24
37051,37120,CHAMPIGNY-SUR-VEUDE,INDRE-ET-LOIRE,CENTRE,"Commune simple",60.0,1611.0,0.9,"47.0566092361, 0.327929999931","{""type"": ""Polygon"", ""coordinates"": [[[0.309935377992336, 47.028031252331594], [0.305951244460697, 47.03764053432161], [0.307937560032369, 47.047217860200114], [0.298426203994718, 47.05397733271425], [0.309817839660311, 47.06369309987895], [0.310645791894983, 47.069297597876925], [0.305293386028848, 47.074298665435784], [0.318396092923264, 47.07836000648799], [0.347826140036145, 47.07895819597423], [0.350740443471421, 47.06929615312656], [0.359457635648713, 47.06628879809965], [0.364195591456672, 47.05944265221508], [0.336156479702555, 47.04637686832998], [0.334772302037338, 47.03624651189011], [0.328985221799452, 47.030707705288144], [0.309935377992336, 47.028031252331594]]]}",31655,051,19,1,37,24
02712,02130,SERGY,AISNE,PICARDIE,"Commune simple",164.0,1355.0,0.2,"49.1828178666, 3.57092215608","{""type"": ""Polygon"", ""coordinates"": [[[3.55013076917289, 49.15968152408947], [3.536707407162666, 49.15548943917091], [3.550738238202134, 49.18070810528891], [3.549025046968738, 49.18727908035617], [3.54125435545381, 49.19182750878528], [3.560153948339862, 49.19788165130852], [3.575726202657301, 49.196747368819004], [3.580394873577193, 49.19835225507307], [3.583875522645255, 49.20772149770812], [3.589127985611966, 49.20746218440112], [3.595873276992125, 49.202196566985556], [3.602195971722858, 49.18195428274544], [3.577835063589319, 49.168146977601644], [3.567325733777762, 49.167549612542885], [3.55013076917289, 49.15968152408947]]]}",34700,712,15,1,02,22
71081,71530,CHAMPFORGEUIL,SAONE-ET-LOIRE,BOURGOGNE,"Commune simple",185.0,721.0,2.3,"46.8156309692, 4.82545441016","{""type"": ""Polygon"", ""coordinates"": [[[4.831386808830518, 46.80051905269283], [4.804206983765927, 46.80982896915586], [4.797255325979217, 46.814990322693625], [4.804740358860928, 46.81915105834504], [4.809159316880578, 46.81986517212579], [4.815483352385654, 46.82809628987632], [4.845566085070584, 46.82522187411349], [4.850465143583937, 46.818829718744524], [4.831386808830518, 46.80051905269283]]]}",15989,081,53,2,71,26
24551,24800,THIVIERS,DORDOGNE,AQUITAINE,"Chef-lieu canton",243.0,2866.0,3.1,"45.4286304056, 0.912184321254","{""type"": ""Polygon"", ""coordinates"": [[[0.874470913761647, 45.38744448878785], [0.864026514442761, 45.394776384839304], [0.878094852120081, 45.39834053655953], [0.885870255195846, 45.40704488605004], [0.883013958490835, 45.4310147777409], [0.894456030361341, 45.43764378094372], [0.890833160815551, 45.447808568772416], [0.903409308892315, 45.46282615206636], [0.928253451189023, 45.46184646865227], [0.94248514565713, 45.46501787075368], [0.948070695610001, 45.46074244285021], [0.94875253823822, 45.454755813154776], [0.934990253499851, 45.441081846528434], [0.934963135500545, 45.41013104591588], [0.94499036858253, 45.398335244271664], [0.935625881001359, 45.39537976478363], [0.928645662970084, 45.40429461391256], [0.923742836222003, 45.40409579568921], [0.901701407979983, 45.396884439836214], [0.887569697191639, 45.39765480914962], [0.874470913761647, 45.38744448878785]]]}",12424,551,41,2,24,72
58106,58230,DUN-LES-PLACES,NIEVRE,BOURGOGNE,"Commune simple",528.0,4513.0,0.4,"47.289797689, 4.01928339749","{""type"": ""Polygon"", ""coordinates"": [[[4.050213040777549, 47.26038442979693], [4.045688316483836, 47.25145797695384], [4.03400950717695, 47.2451162968302], [4.020204756957355, 47.24920905681738], [4.006760874027237, 47.25926619737412], [3.98688272408374, 47.26855732009283], [3.979716752012383, 47.28468873479176], [3.969699086383468, 47.283854563155124], [3.952972202051956, 47.300828905962796], [3.962287307450568, 47.30808953971274], [3.976367196701165, 47.30641444481378], [3.982473953861069, 47.322595403626046], [3.987562579644957, 47.32283133173088], [4.000766437729004, 47.3123467676337], [4.02061354459184, 47.31253411205195], [4.025465891081784, 47.31360773918865], [4.031883278460255, 47.326533337492606], [4.03536203734102, 47.32908625450618], [4.039858820839846, 47.327434527681866], [4.044760277562912, 47.326859353527574], [4.05844193117162, 47.31291565169886], [4.060001762343544, 47.30341207019456], [4.078644060359719, 47.30372650783382], [4.080932798005247, 47.29709683907885], [4.070544465581209, 47.28185156156252], [4.061183017448793, 47.27946165442209], [4.042646356879393, 47.28414934497688], [4.039329071914354, 47.281604178429056], [4.043398904380721, 47.268395858223634], [4.050213040777549, 47.26038442979693]]]}",18713,106,12,2,58,26
29072,29730,GUILVINEC,FINISTERE,BRETAGNE,"Chef-lieu canton",7.0,240.0,2.9,"47.8012448483, -4.28617785695","{""type"": ""Polygon"", ""coordinates"": [[[-4.272278108083003, 47.80087289062724], [-4.287089026409107, 47.792574743782744], [-4.300648983988389, 47.800658630045206], [-4.296843969133005, 47.80615681578242], [-4.275387733863742, 47.8076028392941], [-4.272278108083003, 47.80087289062724]]]}",19439,072,49,4,29,53
38484,38200,SERPAIZE,ISERE,RHONE-ALPES,"Commune simple",266.0,1138.0,1.5,"45.5576137521, 4.91965362732","{""type"": ""Polygon"", ""coordinates"": [[[4.939375937618206, 45.54566668859037], [4.930955942012563, 45.54830676607107], [4.91827129986235, 45.54405638023286], [4.900558174052556, 45.54561843870734], [4.888624451209698, 45.54563952438621], [4.887773238845922, 45.55716515968952], [4.899345066749162, 45.56035693624269], [4.900383686517146, 45.569337719965915], [4.913031346899763, 45.57276216106475], [4.929687697997297, 45.571180390898725], [4.944589948304351, 45.56312310136387], [4.9536672726546, 45.56599219551223], [4.954438652903606, 45.55622366683556], [4.939302411770868, 45.549063762175656], [4.939375937618206, 45.54566668859037]]]}",18850,484,38,3,38,82
21303,21520,"LES GOULLES",COTE-D'OR,BOURGOGNE,"Commune simple",334.0,883.0,0.0,"47.8780247601, 4.90572088017","{""type"": ""Polygon"", ""coordinates"": [[[4.906739774757279, 47.86210980174508], [4.886538167980527, 47.86960232193509], [4.881751591104852, 47.874981579043514], [4.878482426200611, 47.8778876983073], [4.884352716539892, 47.88644481333728], [4.898623503093936, 47.88954569275335], [4.908063090114338, 47.88778120299902], [4.919541730364347, 47.89430980748958], [4.928136462345699, 47.88696703359486], [4.92745633870076, 47.8715479979714], [4.906739774757279, 47.86210980174508]]]}",12340,303,22,3,21,26
18273,18190,VENESMES,CHER,CENTRE,"Commune simple",169.0,3181.0,0.9,"46.8470958613, 2.28228826634","{""type"": ""Polygon"", ""coordinates"": [[[2.275586322755668, 46.81243390306077], [2.261920624945018, 46.829743245830926], [2.248485953980036, 46.83922778147722], [2.243693750454739, 46.84318525778302], [2.247994492671555, 46.856674728504075], [2.237330738509164, 46.86824697717112], [2.243781109494112, 46.87359297434083], [2.254507121952345, 46.88036199213628], [2.256281750747168, 46.886919455020625], [2.293472727814144, 46.86396807434338], [2.309169060111417, 46.87254519327707], [2.3123004094485, 46.862731468769276], [2.308997002990513, 46.857219176753304], [2.314280481547669, 46.851497137256935], [2.315589355577229, 46.84139327527218], [2.322849958906239, 46.836871123461584], [2.337644427681068, 46.83737142861962], [2.34064540949565, 46.83552480660553], [2.338818554610972, 46.83039996403434], [2.316082034178645, 46.82315374113432], [2.297050842542289, 46.82193150013965], [2.293409306030281, 46.81650665014222], [2.275586322755668, 46.81243390306077]]]}",35246,273,10,2,18,24
08340,08190,POILCOURT-SYDNEY,ARDENNES,CHAMPAGNE-ARDENNE,"Commune simple",76.0,788.0,0.2,"49.4196830149, 4.09489893984","{""type"": ""Polygon"", ""coordinates"": [[[4.07890997502966, 49.40158594057003], [4.080521905005858, 49.42459264309458], [4.086449235104125, 49.437088144074075], [4.11093796493447, 49.43940978117431], [4.10628687428772, 49.401931997925345], [4.085313980623523, 49.4015376522077], [4.07890997502966, 49.40158594057003]]]}",35366,340,01,2,08,21
14652,14450,SAINT-PIERRE-DU-MONT,CALVADOS,BASSE-NORMANDIE,"Commune simple",21.0,518.0,0.1,"49.3811236375, -0.975198693862","{""type"": ""Polygon"", ""coordinates"": [[[-0.986226155929616, 49.36175430745357], [-0.99118672811129, 49.362463528352635], [-0.981795236000835, 49.37877565685786], [-0.985018406230496, 49.395850341428165], [-0.966709853018344, 49.396785524273035], [-0.961539428262671, 49.39643309551904], [-0.964171953277885, 49.37976008716829], [-0.974141577556226, 49.36443852983293], [-0.983542258690561, 49.36429089904793], [-0.986226155929616, 49.36175430745357]]]}",34361,652,20,1,14,25
10112,10210,COUSSEGREY,AUBE,CHAMPAGNE-ARDENNE,"Commune simple",214.0,1590.0,0.2,"47.95007971, 4.03054692613","{""type"": ""Polygon"", ""coordinates"": [[[4.060938091622944, 47.945709417759666], [4.054893745974836, 47.93007637970953], [4.045992364549242, 47.92689786030635], [4.033349009468461, 47.932292911237425], [4.025202358126996, 47.92862017419226], [4.015392177706475, 47.93032541634048], [4.00553627624084, 47.94237143951183], [4.00153883021405, 47.94845366851627], [4.005260825650608, 47.958231999247836], [4.001075635058488, 47.9601127276567], [4.009767351251825, 47.96831843029671], [4.027579524069906, 47.97461712467616], [4.036835052893127, 47.977046883278135], [4.033713624665262, 47.97094534684058], [4.037499101715076, 47.96508896371525], [4.041618877173933, 47.963333517613016], [4.060289089084713, 47.96685666038065], [4.064082748517399, 47.964239352406096], [4.046733820720123, 47.9529469337309], [4.047821831157175, 47.94969717722226], [4.060938091622944, 47.945709417759666]]]}",8561,112,07,3,10,21
38193,38080,L'ISLE-D'ABEAU,ISERE,RHONE-ALPES,"Commune simple",232.0,1297.0,15.4,"45.6181733164, 5.22290423925","{""type"": ""Polygon"", ""coordinates"": [[[5.21690078397331, 45.59579900698644], [5.206636296403372, 45.59646933100123], [5.20885583238685, 45.609658949022176], [5.19799283422251, 45.616015398578114], [5.19520240492997, 45.625933946855085], [5.187040590342233, 45.634155285444706], [5.209367611624637, 45.63182737699932], [5.254516332381912, 45.627778844638954], [5.258610998083663, 45.62145384419267], [5.246886133645988, 45.61028394976652], [5.242899504983531, 45.60819248915643], [5.233181345311157, 45.609412820976075], [5.226052118505533, 45.60479772997352], [5.21690078397331, 45.59579900698644]]]}",31263,193,58,2,38,82
51447,51400,PROSNES,MARNE,CHAMPAGNE-ARDENNE,"Commune simple",136.0,3277.0,0.5,"49.2004306897, 4.3048573886","{""type"": ""Polygon"", ""coordinates"": [[[4.30009293685635, 49.16756800165764], [4.289834549360415, 49.174116401604216], [4.276601112424489, 49.17025611459457], [4.270064411718868, 49.17491098902423], [4.274083045112902, 49.17715241811413], [4.271773006061244, 49.18026095963429], [4.262447388865191, 49.18311948506867], [4.272431414318353, 49.21318071933389], [4.268000640800736, 49.21943139366672], [4.273156120682947, 49.22478077647677], [4.300615672811279, 49.232588725193956], [4.315558757500649, 49.23008888265657], [4.341529923025417, 49.22091925647333], [4.347197701872462, 49.200841032496925], [4.347633025016049, 49.194901716009205], [4.347759879547105, 49.188183537424166], [4.322617312495643, 49.17755532304076], [4.315088045533826, 49.16893376404558], [4.30009293685635, 49.16756800165764]]]}",32461,447,04,3,51,21
24282,24560,MONSAGUEL,DORDOGNE,AQUITAINE,"Commune simple",120.0,1156.0,0.2,"44.7389162676, 0.571474458124","{""type"": ""Polygon"", ""coordinates"": [[[0.579469156479603, 44.726059148726954], [0.558772783426554, 44.71966900822279], [0.549465518826215, 44.726552128045135], [0.542586062840435, 44.73537096963135], [0.555045561109469, 44.73887135912712], [0.549887292205546, 44.74820607473325], [0.552547121769582, 44.74982314815257], [0.561771762936471, 44.7513416453246], [0.566003847525137, 44.757532674685365], [0.575128942665741, 44.759930557838544], [0.579694524436824, 44.75871532283442], [0.584915550326486, 44.74900233640533], [0.593955543523646, 44.74657796085901], [0.602682983395873, 44.73515696468417], [0.579469156479603, 44.726059148726954]]]}",34152,282,14,1,24,72
38141,38300,CULIN,ISERE,RHONE-ALPES,"Commune simple",491.0,738.0,0.7,"45.5238182422, 5.24556322676","{""type"": ""Polygon"", ""coordinates"": [[[5.238931690746522, 45.507143772802884], [5.226755315532976, 45.510520813420946], [5.225133906325722, 45.522488910074166], [5.222936661803378, 45.52554118589468], [5.227813667200717, 45.53146208325529], [5.251308305007512, 45.535272587811285], [5.270494785974477, 45.5349044157745], [5.27798471401186, 45.52876214457832], [5.265273839855508, 45.5253888462281], [5.238931690746522, 45.507143772802884]]]}",19117,141,28,3,38,82
63240,63260,MONTPENSIER,PUY-DE-DOME,AUVERGNE,"Commune simple",370.0,726.0,0.4,"46.0378088494, 3.22643917176","{""type"": ""Polygon"", ""coordinates"": [[[3.226377351182594, 46.02194535537377], [3.217516116501187, 46.02351155839897], [3.216570818989065, 46.03294155156704], [3.204406108333608, 46.03678223385607], [3.210314783541869, 46.046865970571055], [3.215134943509661, 46.052575067941426], [3.229338494603088, 46.05319559124391], [3.237563098339881, 46.049927874184206], [3.245661892971201, 46.0302978231217], [3.240955240846836, 46.024220572654905], [3.226377351182594, 46.02194535537377]]]}",27987,240,01,4,63,83
62277,62320,DROCOURT,PAS-DE-CALAIS,NORD-PAS-DE-CALAIS,"Commune simple",51.0,343.0,3.0,"50.3900419812, 2.93220470295","{""type"": ""Polygon"", ""coordinates"": [[[2.929788983179459, 50.37901023385317], [2.91695693809499, 50.38756680416394], [2.926766236838628, 50.401317343910165], [2.937019935302608, 50.40099083753852], [2.944174300454018, 50.396290170899604], [2.94175133675714, 50.39049864920744], [2.945636941871918, 50.38135238660216], [2.929788983179459, 50.37901023385317]]]}",28290,277,67,7,62,31
04192,04870,SAINT-MICHEL-L'OBSERVATOIRE,ALPES-DE-HAUTE-PROVENCE,"PROVENCE-ALPES-COTE D'AZUR","Commune simple",537.0,2821.0,1.1,"43.909879406, 5.72004315449","{""type"": ""Polygon"", ""coordinates"": [[[5.72359698234163, 43.88126811729658], [5.717828500529691, 43.876990676979815], [5.702046909686352, 43.879156500656784], [5.689299089969904, 43.91588596809137], [5.690746148363834, 43.94683575253351], [5.699483434932779, 43.948160043570134], [5.701053458670709, 43.9513089778737], [5.716734460537544, 43.93405393540191], [5.729027517598845, 43.92898387032099], [5.735121645034234, 43.91965541544195], [5.758472171936245, 43.916141423030076], [5.765704917291656, 43.9116720916119], [5.767190537518111, 43.908401666934665], [5.759485889462654, 43.89975386706276], [5.758273286303811, 43.89295883520898], [5.753829966664867, 43.89171130587471], [5.741405915040978, 43.89021411274799], [5.72359698234163, 43.88126811729658]]]}",14030,192,10,4,04,93
09186,09350,MERAS,ARIEGE,MIDI-PYRENEES,"Commune simple",343.0,365.0,0.1,"43.1823470835, 1.3078528703","{""type"": ""Polygon"", ""coordinates"": [[[1.299588701919739, 43.17181026822074], [1.293655752589006, 43.181244276274626], [1.296283205593696, 43.1892840804281], [1.305721184548094, 43.19491184558773], [1.314595520414765, 43.18999453246189], [1.31606845414146, 43.18375568541224], [1.332080307416565, 43.17892120360873], [1.299588701919739, 43.17181026822074]]]}",4674,186,08,2,09,73
30213,30750,REVENS,GARD,LANGUEDOC-ROUSSILLON,"Commune simple",754.0,1399.0,0.0,"44.091237523, 3.30243079472","{""type"": ""Polygon"", ""coordinates"": [[[3.323059466405256, 44.07984835092341], [3.305410218289007, 44.06917956227379], [3.295899396705244, 44.06943068010151], [3.274902492379297, 44.0874771156764], [3.26311258845482, 44.0924292911921], [3.291374292149915, 44.104805417993795], [3.310574713816461, 44.10514870577034], [3.32384912461689, 44.10891750077724], [3.344895975051543, 44.11272352114604], [3.316300013634689, 44.087968441547616], [3.315693452980442, 44.08442402770202], [3.323059466405256, 44.07984835092341]]]}",4852,213,34,3,30,91
17243,17210,MONTLIEU-LA-GARDE,CHARENTE-MARITIME,POITOU-CHARENTES,"Chef-lieu canton",104.0,3188.0,1.3,"45.2335398359, -0.270683431895","{""type"": ""Polygon"", ""coordinates"": [[[-0.257828398320166, 45.19647190867529], [-0.272390567822939, 45.19462203994341], [-0.285050295827345, 45.20008991754096], [-0.291915965544085, 45.21685732722184], [-0.300698969729846, 45.22004967137025], [-0.31542425619568, 45.22214584624239], [-0.334247458125705, 45.211068075728555], [-0.335593891259334, 45.21354227654936], [-0.310629860979193, 45.23933912661168], [-0.272060573924065, 45.259635156096714], [-0.253789700209219, 45.26076346069274], [-0.251610537679431, 45.26365664570096], [-0.222838425697965, 45.26152522482905], [-0.218662335709229, 45.25969903837549], [-0.215765860538031, 45.249527033781845], [-0.215443181548261, 45.245481030193574], [-0.251957550744854, 45.2385483099369], [-0.244941861904725, 45.22276529101873], [-0.260783830453557, 45.20996651836199], [-0.257828398320166, 45.19647190867529]]]}",8078,243,19,1,17,54
60067,60320,BETHISY-SAINT-MARTIN,OISE,PICARDIE,"Commune simple",92.0,980.0,1.1,"49.2875795546, 2.812008154","{""type"": ""Polygon"", ""coordinates"": [[[2.802337757146447, 49.2704019220047], [2.78332308730382, 49.27397411909927], [2.78710626103996, 49.28944286223977], [2.814419215602536, 49.29940326423958], [2.823380283427419, 49.307776777972485], [2.828021890382863, 49.309338622403025], [2.834418057644905, 49.304061856619825], [2.838215860959098, 49.294124767499916], [2.835267975234092, 49.287576467179925], [2.827339105972296, 49.28328638703771], [2.82249384860853, 49.27369648711821], [2.81284314285375, 49.275353971658426], [2.802337757146447, 49.2704019220047]]]}",17350,067,12,4,60,22
01382,01330,SAINTE-OLIVE,AIN,RHONE-ALPES,"Commune simple",289.0,742.0,0.3,"46.0142006121, 4.93624894982","{""type"": ""Polygon"", ""coordinates"": [[[4.94795409786375, 46.000591692249195], [4.919482839934381, 46.00733796746275], [4.909555102365757, 46.01925158083102], [4.909994443748594, 46.02036111328144], [4.944557772219141, 46.02883498323662], [4.9595360306987, 46.007877333482476], [4.955426711147792, 46.00246265369965], [4.94795409786375, 46.000591692249195]]]}",26616,382,30,2,01,82
30139,30750,LANUEJOLS,GARD,LANGUEDOC-ROUSSILLON,"Commune simple",923.0,6269.0,0.3,"44.1272274287, 3.37586274913","{""type"": ""Polygon"", ""coordinates"": [[[3.328910418620988, 44.0790299038748], [3.325481069554884, 44.077564085361495], [3.323059466405256, 44.07984835092341], [3.315693452980442, 44.08442402770202], [3.316300013634689, 44.087968441547616], [3.344895975051543, 44.11272352114604], [3.32384912461689, 44.10891750077724], [3.323589761736935, 44.12700941987697], [3.320353707417596, 44.1359475565352], [3.330213062920395, 44.14216477673779], [3.336682164016289, 44.158130408955174], [3.373648104005305, 44.17076487275506], [3.392517054562331, 44.16869179372641], [3.396939497905727, 44.16269932331737], [3.428468133614647, 44.14866544579188], [3.43284524600522, 44.13577718433615], [3.438627539196333, 44.130371779853796], [3.431294366770256, 44.125738521361704], [3.429193393615634, 44.118888270325634], [3.433137673169253, 44.105254839790604], [3.431909792409784, 44.09159687016063], [3.413060699380481, 44.106457426294625], [3.404649545632578, 44.10934198726093], [3.400326145132686, 44.10384952357668], [3.402968809547368, 44.09074408878221], [3.391493584245013, 44.08546642187529], [3.381132304555431, 44.09705956731556], [3.3622444685299, 44.098383709198544], [3.34953769846248, 44.093519719946116], [3.328910418620988, 44.0790299038748]]]}",8087,139,34,3,30,91
43214,43160,SAINT-PAL-DE-SENOUIRE,HAUTE-LOIRE,AUVERGNE,"Commune simple",953.0,1823.0,0.1,"45.2575508782, 3.64684459973","{""type"": ""Polygon"", ""coordinates"": [[[3.6589033306343, 45.22937064561332], [3.644795273394112, 45.230344394961314], [3.632440025791821, 45.23984277061515], [3.628834125747253, 45.23767501002708], [3.625688268811993, 45.25377482137202], [3.617334957819929, 45.26502296411388], [3.618901023142986, 45.269408551254415], [3.622350089051965, 45.27565661860442], [3.643837293562767, 45.282054341912136], [3.653301264662866, 45.28311604104083], [3.670914594289644, 45.2787255529398], [3.663031953519951, 45.259385564221894], [3.666470958064576, 45.25696088133383], [3.664470144019223, 45.25382117402713], [3.676288043227335, 45.24855463795726], [3.676680243626401, 45.2451575241317], [3.665600807599311, 45.23853363467131], [3.6589033306343, 45.22937064561332]]]}",4638,214,07,1,43,83
41171,41290,OUCQUES,LOIR-ET-CHER,CENTRE,"Commune simple",127.0,2620.0,1.5,"47.8191691674, 1.29908240443","{""type"": ""Polygon"", ""coordinates"": [[[1.339681967147355, 47.78200179726932], [1.331149861724215, 47.790432706579985], [1.321853361823063, 47.79293757585171], [1.307228410786952, 47.792826210880065], [1.297867744522195, 47.79018794693081], [1.296449855234612, 47.78690849091153], [1.291182649705628, 47.78703883192639], [1.285746529947667, 47.79572770159073], [1.27082627328596, 47.803853632348186], [1.25988944832211, 47.82610745744482], [1.263657174236281, 47.82821582708461], [1.276870355158263, 47.826817381696245], [1.277528878938821, 47.836612411770375], [1.282627761129087, 47.8422595066755], [1.279878330087404, 47.844991857213394], [1.284248351429421, 47.85791979180653], [1.292259672945435, 47.862105585362336], [1.297185318298278, 47.86117796398316], [1.299713775164626, 47.85448116057156], [1.311408237593086, 47.848015629675494], [1.309417456599551, 47.837868672273025], [1.321900219725013, 47.82787565375946], [1.328925740539185, 47.81871285761516], [1.339681967147355, 47.78200179726932]]]}",13576,171,08,1,41,24
22114,22250,LANRELAS,COTES-D'ARMOR,BRETAGNE,"Commune simple",115.0,2993.0,0.9,"48.2463148524, -2.29585343012","{""type"": ""Polygon"", ""coordinates"": [[[-2.255525872907132, 48.21007054544926], [-2.274033168577285, 48.214619235173984], [-2.283753180091634, 48.21413018299484], [-2.31179225250624, 48.22243028155376], [-2.326452821678377, 48.220470712188536], [-2.327571777046898, 48.239277343164694], [-2.337126617836929, 48.250569349884415], [-2.316359720784396, 48.260605540443045], [-2.308808009269127, 48.28750278517062], [-2.303309578609376, 48.29327757056242], [-2.286280705711054, 48.284247620605306], [-2.28215265307091, 48.27058125105271], [-2.273342400204063, 48.26663750697197], [-2.27278614290143, 48.24207116044404], [-2.258921427249019, 48.227332570272864], [-2.255525872907132, 48.21007054544926]]]}",9778,114,04,1,22,53
11150,11390,FONTIERS-CABARDES,AUDE,LANGUEDOC-ROUSSILLON,"Commune simple",633.0,882.0,0.4,"43.3746615673, 2.25320474783","{""type"": ""Polygon"", ""coordinates"": [[[2.265418153440694, 43.351138568920554], [2.256635325535791, 43.35154639922741], [2.249983573332005, 43.355863769084806], [2.246998986527381, 43.365370323656954], [2.229485680286403, 43.368368858729696], [2.233583290421609, 43.373669945422684], [2.230643801976067, 43.375835266792585], [2.24504042649856, 43.38308894633762], [2.249147469678786, 43.39542496979113], [2.267012225397826, 43.396393065973115], [2.266775148112939, 43.37916287137037], [2.259802199920368, 43.369893932315016], [2.267927730250801, 43.35738110261006], [2.265418153440694, 43.351138568920554]]]}",11265,150,28,1,11,91
48044,48310,CHAUCHAILLES,LOZERE,LANGUEDOC-ROUSSILLON,"Commune simple",1084.0,1733.0,0.1,"44.7932282466, 3.07355645186","{""type"": ""Polygon"", ""coordinates"": [[[3.101948147373064, 44.76602619011201], [3.085365506243781, 44.7730356115997], [3.062259709740404, 44.771916605163575], [3.049958172370712, 44.78188028318274], [3.045963903248929, 44.79779059531915], [3.048270816885583, 44.80426291220562], [3.06418550218552, 44.820307603404984], [3.076979976508889, 44.82427890515827], [3.083534358958323, 44.82513847793301], [3.082455341492189, 44.82262737360938], [3.085185081845907, 44.79577770040905], [3.098774533548101, 44.79392978016935], [3.10432588341006, 44.7738386727402], [3.101948147373064, 44.76602619011201]]]}",27583,044,08,2,48,91
51128,51270,"LA CHAPELLE-SOUS-ORBAIS",MARNE,CHAMPAGNE-ARDENNE,"Commune simple",221.0,1471.0,0.1,"48.9151526355, 3.71933082114","{""type"": ""Polygon"", ""coordinates"": [[[3.750884508692492, 48.90045876714968], [3.737099903768365, 48.90379994614922], [3.722245243532144, 48.90094066800471], [3.713107436298019, 48.90305486768518], [3.703796267254818, 48.90148217477199], [3.685637894780378, 48.90650676026465], [3.682089270327139, 48.90742633353969], [3.683953683256688, 48.916417789535835], [3.676629666186602, 48.924022505578975], [3.685180028119281, 48.9276880185089], [3.736442933041583, 48.92775265476356], [3.745222381079519, 48.92705987301153], [3.758197752074359, 48.92024266430646], [3.758374372280297, 48.910825727324436], [3.750884508692492, 48.90045876714968]]]}",33993,128,18,2,51,21
47326,47200,VIRAZEIL,LOT-ET-GARONNE,AQUITAINE,"Commune simple",66.0,1992.0,1.7,"44.5118708784, 0.238920831275","{""type"": ""Polygon"", ""coordinates"": [[[0.223306511293837, 44.48467816205301], [0.220186169967229, 44.485698471305945], [0.215708862786682, 44.49178280387576], [0.211037462114382, 44.492601556574435], [0.203798970936987, 44.50511023068369], [0.225841218318481, 44.5230068058654], [0.220031431073459, 44.53539048649892], [0.228510680758135, 44.53788275340528], [0.246144959040622, 44.53551378247069], [0.262241946841966, 44.5300142665599], [0.264286721010298, 44.527056419177924], [0.260622681086102, 44.52108350392667], [0.26351699472623, 44.51851609265636], [0.275882158772134, 44.513777869379076], [0.275012530604387, 44.503884111666174], [0.238727341308027, 44.49354161711521], [0.223306511293837, 44.48467816205301]]]}",1537,326,19,2,47,72
68137,68580,HINDLINGEN,HAUT-RHIN,ALSACE,"Commune simple",390.0,802.0,0.6,"47.5703946445, 7.14196837188","{""type"": ""Polygon"", ""coordinates"": [[[7.118775764603742, 47.54760384333084], [7.106215652611592, 47.551337086807955], [7.107531779933927, 47.55858266446006], [7.135150243546307, 47.58009506333188], [7.146076413673332, 47.581500756063235], [7.186472152572726, 47.58918834986494], [7.186179950535924, 47.57730951250468], [7.176707336115339, 47.5749090413393], [7.168275595443083, 47.57866311096528], [7.15336279902732, 47.57635599351702], [7.118775764603742, 47.54760384333084]]]}",17869,137,10,1,68,42
71010,71400,ANTULLY,SAONE-ET-LOIRE,BOURGOGNE,"Commune simple",528.0,3739.0,0.8,"46.8926537731, 4.40284807189","{""type"": ""Polygon"", ""coordinates"": [[[4.430044502576167, 46.86085549764833], [4.419959294653151, 46.85024610842399], [4.41147824207936, 46.85219651261633], [4.396509180781842, 46.861168188845355], [4.391945094921534, 46.87411884710578], [4.377617971697285, 46.876164227558704], [4.362626593070002, 46.88942696271026], [4.34888126931738, 46.90289814966238], [4.36389655578308, 46.9236669277534], [4.378421947721036, 46.92476380481329], [4.396499925038132, 46.91375813702458], [4.413007414517757, 46.920877995967516], [4.427370242952777, 46.92277215316273], [4.429089692287168, 46.90974747857888], [4.452268234303547, 46.90431568253805], [4.446078761078559, 46.881664428685625], [4.43691804668198, 46.87993303857131], [4.430044502576167, 46.86085549764833]]]}",7616,010,52,1,71,26
21480,21420,PERNAND-VERGELESSES,COTE-D'OR,BOURGOGNE,"Commune simple",343.0,552.0,0.3,"47.0804785498, 4.8493094586","{""type"": ""Polygon"", ""coordinates"": [[[4.853273310807409, 47.06169525076509], [4.844126414286249, 47.064372205535804], [4.835662629683094, 47.076304341963905], [4.833947488020483, 47.08983092313411], [4.838200566724789, 47.09159149628612], [4.855237055899929, 47.09158949903919], [4.858133962767324, 47.09376735434142], [4.868409038400784, 47.08242573259409], [4.868876679236605, 47.07994161261291], [4.85002242460462, 47.07142844228691], [4.853273310807409, 47.06169525076509]]]}",26197,480,05,1,21,26
76237,76480,EPINAY-SUR-DUCLAIR,SEINE-MARITIME,HAUTE-NORMANDIE,"Commune simple",111.0,665.0,0.5,"49.5253630622, 0.835855173599","{""type"": ""Polygon"", ""coordinates"": [[[0.855814160448262, 49.51010535919916], [0.852619478538206, 49.51056128094239], [0.827987860237966, 49.51414132637124], [0.808985133347341, 49.53233810615921], [0.828016514228282, 49.53470325818043], [0.84101405401146, 49.53966424941543], [0.845757041098008, 49.53857083295288], [0.853378459986683, 49.53503787404706], [0.849382126384606, 49.52259622045204], [0.855814160448262, 49.51010535919916]]]}",33997,237,16,3,76,23
73010,73410,ALBENS,SAVOIE,RHONE-ALPES,"Chef-lieu canton",432.0,1537.0,3.2,"45.789988746, 5.93731067789","{""type"": ""Polygon"", ""coordinates"": [[[5.948803766257549, 45.7587101461212], [5.933206492305659, 45.765118360850856], [5.938045653856274, 45.77767104333942], [5.933718690276335, 45.77912632331103], [5.920744436529312, 45.77487638997031], [5.913101029256704, 45.777669235027965], [5.909006615520915, 45.7928413141403], [5.913939668197569, 45.80405891247741], [5.931664960329097, 45.80812340333092], [5.934122476919656, 45.81460161602315], [5.947963732353849, 45.810519334775485], [5.962785346309547, 45.81273546653543], [5.958067585373091, 45.7949178609557], [5.953314708266276, 45.76651291964813], [5.948803766257549, 45.7587101461212]]]}",4471,010,04,2,73,82
72084,72200,CLERMONT-CREANS,SARTHE,"PAYS DE LA LOIRE","Commune simple",73.0,1805.0,1.2,"47.732640164, -0.0240763113793","{""type"": ""Polygon"", ""coordinates"": [[[-0.010398197186252, 47.70245455459059], [-0.030469098133955, 47.70085516888857], [-0.040519972490194, 47.71634801628315], [-0.05438005850692, 47.71994106879467], [-0.049167517066537, 47.72914741114339], [-0.052760097728652, 47.738718489642196], [-0.04053265659747, 47.74766573863343], [-0.039770493957849, 47.7539634941383], [-0.015381330300848, 47.757963024618945], [-0.003173534735069, 47.75158474589445], [0.006945085508157, 47.752384381043875], [0.016132721108266, 47.74811555622641], [0.001485714110965, 47.739526814188444], [-0.016421081762265, 47.71526971045021], [-0.010398197186252, 47.70245455459059]]]}",1502,084,14,1,72,52
82007,82220,AUTY,TARN-ET-GARONNE,MIDI-PYRENEES,"Commune simple",162.0,740.0,0.1,"44.1889226535, 1.4694372153","{""type"": ""Polygon"", ""coordinates"": [[[1.490738152330308, 44.18496457710484], [1.483902242776264, 44.17624598061014], [1.475660047229213, 44.173872150695395], [1.464842692606672, 44.18026610748769], [1.452493608361636, 44.17895829807298], [1.445969559745564, 44.18377246464477], [1.454116766161586, 44.191485714071575], [1.459800842120443, 44.20058622870467], [1.470160083187191, 44.207185978736966], [1.477614815944954, 44.20268930787398], [1.483994407395438, 44.1896699318142], [1.490738152330308, 44.18496457710484]]]}",35489,007,12,2,82,73
21706,21400,VILLOTTE-SUR-OURCE,COTE-D'OR,BOURGOGNE,"Commune simple",301.0,947.0,0.1,"47.8665293113, 4.6920408128","{""type"": ""Polygon"", ""coordinates"": [[[4.726227293243426, 47.87075599887831], [4.69649302767506, 47.852132550790536], [4.68373014869699, 47.85623229778498], [4.659907210746848, 47.85061255839575], [4.655824851969228, 47.85265067711407], [4.672523717214454, 47.86394519958911], [4.670641926996953, 47.8764215488586], [4.675977041131514, 47.8775787245214], [4.684755587542941, 47.88055865603612], [4.693464132695142, 47.87753472551854], [4.707373367607831, 47.88024079273201], [4.720010178539713, 47.875429285100495], [4.726227293243426, 47.87075599887831]]]}",21489,706,08,3,21,26
69221,69670,SAINT-LAURENT-DE-VAUX,RHONE,RHONE-ALPES,"Commune simple",523.0,261.0,0.3,"45.7105572288, 4.62859320582","{""type"": ""Polygon"", ""coordinates"": [[[4.641573850092723, 45.70417519548961], [4.614264812661758, 45.707947256620045], [4.610582816322998, 45.70997241467584], [4.61220231396218, 45.71304757486184], [4.634373888894499, 45.71761890900858], [4.644846649481556, 45.70702766137362], [4.641573850092723, 45.70417519548961]]]}",6170,221,31,1,69,82
14636,14350,SAINT-OUEN-DES-BESACES,CALVADOS,BASSE-NORMANDIE,"Commune simple",181.0,850.0,0.3,"49.0219120469, -0.850433727124","{""type"": ""Polygon"", ""coordinates"": [[[-0.824115447257244, 49.03306513138708], [-0.808350570763363, 49.01954997561409], [-0.812468417500495, 49.0172856238936], [-0.833864674103308, 49.01770200868425], [-0.860366585108779, 49.01516858201593], [-0.874585763103749, 49.01074891677251], [-0.895809241504616, 49.011069745203955], [-0.885854144704584, 49.02233105459964], [-0.862572231457791, 49.026413858613296], [-0.852548497266817, 49.026006936842606], [-0.847157678492985, 49.03472323242149], [-0.824115447257244, 49.03306513138708]]]}",30329,636,04,4,14,25
62536,62127,MAGNICOURT-EN-COMTE,PAS-DE-CALAIS,NORD-PAS-DE-CALAIS,"Commune simple",131.0,1001.0,0.6,"50.4032927894, 2.48186461999","{""type"": ""Polygon"", ""coordinates"": [[[2.462416248009819, 50.38533843863087], [2.459062216916994, 50.38778367278359], [2.46246387414915, 50.39009679810779], [2.461020744385511, 50.39636583579159], [2.455097484018774, 50.40124157107199], [2.456142920588513, 50.40719822277009], [2.45118397560405, 50.407212205089515], [2.449624763596143, 50.40978178180365], [2.458539352746795, 50.41558461664954], [2.471217992799314, 50.41102517699336], [2.486635582874572, 50.41869395336481], [2.508770736185524, 50.41093778369031], [2.513478569063577, 50.402032901591106], [2.505412840257841, 50.3937685199784], [2.479953099647034, 50.39224549794213], [2.462416248009819, 50.38533843863087]]]}",30449,536,05,1,62,31
26163,26190,LEONCEL,DROME,RHONE-ALPES,"Commune simple",1038.0,4290.0,0.1,"44.9241441002, 5.20544856273","{""type"": ""Polygon"", ""coordinates"": [[[5.209268723970134, 44.883905257572906], [5.195922743376998, 44.88603442240291], [5.190108649993867, 44.89483191504052], [5.170436865973845, 44.88584195692834], [5.161245737948764, 44.887336218464654], [5.133869938336854, 44.88975705325831], [5.149922575957188, 44.89437415937378], [5.148678502343264, 44.90920544819916], [5.160136744304483, 44.91843146085072], [5.182880258180616, 44.918140073880636], [5.193345873653363, 44.93647944109177], [5.208924119675329, 44.97107362554118], [5.220144804944471, 44.98141568338909], [5.221000301760157, 44.97482330954575], [5.229988631138362, 44.973328386298846], [5.231244818940603, 44.966953068642], [5.248002741563087, 44.961184151808155], [5.244627570901715, 44.94786753913469], [5.247102383890618, 44.92448882179008], [5.231123045638167, 44.89951885292589], [5.20961881341494, 44.89633693073468], [5.209268723970134, 44.883905257572906]]]}",3496,163,24,3,26,82
36052,36100,CHOUDAY,INDRE,CENTRE,"Commune simple",156.0,3038.0,0.2,"46.9211133197, 2.05340256706","{""type"": ""Polygon"", ""coordinates"": [[[2.047711215543106, 46.885275658866234], [2.017196445058935, 46.91020451950398], [2.007938333930908, 46.92640500608999], [2.024386768788252, 46.93481133767596], [2.032874002620757, 46.94756982192532], [2.044709343528203, 46.9541695135705], [2.070202864135631, 46.9544229102553], [2.070685009018611, 46.934023340764114], [2.110318640951758, 46.91316723354568], [2.096708390297283, 46.90828009659786], [2.086567437092299, 46.90036643912152], [2.066208224062297, 46.901715928290876], [2.047711215543106, 46.885275658866234]]]}",13113,052,13,4,36,24
66106,66480,MAUREILLAS-LAS-ILLAS,PYRENEES-ORIENTALES,LANGUEDOC-ROUSSILLON,"Commune simple",446.0,4260.0,2.6,"42.460076792, 2.8011796582","{""type"": ""Polygon"", ""coordinates"": [[[2.844459305344955, 42.45801483171533], [2.839867983609359, 42.45898782607628], [2.830469203234228, 42.443206882609914], [2.814055715893977, 42.43723796236486], [2.79836422961476, 42.419906312232584], [2.794123956820796, 42.41828026616487], [2.772117228512771, 42.41229406716358], [2.760605138260682, 42.41843495492578], [2.756587335388226, 42.42484370388104], [2.751865568779285, 42.42537213263552], [2.760671474981233, 42.43780563198055], [2.759501152212696, 42.447960319820645], [2.776629100817948, 42.453714486217166], [2.78771584070006, 42.46923406957329], [2.782721545473335, 42.49319800166994], [2.798907317581897, 42.49838057487157], [2.817866612550818, 42.51501793681929], [2.826002229294239, 42.512838094397885], [2.828949564621264, 42.50634354683647], [2.842302880156687, 42.505905658155726], [2.842473817346852, 42.505591284118175], [2.841180037158518, 42.498847393957554], [2.826042332840081, 42.49120990731238], [2.828328136389499, 42.473882582863865], [2.841407229577555, 42.4643744946977], [2.846686753420049, 42.460373150493254], [2.844459305344955, 42.45801483171533]]]}",13353,106,03,1,66,91
38387,38590,SAINT-GEOIRS,ISERE,RHONE-ALPES,"Commune simple",520.0,700.0,0.5,"45.3131912406, 5.35408093497","{""type"": ""Polygon"", ""coordinates"": [[[5.373835508835337, 45.28744526081375], [5.376719029078288, 45.30119396840323], [5.36995880209339, 45.31061610826336], [5.341416585057454, 45.3152798795699], [5.33993341342966, 45.30489725286303], [5.337539783694027, 45.307784923320604], [5.328652700584032, 45.306213648319705], [5.321881846135037, 45.30915596583406], [5.324476301138732, 45.32176777133402], [5.338306033878652, 45.323605600229754], [5.340811440796192, 45.32639986648551], [5.34959665505391, 45.32426092948041], [5.358717632399584, 45.32584370640797], [5.366551085235627, 45.3226604818074], [5.377569408653424, 45.31095009037737], [5.3892571984841, 45.304241981075506], [5.377626901730507, 45.28896821692533], [5.373835508835337, 45.28744526081375]]]}",23557,387,26,1,38,82
51626,51120,"LA VILLENEUVE-LES-CHARLEVILLE",MARNE,CHAMPAGNE-ARDENNE,"Commune simple",208.0,1110.0,0.1,"48.7972274315, 3.70878628564","{""type"": ""Polygon"", ""coordinates"": [[[3.734529273548232, 48.77479160427036], [3.718748476593959, 48.78302734274598], [3.712590911885624, 48.77762274261571], [3.702867592042988, 48.778139045637346], [3.699307544278286, 48.78057937065085], [3.70031242785187, 48.793596968977255], [3.680921008266353, 48.79517505526175], [3.685449042428411, 48.81135631592683], [3.68277072945346, 48.82104904602175], [3.707117341216497, 48.81959444591375], [3.713764569291245, 48.800748602813144], [3.742364202694848, 48.79464729784371], [3.736986847352576, 48.78500288954222], [3.739831777587864, 48.78214314535626], [3.734529273548232, 48.77479160427036]]]}",24710,626,17,2,51,21
76427,76270,MESNIERES-EN-BRAY,SEINE-MARITIME,HAUTE-NORMANDIE,"Commune simple",109.0,1502.0,0.9,"49.7656701654, 1.3868369268","{""type"": ""Polygon"", ""coordinates"": [[[1.429873660666442, 49.757388508890905], [1.40375688048394, 49.74661573068375], [1.386123794522729, 49.75252136802183], [1.376261843534549, 49.750341384552804], [1.357389292512585, 49.760144572046556], [1.349847700119378, 49.76815763153482], [1.352087210428263, 49.777453054250266], [1.369238386080269, 49.78401010846823], [1.378719469621147, 49.78482848889775], [1.389737300428729, 49.77960963111577], [1.398759748046329, 49.77998906127517], [1.412647690586259, 49.771166314968454], [1.429873660666442, 49.757388508890905]]]}",10612,427,38,1,76,23
01310,01300,PREMEYZEL,AIN,RHONE-ALPES,"Commune simple",367.0,762.0,0.2,"45.6806263123, 5.64396081449","{""type"": ""Polygon"", ""coordinates"": [[[5.622717131137494, 45.66606263579739], [5.619664848939361, 45.667548239024526], [5.617554189506709, 45.67427358031618], [5.633476102774211, 45.682065231058886], [5.639988579431316, 45.69112984908745], [5.654041206404619, 45.6999897180088], [5.661125979602275, 45.69383995477583], [5.666040982593851, 45.68804743596364], [5.656197381416734, 45.67286402723823], [5.647719972432497, 45.66893716924091], [5.622717131137494, 45.66606263579739]]]}",24969,310,04,1,01,82
32129,32380,ESTRAMIAC,GERS,MIDI-PYRENEES,"Commune simple",165.0,975.0,0.1,"43.8350883642, 0.849647373982","{""type"": ""Polygon"", ""coordinates"": [[[0.875391375653535, 43.820103476998995], [0.86272523748282, 43.824339042726805], [0.849867538705729, 43.82138557017229], [0.836881120891456, 43.823181232533905], [0.830430627066646, 43.828022378774044], [0.816843441113922, 43.841254887177044], [0.855408154647645, 43.85100439255706], [0.863687534809462, 43.84849313366086], [0.865312056359811, 43.83864034571921], [0.87928748668404, 43.836401349445396], [0.875705322551256, 43.832397639591946], [0.875391375653535, 43.820103476998995]]]}",15145,129,25,2,32,73
39133,39110,CHAUX-CHAMPAGNY,JURA,FRANCHE-COMTE,"Commune simple",609.0,749.0,0.1,"46.8831143398, 5.87949383777","{""type"": ""Polygon"", ""coordinates"": [[[5.872339983510188, 46.84896264400154], [5.868729139334691, 46.866324379459016], [5.874280535715279, 46.88329528207156], [5.87281525789848, 46.89727880579483], [5.871665485936412, 46.90954254547994], [5.875684238873617, 46.908721503541656], [5.885991036186361, 46.91364424348877], [5.892427027208665, 46.90639217887711], [5.888965211540595, 46.8999110087325], [5.891019593663542, 46.88965143622155], [5.87915012127343, 46.874299025481314], [5.884984423913008, 46.86470169255284], [5.882726522633487, 46.85116251964993], [5.872339983510188, 46.84896264400154]]]}",14706,133,29,2,39,43
91469,91150,ORMOY-LA-RIVIERE,ESSONNE,ILE-DE-FRANCE,"Commune simple",127.0,1042.0,0.9,"48.4004789028, 2.16430044754","{""type"": ""Polygon"", ""coordinates"": [[[2.203207630664189, 48.39541978505739], [2.196628703873724, 48.39008508023644], [2.186363350871616, 48.38913335119989], [2.165625635362528, 48.389277119999264], [2.136908573616412, 48.39573845234451], [2.127582885192153, 48.39270112382734], [2.133128265550922, 48.406237534977954], [2.155178017328137, 48.415690617468876], [2.179124653198687, 48.40892206364702], [2.203207630664189, 48.39541978505739]]]}",30582,469,08,1,91,11
23169,23000,"LA SAUNIERE",CREUSE,LIMOUSIN,"Commune simple",442.0,747.0,0.6,"46.1285230367, 1.94133792755","{""type"": ""Polygon"", ""coordinates"": [[[1.927622798258945, 46.11198261922374], [1.922027015930294, 46.12527610416182], [1.927340453698007, 46.130414646213396], [1.93071447888765, 46.14605334091785], [1.935060677311623, 46.14709379946343], [1.94324402961761, 46.13929925764138], [1.951976633775051, 46.141964793703714], [1.959591107160092, 46.13804528800289], [1.96156860331601, 46.122537633557975], [1.952309186273891, 46.12047132824792], [1.946001426042166, 46.11511760724359], [1.927622798258945, 46.11198261922374]]]}",4403,169,26,2,23,74
65477,65500,VILLENAVE-PRES-MARSAC,HAUTES-PYRENEES,MIDI-PYRENEES,"Commune simple",240.0,112.0,0.1,"43.3388929432, 0.0880398223015","{""type"": ""Polygon"", ""coordinates"": [[[0.093898401103196, 43.33160053914768], [0.086092747072368, 43.33256971761028], [0.085821324768691, 43.33817967372631], [0.082366977540828, 43.33966188656731], [0.082145088736963, 43.34745172596956], [0.089692128968424, 43.34358613601612], [0.09347244957171, 43.33808853456749], [0.093898401103196, 43.33160053914768]]]}",19986,477,25,3,65,73
89377,89420,SAUVIGNY-LE-BEUREAL,YONNE,BOURGOGNE,"Commune simple",274.0,478.0,0.1,"47.4807022931, 4.10703113936","{""type"": ""Polygon"", ""coordinates"": [[[4.098736301778178, 47.46159384302536], [4.096300581321031, 47.47035833666909], [4.095447649637674, 47.48058427762802], [4.100202233885859, 47.49029820750038], [4.116125819253991, 47.49786189019426], [4.12143933823821, 47.492787457601864], [4.115965842473845, 47.484458649833876], [4.118078843598092, 47.47880277259674], [4.120567958317897, 47.47781557256968], [4.109124448471357, 47.47155127993152], [4.103659135905897, 47.462132453212774], [4.098736301778178, 47.46159384302536]]]}",33884,377,17,2,89,26
65257,65380,LANNE,HAUTES-PYRENEES,MIDI-PYRENEES,"Commune simple",381.0,574.0,0.6,"43.162653619, 0.00193180240761","{""type"": ""Polygon"", ""coordinates"": [[[-0.006436774759539, 43.14802991246683], [-0.009183096560373, 43.14906941565669], [-0.01556710150924, 43.15762214471737], [-0.014274553923917, 43.16442721402411], [-0.005566156654926, 43.17359955884624], [0.017212217710313, 43.172377780222845], [0.024005338221707, 43.168469956143554], [0.016778850857901, 43.15957518983364], [-0.006436774759539, 43.14802991246683]]]}",3180,257,16,3,65,73
85071,85220,COMMEQUIERS,VENDEE,"PAYS DE LA LOIRE","Commune simple",23.0,4063.0,2.9,"46.7674752232, -1.82534079642","{""type"": ""Polygon"", ""coordinates"": [[[-1.873165922361519, 46.73413007379863], [-1.869739608557217, 46.75091068183377], [-1.876904859800052, 46.7777421102523], [-1.868821400679937, 46.781017104994504], [-1.864753861990207, 46.79070676477511], [-1.850447671720228, 46.790527170206715], [-1.846983392585174, 46.792910649701014], [-1.838000813054117, 46.79101620384162], [-1.818715512225096, 46.79318025396617], [-1.795098094399636, 46.80473195348608], [-1.782015826289247, 46.781102516504774], [-1.780552796735344, 46.77434395263698], [-1.772593049369738, 46.770282203571846], [-1.773354498040025, 46.74673412605924], [-1.776027112848843, 46.74385359785156], [-1.785932225560327, 46.74442406591417], [-1.78899166893004, 46.747119853197226], [-1.791007700416356, 46.74958852449404], [-1.798829857208365, 46.74796265332055], [-1.818162776397404, 46.74621423251196], [-1.859311356686089, 46.73545759526914], [-1.873165922361519, 46.73413007379863]]]}",4268,071,26,3,85,52
38383,38960,SAINT-ETIENNE-DE-CROSSEY,ISERE,RHONE-ALPES,"Commune simple",484.0,1313.0,2.5,"45.3796872392, 5.63667290374","{""type"": ""Polygon"", ""coordinates"": [[[5.643420160810829, 45.3593920295331], [5.638702489410581, 45.359079866867894], [5.616977225909675, 45.371302037881556], [5.604139026378419, 45.383484715658824], [5.606791639541825, 45.38907192497414], [5.640567726666044, 45.40054286821414], [5.648275755916843, 45.396973335660654], [5.649876298660412, 45.39057471233226], [5.666047914474753, 45.379028054581184], [5.666200071821486, 45.36246473190383], [5.658642129867983, 45.37012241122179], [5.643420160810829, 45.3593920295331]]]}",19501,383,45,1,38,82
59422,59161,NAVES,NORD,NORD-PAS-DE-CALAIS,"Commune simple",54.0,520.0,0.6,"50.2033732531, 3.31732755418","{""type"": ""Polygon"", ""coordinates"": [[[3.337926832141433, 50.19192583431023], [3.309786365858877, 50.19695681909872], [3.30095493591221, 50.19387171261519], [3.296388784075161, 50.19523875977545], [3.294460038805019, 50.20034393310553], [3.323149347537741, 50.21943458295975], [3.326566199424126, 50.21540270069508], [3.337926832141433, 50.19192583431023]]]}",31068,422,13,2,59,31
72009,72270,ARTHEZE,SARTHE,"PAYS DE LA LOIRE","Commune simple",54.0,868.0,0.4,"47.7894345539, -0.110707859557","{""type"": ""Polygon"", ""coordinates"": [[[-0.090683038646856, 47.78197564497018], [-0.123879545046505, 47.776068621923166], [-0.132197406066764, 47.77889989779157], [-0.142394985149304, 47.7929484082036], [-0.133796429691787, 47.79470103458724], [-0.099883812604061, 47.80089068507873], [-0.094016066795799, 47.80642304652519], [-0.089929495718284, 47.80443226005897], [-0.083634586952764, 47.78833135672037], [-0.090683038646856, 47.78197564497018]]]}",22311,009,17,1,72,52
47204,47350,PEYRIERE,LOT-ET-GARONNE,AQUITAINE,"Commune simple",95.0,819.0,0.3,"44.5764574409, 0.304876574867","{""type"": ""Polygon"", ""coordinates"": [[[0.333700761720315, 44.57032511759005], [0.331959966535396, 44.567166455390534], [0.313876706407525, 44.56402573151478], [0.291217243636105, 44.56780482954691], [0.281265290776655, 44.575072707274714], [0.277917887907731, 44.5773232629824], [0.284021718511526, 44.58561658914872], [0.299413243408097, 44.5921733163701], [0.328389227213488, 44.576583113841146], [0.333700761720315, 44.57032511759005]]]}",22443,204,17,2,47,72
02475,02190,MENNEVILLE,AISNE,PICARDIE,"Commune simple",71.0,724.0,0.4,"49.4303233528, 4.00555747176","{""type"": ""Polygon"", ""coordinates"": [[[4.025065156573365, 49.425048012565085], [4.025781728314572, 49.41536084429529], [4.021269953101904, 49.41364614742526], [4.010994123111353, 49.413750406705994], [3.998692884486378, 49.41882343420819], [3.994688056890434, 49.41764290938693], [3.983824400332876, 49.42236098440054], [3.994798410969808, 49.433345527316575], [3.993128019118839, 49.45321522722027], [4.00249403545024, 49.45271560178685], [4.007287942489615, 49.45179494307699], [4.01109827452085, 49.43871162478593], [4.025065156573365, 49.425048012565085]]]}",18961,475,21,2,02,22
80239,80200,DEVISE,SOMME,PICARDIE,"Commune simple",79.0,277.0,0.1,"49.8511316053, 3.00863370114","{""type"": ""Polygon"", ""coordinates"": [[[3.005959304585294, 49.839977119498364], [2.995095073487208, 49.85402780160981], [2.999888828787131, 49.85926538339398], [3.019913374866859, 49.85883254496412], [3.018810811379676, 49.84592310913672], [3.011682792458755, 49.84143208986535], [3.005959304585294, 49.839977119498364]]]}",19084,239,24,4,80,22
27597,27210,SAINT-PIERRE-DU-VAL,EURE,HAUTE-NORMANDIE,"Commune simple",95.0,1215.0,0.5,"49.390892944, 0.366485992919","{""type"": ""Polygon"", ""coordinates"": [[[0.378926616744533, 49.369613710486384], [0.359379981155808, 49.37265083348309], [0.346514436810326, 49.37562481993345], [0.338055569969092, 49.383659082382636], [0.346947565392808, 49.38701128338341], [0.35251434385024, 49.41353803188329], [0.352482253208222, 49.41630726485017], [0.359789275079191, 49.41547768388527], [0.384713810955133, 49.4015848952048], [0.393304103184583, 49.39249822918338], [0.393697842215419, 49.387983046445385], [0.384598888441655, 49.38132027735589], [0.378926616744533, 49.369613710486384]]]}",24414,597,06,2,27,23
80587,80140,NESLETTE,SOMME,PICARDIE,"Commune simple",96.0,205.0,0.1,"49.9273386228, 1.66463557857","{""type"": ""Polygon"", ""coordinates"": [[[1.678450674227239, 49.91813416149145], [1.647729047781161, 49.92857040407658], [1.653573021283503, 49.934941749976865], [1.654329097730958, 49.93530045010598], [1.661860481120508, 49.931546851993744], [1.675226001855486, 49.93138688082085], [1.676532007476826, 49.92557929464503], [1.678450674227239, 49.91813416149145]]]}",33720,587,32,1,80,22
86016,86170,AVANTON,VIENNE,POITOU-CHARENTES,"Commune simple",116.0,1079.0,1.8,"46.6636113656, 0.304857474533","{""type"": ""Polygon"", ""coordinates"": [[[0.33606018010188, 46.65353234354196], [0.326782950943199, 46.651154113490385], [0.308018698439885, 46.65543592355768], [0.293470768540241, 46.6464622329219], [0.284972448341672, 46.654739232253746], [0.277393232485118, 46.66499255424704], [0.283354182801504, 46.68371158595585], [0.301626905025401, 46.67296222491983], [0.305910880776984, 46.674729699271566], [0.324148182009841, 46.67145385535346], [0.33776210133589, 46.66286051495577], [0.33606018010188, 46.65353234354196]]]}",33835,016,19,3,86,54
19274,19270,USSAC,CORREZE,LIMOUSIN,"Commune simple",166.0,2497.0,3.7,"45.1901861032, 1.51268724107","{""type"": ""Polygon"", ""coordinates"": [[[1.551396140379703, 45.176047772462844], [1.541147706657437, 45.183307980034236], [1.536304906367076, 45.183451724377996], [1.506316012457393, 45.17248175835378], [1.49251743248956, 45.17379121447892], [1.479903370460306, 45.15962513820424], [1.475530954835298, 45.160790280949854], [1.467772016932604, 45.16706914463123], [1.460055530467473, 45.16666574879902], [1.466230462249209, 45.17499111794043], [1.48582514984945, 45.19004618741417], [1.479966912875038, 45.2101487304083], [1.493336619079607, 45.21468871254678], [1.502603937861316, 45.21595706847209], [1.515527258148293, 45.20578188082971], [1.53386225619349, 45.20179136877463], [1.550487995191519, 45.20760094995194], [1.556039162237904, 45.213148333533844], [1.564652430165782, 45.193320747333566], [1.56047704458478, 45.191754043602984], [1.562351546709249, 45.182268214832675], [1.551396140379703, 45.176047772462844]]]}",9987,274,34,1,19,74
38080,38490,CHARANCIEU,ISERE,RHONE-ALPES,"Commune simple",471.0,553.0,0.7,"45.5205135437, 5.57906529008","{""type"": ""Polygon"", ""coordinates"": [[[5.571751652521583, 45.50452618622126], [5.561826078194136, 45.51905109797346], [5.572110183507478, 45.533276202212775], [5.597208300677739, 45.53022097773503], [5.593655823055867, 45.51702299057222], [5.576706184427624, 45.506097339930925], [5.571751652521583, 45.50452618622126]]]}",15334,080,27,2,38,82
04072,04420,DRAIX,ALPES-DE-HAUTE-PROVENCE,"PROVENCE-ALPES-COTE D'AZUR","Commune simple",1202.0,2318.0,0.1,"44.1299391525, 6.37179977607","{""type"": ""Polygon"", ""coordinates"": [[[6.418404617047244, 44.11408550812284], [6.387886124974383, 44.10703391590288], [6.380590648257666, 44.11113309292466], [6.362251861760752, 44.110355289100255], [6.328241315818954, 44.13659989428048], [6.328686371498208, 44.1441986505747], [6.33963755220856, 44.15534257143371], [6.347865742087772, 44.15801041440688], [6.365589016560608, 44.14666608415286], [6.37488764622187, 44.14523601177287], [6.392847470747252, 44.14114996653969], [6.400609646433292, 44.12870226318562], [6.409889125063319, 44.130557979140164], [6.422574306488926, 44.125603893276505], [6.418404617047244, 44.11408550812284]]]}",25978,072,11,3,04,93
62542,62127,MAIZIERES,PAS-DE-CALAIS,NORD-PAS-DE-CALAIS,"Commune simple",139.0,705.0,0.2,"50.32212095, 2.44126600282","{""type"": ""Polygon"", ""coordinates"": [[[2.434567544612575, 50.30674471868021], [2.429266248319092, 50.30690884474604], [2.42441781140007, 50.3128571027406], [2.430836335786745, 50.318130379463824], [2.41894390733285, 50.33286243438175], [2.420913959188744, 50.33598718273251], [2.459126316007364, 50.3333055280145], [2.461337079985647, 50.319344795544], [2.449582904390165, 50.308006826559335], [2.444462579602273, 50.30700518884858], [2.434567544612575, 50.30674471868021]]]}",27805,542,05,1,62,31
89050,89400,BONNARD,YONNE,BOURGOGNE,"Commune simple",87.0,405.0,0.9,"47.9295214402, 3.53452583503","{""type"": ""Polygon"", ""coordinates"": [[[3.525878205105703, 47.92093654740812], [3.517347256878033, 47.92757122468134], [3.516398094325486, 47.9332362042956], [3.525947704287796, 47.934705791639544], [3.540884114734254, 47.942980670671425], [3.543080227414377, 47.929840016017685], [3.556450270001581, 47.92655555035247], [3.55264691900527, 47.921362647193895], [3.538706744598765, 47.9237763364834], [3.525878205105703, 47.92093654740812]]]}",7709,050,39,1,89,26
25391,25210,MONT-DE-LAVAL,DOUBS,FRANCHE-COMTE,"Commune simple",845.0,845.0,0.2,"47.161609954, 6.63636805448","{""type"": ""Polygon"", ""coordinates"": [[[6.627720160837955, 47.14972822137104], [6.621134137193877, 47.15001570983167], [6.613973112067063, 47.15334894070247], [6.609676943257435, 47.16611834245171], [6.622218808208404, 47.17555883658757], [6.634495436678504, 47.17102820864107], [6.63871652502642, 47.17247272008104], [6.644584077690771, 47.17558661544549], [6.648021885194604, 47.17307196424737], [6.656164623404424, 47.16453246017025], [6.67188870568114, 47.156184476961094], [6.670910297479598, 47.15481857008034], [6.657675249242486, 47.150983885597654], [6.650030850799852, 47.1547582858975], [6.627720160837955, 47.14972822137104]]]}",2149,391,25,3,25,43
56231,56250,SAINT-NOLFF,MORBIHAN,BRETAGNE,"Commune simple",97.0,2596.0,3.8,"47.6984675237, -2.66583210925","{""type"": ""Polygon"", ""coordinates"": [[[-2.681534267606213, 47.670619509497975], [-2.689253852739903, 47.673970437706124], [-2.702944497364703, 47.6691871403553], [-2.715262065109052, 47.67528066926174], [-2.717151995454149, 47.680810326896655], [-2.699153218119418, 47.69180669952343], [-2.694635049169779, 47.701294979787804], [-2.697123759406963, 47.70418764956489], [-2.671561570017193, 47.70643357682266], [-2.665147359319219, 47.72341191090952], [-2.668996818032149, 47.73732032026915], [-2.666383459292139, 47.74417876205738], [-2.657143378109398, 47.74233440000751], [-2.65413946356753, 47.73220186310077], [-2.641879375096987, 47.72594560812405], [-2.631974724776199, 47.70566030970882], [-2.61870712399003, 47.7069941947322], [-2.618512030167418, 47.70008255559921], [-2.632000148776985, 47.6969332415932], [-2.639163482924925, 47.68077791050398], [-2.672803164015634, 47.675068992024926], [-2.680579571032563, 47.671063047542184], [-2.681534267606213, 47.670619509497975]]]}",22529,231,06,3,56,53
65226,65420,IBOS,HAUTES-PYRENEES,MIDI-PYRENEES,"Commune simple",333.0,3307.0,2.8,"43.2411378996, 0.000239711403462","{""type"": ""Polygon"", ""coordinates"": [[[0.044673208497067, 43.215178540255486], [0.037205338252619, 43.21129219528009], [0.015046096269329, 43.21548826035071], [0.008748387821483, 43.22064278418936], [-0.019119767622312, 43.2180844128201], [-0.046754019498195, 43.223726022586085], [-0.044946490571683, 43.23379609596743], [-0.02570736649111, 43.25335806166573], [-0.018516158879183, 43.26938479318606], [-0.018585641340331, 43.27283063135866], [-0.025991494026648, 43.27708844588815], [-0.023974663919745, 43.28021464627484], [-0.014416562263407, 43.281219957174976], [-0.001200437276916, 43.277762075095254], [-0.000363280306102, 43.26782915268525], [0.028078990651542, 43.256616167611405], [0.03371616561256, 43.24782349786475], [0.042810213899824, 43.24674072234097], [0.037866736408029, 43.21998770116365], [0.044673208497067, 43.215178540255486]]]}",7829,226,33,3,65,73
88435,88480,SAINT-REMY,VOSGES,LORRAINE,"Commune simple",369.0,1227.0,0.5,"48.3429205688, 6.81438794829","{""type"": ""Polygon"", ""coordinates"": [[[6.833401809136201, 48.33213387590833], [6.789859816042004, 48.32740235829387], [6.780796383785786, 48.33003424502828], [6.779808525504447, 48.33264191858329], [6.785126927253128, 48.34310061955338], [6.810845834638404, 48.359974899948504], [6.81606820926689, 48.360419191189514], [6.82651319400157, 48.35982085413006], [6.839318580519983, 48.353974733092535], [6.84974569665779, 48.34189009944062], [6.833401809136201, 48.33213387590833]]]}",29185,435,22,3,88,41
09091,09160,CAZAVET,ARIEGE,MIDI-PYRENEES,"Commune simple",609.0,1814.0,0.2,"42.9980540032, 1.03529654774","{""type"": ""Polygon"", ""coordinates"": [[[1.038826577821506, 42.972982143681584], [1.028760452146708, 42.9804267195806], [0.995097994139751, 42.990833693611485], [1.005528850682031, 43.006087478826636], [1.022390477501641, 43.01019525199152], [1.037776733636745, 43.0181148981323], [1.051198816617888, 43.016748509729126], [1.058977068599773, 43.02061359586785], [1.067300896548, 43.019917784199166], [1.069892092933006, 43.01169673237891], [1.060764307037302, 43.01044403382215], [1.060048739813347, 42.98605155220527], [1.038826577821506, 42.972982143681584]]]}",33023,091,16,3,09,73
78620,78117,TOUSSUS-LE-NOBLE,YVELINES,ILE-DE-FRANCE,"Commune simple",155.0,402.0,0.9,"48.7466272252, 2.1179056339","{""type"": ""Polygon"", ""coordinates"": [[[2.134979897435428, 48.737139276053675], [2.117747165025385, 48.74136659341176], [2.104654423752266, 48.73797705311927], [2.1010490495663, 48.747556292186864], [2.106444270657045, 48.757355945938286], [2.123268520439859, 48.75352303609486], [2.128439647637345, 48.75339898835865], [2.131088571701024, 48.74707710062115], [2.138892810800436, 48.74312203624315], [2.134979897435428, 48.737139276053675]]]}",30583,620,29,4,78,11
51395,51120,NESLE-LA-REPOSTE,MARNE,CHAMPAGNE-ARDENNE,"Commune simple",175.0,1056.0,0.1,"48.6321483145, 3.55444537036","{""type"": ""Polygon"", ""coordinates"": [[[3.579891832495664, 48.60485886515817], [3.565445764641063, 48.6035340628202], [3.563142581424567, 48.61260330942435], [3.555613749238534, 48.62028467657407], [3.541157419697252, 48.63012904242321], [3.521257921418834, 48.63365393003665], [3.518763764953577, 48.63668717979264], [3.533236461310149, 48.646508885482895], [3.539601866974872, 48.6490438194163], [3.568928683540816, 48.64821479456645], [3.57352814277982, 48.643038558910185], [3.572938438819047, 48.63132970493485], [3.570512833895668, 48.62044811487265], [3.579891832495664, 48.60485886515817]]]}",28977,395,12,2,51,21
30074,30750,CAUSSE-BEGON,GARD,LANGUEDOC-ROUSSILLON,"Commune simple",816.0,761.0,0.0,"44.0660478253, 3.35485547926","{""type"": ""Polygon"", ""coordinates"": [[[3.367642710470559, 44.0582149398335], [3.351730531929953, 44.05025696646086], [3.347875149853444, 44.05240234555488], [3.33765324786184, 44.05850953086327], [3.333038351167922, 44.07395922013289], [3.341634213114937, 44.0771638796513], [3.375470712788866, 44.075640053823335], [3.378511230609535, 44.07290247124048], [3.377004982560237, 44.066013388664466], [3.367642710470559, 44.0582149398335]]]}",32682,074,34,3,30,91
21662,21350,VELOGNY,COTE-D'OR,BOURGOGNE,"Commune simple",410.0,404.0,0.0,"47.4020910842, 4.46540583752","{""type"": ""Polygon"", ""coordinates"": [[[4.475204318062789, 47.39231897991873], [4.455868063296784, 47.39262573480576], [4.452209902636946, 47.395120451119226], [4.45179084870439, 47.405596791464475], [4.462906902210958, 47.41297543219537], [4.473463790057832, 47.412932211371135], [4.474808940570144, 47.41216787005046], [4.479070323153207, 47.40220984014837], [4.475204318062789, 47.39231897991873]]]}",32815,662,37,3,21,26
68046,68290,BOURBACH-LE-HAUT,HAUT-RHIN,ALSACE,"Commune simple",685.0,683.0,0.4,"47.7983331125, 7.03017652946","{""type"": ""Polygon"", ""coordinates"": [[[7.026351458318628, 47.77902304401859], [7.023497617799979, 47.789016316835685], [7.011351537740292, 47.799778717655194], [7.015849498415759, 47.80921311546787], [7.02900215621792, 47.81242019114975], [7.026381047600075, 47.81879156578288], [7.017672230316069, 47.822352841445664], [7.025669973354002, 47.824241100143595], [7.036744429542664, 47.80919769585762], [7.04544502455807, 47.805923525819885], [7.041873208756718, 47.80011697950417], [7.046347312939057, 47.787904335719894], [7.043393151817047, 47.781941280449416], [7.026351458318628, 47.77902304401859]]]}",24830,046,15,6,68,42
76361,76280,HEUQUEVILLE,SEINE-MARITIME,HAUTE-NORMANDIE,"Commune simple",91.0,517.0,0.7,"49.6176869296, 0.152224099853","{""type"": ""Polygon"", ""coordinates"": [[[0.171272560858399, 49.610089192592994], [0.164287592895705, 49.61428747364502], [0.142808412427349, 49.60635661010365], [0.128769468068226, 49.609964136805935], [0.143238465072641, 49.63018678391766], [0.156910636752355, 49.62553490632443], [0.171893775280636, 49.624922448958046], [0.176816932812085, 49.61545153942993], [0.171272560858399, 49.610089192592994]]]}",20616,361,12,2,76,23
44036,44110,CHATEAUBRIANT,LOIRE-ATLANTIQUE,"PAYS DE LA LOIRE",Sous-préfecture,74.0,3360.0,12.1,"47.7221583524, -1.38664809937","{""type"": ""Polygon"", ""coordinates"": [[[-1.335146413621009, 47.70790354147056], [-1.34312938038831, 47.70360480499709], [-1.358100217207448, 47.7054092166368], [-1.376712014677678, 47.70047682736548], [-1.386153771749922, 47.69237925140447], [-1.396031004075901, 47.69250382557054], [-1.400036399060244, 47.69363313476928], [-1.412294478859013, 47.7084688757607], [-1.447687043873442, 47.71277059762197], [-1.447673027221235, 47.72667208465044], [-1.433301860026615, 47.72689341311779], [-1.426806275871882, 47.736343554527046], [-1.41806524262604, 47.73986532128777], [-1.383473635658714, 47.74725178484691], [-1.357616835129258, 47.74617179568125], [-1.348864243404375, 47.74291896680633], [-1.335004502247802, 47.729452682765206], [-1.341191426320713, 47.71718016562286], [-1.335146413621009, 47.70790354147056]]]}",23587,036,08,1,44,52
40301,40180,SIEST,LANDES,AQUITAINE,"Commune simple",23.0,294.0,0.1,"43.650022681, -1.13330295872","{""type"": ""Polygon"", ""coordinates"": [[[-1.120318882567182, 43.642531243534805], [-1.124009059652389, 43.640363926531364], [-1.137635143938843, 43.64299034532699], [-1.145468487497882, 43.649908983222076], [-1.143224666008982, 43.659031979223194], [-1.140768615696749, 43.66042309544134], [-1.136180081168039, 43.66030050650411], [-1.127545484062008, 43.65294304703438], [-1.123017813202411, 43.65348437312606], [-1.119950090378141, 43.651032826794626], [-1.123468902334838, 43.64492556390511], [-1.120318882567182, 43.642531243534805]]]}",11674,301,29,1,40,72
59486,59194,RACHES,NORD,NORD-PAS-DE-CALAIS,"Commune simple",24.0,490.0,2.7,"50.4201328892, 3.13698851837","{""type"": ""Polygon"", ""coordinates"": [[[3.121558309961411, 50.404493105083496], [3.115341231742427, 50.41305432065973], [3.127633799545509, 50.41852724163512], [3.128366837053904, 50.42499891484253], [3.135011908193971, 50.42964189651785], [3.133328191675776, 50.43598140312707], [3.143176371360411, 50.43437251031676], [3.146626708638977, 50.43674733169876], [3.151895976257396, 50.426902288968144], [3.150463495021816, 50.41307040966331], [3.141969907995643, 50.41020777108534], [3.132417961681683, 50.41049666866266], [3.121558309961411, 50.404493105083496]]]}",23847,486,77,3,59,31
14242,14610,EPRON,CALVADOS,BASSE-NORMANDIE,"Commune simple",52.0,158.0,1.6,"49.2200299835, -0.364587830546","{""type"": ""Polygon"", ""coordinates"": [[[-0.359927591028821, 49.21279121620787], [-0.372721182785141, 49.21541213029957], [-0.376134968302191, 49.218888838266565], [-0.37342039054114, 49.22507470703947], [-0.368763261510156, 49.22613182487535], [-0.351207849386091, 49.22384095271646], [-0.359927591028821, 49.21279121620787]]]}",7281,242,40,2,14,25
67486,67920,SUNDHOUSE,BAS-RHIN,ALSACE,"Commune simple",166.0,1590.0,1.5,"48.2550723499, 7.63031906582","{""type"": ""Polygon"", ""coordinates"": [[[7.594939251325704, 48.23228567615893], [7.588855304886924, 48.23476653402034], [7.585419823389836, 48.23699100376812], [7.590099868944651, 48.24688554386628], [7.587150338312436, 48.249740049491464], [7.610075838633886, 48.267909618253555], [7.639017955776632, 48.27295056333101], [7.653630657535059, 48.27055524283416], [7.667082532447679, 48.27396336352798], [7.66936576871601, 48.263931552941195], [7.680905357582683, 48.25767924208412], [7.679568700137115, 48.25418093504633], [7.67041855598691, 48.25236190967315], [7.662041614338972, 48.2441753120173], [7.645456370280476, 48.23758231255902], [7.628224805509612, 48.244009432135904], [7.618325878993045, 48.2443789814865], [7.594939251325704, 48.23228567615893]], [[7.659757252394632, 48.24443673498479], [7.660072439961209, 48.24738967792665], [7.65856761798622, 48.24899032637762], [7.658392324285986, 48.24990758309414], [7.658553818054413, 48.25020766410302], [7.660591717641526, 48.25219129807896], [7.661357300568168, 48.25352208834297], [7.634106847591275, 48.25902891423484], [7.633356202849765, 48.25694029319261], [7.63123176472811, 48.25718584853573], [7.630266056949821, 48.255105643572435], [7.627724650992854, 48.25567392793035], [7.626731457684617, 48.25343254054359], [7.626307374978824, 48.25352125777064], [7.625923758813625, 48.25314872334047], [7.626712931044126, 48.25153151245412], [7.624750844380309, 48.249012605292734], [7.629541251262023, 48.24716649492044], [7.630403354712761, 48.248070056872706], [7.636493925241441, 48.246893715150286], [7.637925678333275, 48.249054727226984], [7.646353545230314, 48.24576709450365], [7.648307747756909, 48.24772717509332], [7.656868836937954, 48.24565030708101], [7.659757252394632, 48.24443673498479]]]}",3920,486,12,5,67,42
68049,68480,BOUXWILLER,HAUT-RHIN,ALSACE,"Commune simple",448.0,637.0,0.5,"47.5041559244, 7.34056015721","{""type"": ""Polygon"", ""coordinates"": [[[7.32569881777278, 47.49149578643197], [7.320609632919278, 47.50176370998661], [7.322784962153265, 47.51221255522965], [7.34450143569837, 47.51893191690118], [7.351702870081204, 47.50833156332928], [7.360215871788045, 47.50846380906676], [7.364494156530195, 47.49405021550691], [7.357589089359157, 47.494849865092796], [7.338210445095562, 47.49569997799896], [7.32569881777278, 47.49149578643197]]]}",23598,049,07,1,68,42
06136,06380,SOSPEL,ALPES-MARITIMES,"PROVENCE-ALPES-COTE D'AZUR","Chef-lieu canton",719.0,6245.0,3.5,"43.8844607415, 7.44794904955","{""type"": ""Polygon"", ""coordinates"": [[[7.47913767347087, 43.84728704248003], [7.471004496262319, 43.85014477789165], [7.453459089744262, 43.84668084042817], [7.447868248187849, 43.841420002656164], [7.439295431765236, 43.84263482639692], [7.427935636916356, 43.84790101942938], [7.410054127682375, 43.84712981043377], [7.408358987944408, 43.853723906931606], [7.407597919829469, 43.864191961102335], [7.393972316337577, 43.88202924576118], [7.399274756907297, 43.909585585699055], [7.405011434427033, 43.90444180657169], [7.413776065195806, 43.91991531488304], [7.433125615884374, 43.929649977865466], [7.442590628647219, 43.930112420543686], [7.450393146869403, 43.934040078311426], [7.462566554678419, 43.9155513024015], [7.490667246342613, 43.913740399540025], [7.49295409670257, 43.896871209341064], [7.504114781688881, 43.8816099775059], [7.501363863160949, 43.87501721753291], [7.495297940377429, 43.860656077879575], [7.496644361537308, 43.85086569920114], [7.47913767347087, 43.84728704248003]]]}",10173,136,26,2,06,93
78503,78270,PORT-VILLEZ,YVELINES,ILE-DE-FRANCE,"Commune simple",94.0,535.0,0.2,"49.0579600659, 1.51633686428","{""type"": ""Polygon"", ""coordinates"": [[[1.518853299919206, 49.04113477149731], [1.503031083509276, 49.04949117111816], [1.503287581685151, 49.059099070507486], [1.512821875232884, 49.07785101561992], [1.510255111853051, 49.08428513632119], [1.516567561351379, 49.07994769327512], [1.521347391405011, 49.068351721386], [1.53316530291559, 49.047803509652205], [1.53174838332853, 49.04662607898311], [1.518853299919206, 49.04113477149731]]]}",28718,503,02,1,78,11
39457,39140,"LES REPOTS",JURA,FRANCHE-COMTE,"Commune simple",213.0,404.0,0.0,"46.6851813053, 5.413825352","{""type"": ""Polygon"", ""coordinates"": [[[5.422089954439315, 46.67303150187169], [5.395359314315539, 46.68505154004582], [5.408348938465717, 46.6984361955176], [5.415996611415943, 46.69110475030091], [5.432034921689988, 46.68703636256545], [5.422089954439315, 46.67303150187169]]]}",34245,457,04,2,39,43
34238,34190,SAINT-ANDRE-DE-BUEGES,HERAULT,LANGUEDOC-ROUSSILLON,"Commune simple",366.0,1534.0,0.1,"43.8538870813, 3.64957493521","{""type"": ""Polygon"", ""coordinates"": [[[3.672400716190445, 43.84152440968972], [3.664275263239255, 43.84098922900955], [3.663096499147408, 43.834768845951444], [3.655620926289145, 43.83118730661121], [3.642654485897322, 43.8333613120518], [3.637324231522019, 43.84255390601226], [3.610922914292751, 43.854962084744976], [3.657891493545923, 43.877250775361844], [3.670041929201352, 43.867286361535974], [3.675924443579208, 43.854560799538184], [3.672400716190445, 43.84152440968972]]]}",11828,238,32,2,34,91
24062,24320,BOUTEILLES-SAINT-SEBASTIEN,DORDOGNE,AQUITAINE,"Commune simple",108.0,1405.0,0.2,"45.3484141889, 0.289312148374","{""type"": ""Polygon"", ""coordinates"": [[[0.302463533540498, 45.32974768857524], [0.28695482936663, 45.33660758566801], [0.27395306353892, 45.333417510779235], [0.264905453909648, 45.334530203624915], [0.264588182910646, 45.334747695119745], [0.256966172106263, 45.35306744250514], [0.282097480587558, 45.369636797155486], [0.295141555251976, 45.359519316688264], [0.300066977647752, 45.35941295787582], [0.311384996683512, 45.3661272582438], [0.315089421351312, 45.35080958431627], [0.324421823938524, 45.34406858245628], [0.312785337973565, 45.334221558565055], [0.303598257363614, 45.33295545574375], [0.302463533540498, 45.32974768857524]]]}",11960,062,44,3,24,72
89172,89100,FONTAINE-LA-GAILLARDE,YONNE,BOURGOGNE,"Commune simple",179.0,1050.0,0.5,"48.2246784203, 3.4008490535","{""type"": ""Polygon"", ""coordinates"": [[[3.372684014831704, 48.210708409998816], [3.368304951579787, 48.21980104221989], [3.377205466177671, 48.227403157650215], [3.37582356232972, 48.233796016206995], [3.405307989245055, 48.23766661822129], [3.434841149271001, 48.23384555688148], [3.434683434340923, 48.222877729111644], [3.423324809152127, 48.22028257946856], [3.412166595989403, 48.213897505930454], [3.372684014831704, 48.210708409998816]]]}",26890,172,29,3,89,26
40131,40240,LABASTIDE-D'ARMAGNAC,LANDES,AQUITAINE,"Commune simple",105.0,3199.0,0.7,"43.9476376722, -0.17524551528","{""type"": ""Polygon"", ""coordinates"": [[[-0.209669034941333, 43.91173439828054], [-0.208188398534345, 43.928386684302986], [-0.212146990082325, 43.93450315309892], [-0.220274882844063, 43.937839586234404], [-0.222886977944093, 43.95097597820839], [-0.209908939473282, 43.96050933578775], [-0.21351979143692, 43.970590318478386], [-0.211672084647733, 43.97741807160484], [-0.188786291000678, 43.978799788941316], [-0.187958295282096, 43.97314044936469], [-0.174760472833704, 43.97421820517103], [-0.165575897381089, 43.962676485255926], [-0.153037750897983, 43.95895890624257], [-0.146761904298733, 43.95097965918957], [-0.115843564940585, 43.95097424054774], [-0.098568475501146, 43.94255810681686], [-0.095510129052655, 43.93076525456381], [-0.102561042106893, 43.9272777944179], [-0.125395177615424, 43.9435050437414], [-0.135133336825289, 43.93629981863907], [-0.148757601115567, 43.93925837110583], [-0.157376185158167, 43.93147989938974], [-0.166098318539388, 43.92920084449231], [-0.177077347133198, 43.93568213482068], [-0.200575131890568, 43.914640402831665], [-0.209669034941333, 43.91173439828054]]]}",9219,131,19,2,40,72
15063,15140,DRUGEAC,CANTAL,AUVERGNE,"Commune simple",714.0,1827.0,0.4,"45.1625110675, 2.38866153977","{""type"": ""Polygon"", ""coordinates"": [[[2.408384647532636, 45.13397623828168], [2.387412122980253, 45.14282236019218], [2.368726073663192, 45.1458066984876], [2.364864059407318, 45.15198880094524], [2.367159640175168, 45.16839886224594], [2.351854991579718, 45.17644205635284], [2.347111500900227, 45.176000211196296], [2.351933901023037, 45.181710121686024], [2.369887459580438, 45.18611701630241], [2.379082493756062, 45.183674296427306], [2.38505153098997, 45.17812458456006], [2.408336326331015, 45.17819638690224], [2.422917731115779, 45.169178283530734], [2.414906426425259, 45.15746691770417], [2.41538212273273, 45.144845322570916], [2.405346927721714, 45.1397048433439], [2.408384647532636, 45.13397623828168]]]}",28288,063,09,2,15,83
70264,70110,GEORFANS,HAUTE-SAONE,FRANCHE-COMTE,"Commune simple",312.0,300.0,0.1,"47.5338346388, 6.51269421338","{""type"": ""Polygon"", ""coordinates"": [[[6.525205767241475, 47.52588997931624], [6.501400238282937, 47.530049816254646], [6.494801894407845, 47.53514050345112], [6.493845712210032, 47.53557463945058], [6.500808297509751, 47.54051053909513], [6.513650789715355, 47.54053850548525], [6.526419050644723, 47.53681897236102], [6.528701612191628, 47.52806379655869], [6.525205767241475, 47.52588997931624]]]}",24258,264,27,1,70,43
30351,30400,VILLENEUVE-LES-AVIGNON,GARD,LANGUEDOC-ROUSSILLON,"Chef-lieu canton",56.0,1819.0,12.5,"43.9771673582, 4.79466040665","{""type"": ""Polygon"", ""coordinates"": [[[4.791968782397307, 43.95227144072291], [4.77574844345255, 43.95878356724544], [4.773298210288479, 43.96534978591072], [4.744982535881339, 43.9645722211687], [4.738661891691028, 43.97636645923779], [4.766479928948365, 43.97699176388754], [4.801135322013612, 43.99434964944993], [4.844381472339942, 44.002838244394006], [4.845553900676585, 43.99667885395471], [4.844453729561246, 43.9896575930257], [4.837626617239239, 43.98519937644249], [4.813902610986466, 43.988413205055764], [4.810132032898055, 43.97843824769513], [4.814513414182023, 43.96490742305674], [4.791968782397307, 43.95227144072291]]]}",10556,351,40,2,30,91
70320,70500,MAGNY-LES-JUSSEY,HAUTE-SAONE,FRANCHE-COMTE,"Commune simple",263.0,936.0,0.1,"47.8564985248, 5.97815362476","{""type"": ""Polygon"", ""coordinates"": [[[5.995274535320465, 47.84854577119164], [5.974136562664746, 47.8416536218169], [5.959674266928096, 47.84236185997686], [5.94541104950675, 47.85149311304193], [5.945622283891415, 47.85482009222435], [5.971079181715687, 47.86521052602288], [5.976940209733737, 47.870681801244196], [6.006386371537294, 47.870885467176265], [6.009137619074368, 47.8648707154009], [5.999746934068326, 47.8580863037525], [5.998965056053866, 47.85158566985435], [5.995274535320465, 47.84854577119164]]]}",23608,320,12,2,70,43
14754,14640,VILLERS-SUR-MER,CALVADOS,BASSE-NORMANDIE,"Commune simple",71.0,896.0,2.7,"49.3110756382, 0.00599012303306","{""type"": ""Polygon"", ""coordinates"": [[[0.017238033259056, 49.292142767478346], [0.012680916756065, 49.29079760199274], [0.000820663485785, 49.301298424613876], [-0.008779868205569, 49.300096906627005], [-0.01274063909199, 49.302202085629816], [-0.01197103263864, 49.30881523715517], [-0.020363439572382, 49.305052168903075], [-0.013498127243605, 49.321065312960854], [0.014294720529241, 49.33256839761319], [0.023475849185017, 49.30704080072652], [0.032764204774515, 49.304372896805404], [0.017238033259056, 49.292142767478346]]]}",23728,754,35,3,14,25
46184,46250,MARMINIAC,LOT,MIDI-PYRENEES,"Commune simple",271.0,2289.0,0.4,"44.6622898108, 1.18403946197","{""type"": ""Polygon"", ""coordinates"": [[[1.156737769855256, 44.624587974627566], [1.150893238594065, 44.63285610502521], [1.153116456535958, 44.63967411910822], [1.146515653335412, 44.65284630027], [1.149825085164024, 44.65502693534841], [1.14673271728229, 44.670797348840445], [1.16106115911477, 44.672963553130245], [1.166973616946891, 44.67859086850732], [1.180560800468202, 44.68268735067933], [1.22455005545425, 44.68426634892959], [1.222545032471533, 44.66340544565985], [1.215185365723222, 44.65116618040893], [1.201567477044692, 44.650567369919244], [1.184971282898918, 44.644136784833094], [1.175980545861259, 44.64443910966263], [1.163975743350867, 44.640071083019855], [1.163773193100401, 44.63351201255361], [1.155410910188059, 44.6308423853942], [1.156737769855256, 44.624587974627566]]]}",10796,184,07,1,46,73
46012,46120,AYNAC,LOT,MIDI-PYRENEES,"Commune simple",424.0,2160.0,0.6,"44.7879676429, 1.85677368836","{""type"": ""Polygon"", ""coordinates"": [[[1.878368894684629, 44.75967718941615], [1.871863870865503, 44.76140295328115], [1.866742943174087, 44.767176298378644], [1.853190129233799, 44.770449427542026], [1.847255837629833, 44.77568226066059], [1.835923594104653, 44.76130138831131], [1.826782716731904, 44.76571603539307], [1.823208374873057, 44.77224212563726], [1.814838406319977, 44.775934680488064], [1.818660211052886, 44.77814547001349], [1.83090071756666, 44.782246051466764], [1.83372622033087, 44.79535882375385], [1.829238538790295, 44.79650008368134], [1.840510247175495, 44.80794575771693], [1.851818875396743, 44.818427215196486], [1.875081926047255, 44.808400826920554], [1.884047585231368, 44.810418277276305], [1.88416305405077, 44.80969910939589], [1.886093875396944, 44.802902409377886], [1.880051324120986, 44.790064757832056], [1.8806637409687, 44.78661338333312], [1.888645353731, 44.78259684031147], [1.878368894684629, 44.75967718941615]]]}",2215,012,13,2,46,73
22121,22290,LANVOLLON,COTES-D'ARMOR,BRETAGNE,"Chef-lieu canton",80.0,504.0,1.8,"48.6334353937, -2.98974658224","{""type"": ""Polygon"", ""coordinates"": [[[-2.99386551374054, 48.61976688586824], [-2.998581692926961, 48.62031381661234], [-2.99972610340136, 48.62660687849862], [-3.009040921984981, 48.627020493455326], [-3.01186164507236, 48.633084407504604], [-2.994501890977473, 48.640257465072544], [-2.986121115450129, 48.64884342628686], [-2.977435037492989, 48.6449142611072], [-2.971305740794294, 48.62785730455214], [-2.98654733942814, 48.62477243166803], [-2.99386551374054, 48.61976688586824]]]}",2342,121,20,4,22,53
63219,63230,MAZAYE,PUY-DE-DOME,AUVERGNE,"Commune simple",796.0,2188.0,0.7,"45.7848850923, 2.87412730178","{""type"": ""Polygon"", ""coordinates"": [[[2.881351862478319, 45.775419286431664], [2.867509913967632, 45.77348583865925], [2.866341089025887, 45.75662728656778], [2.842579822883276, 45.752490395195785], [2.826321667100594, 45.76036383508851], [2.832240653610313, 45.76849521901874], [2.852393907170412, 45.776789888579486], [2.849209835861125, 45.79765006359009], [2.872227275480685, 45.80357668148509], [2.875037445820706, 45.81345822032493], [2.898946178190177, 45.80897068606562], [2.915079729481125, 45.8009605986606], [2.929566553972571, 45.7986112810112], [2.9076524216118, 45.784790961855265], [2.881351862478319, 45.775419286431664]]]}",844,219,35,2,63,83
34103,34320,FONTES,HERAULT,LANGUEDOC-ROUSSILLON,"Commune simple",99.0,1772.0,0.9,"43.5419967541, 3.39026556007","{""type"": ""Polygon"", ""coordinates"": [[[3.384923993070117, 43.520357893785324], [3.372555145335175, 43.529137410124534], [3.360463703639656, 43.53148155248825], [3.350869637531475, 43.54804112399291], [3.377868397771867, 43.554842541715225], [3.384494656110636, 43.559668918083304], [3.397143637440997, 43.56208870684178], [3.40866944841279, 43.55779911599005], [3.410521171636784, 43.56068932716372], [3.419247860589028, 43.561231824364036], [3.421317126659731, 43.5515245170877], [3.425802756751435, 43.550859199328265], [3.419670454405235, 43.54625839208303], [3.412733899339167, 43.53115139961468], [3.41520263931626, 43.525392700923796], [3.384923993070117, 43.520357893785324]]]}",5747,103,21,1,34,91
89059,89400,BUSSY-EN-OTHE,YONNE,BOURGOGNE,"Commune simple",209.0,5732.0,0.8,"48.0413773601, 3.50603239143","{""type"": ""Polygon"", ""coordinates"": [[[3.515314806287698, 47.992682703021266], [3.497029846001128, 48.012919745256525], [3.485230854927972, 48.019169426150384], [3.461240646169934, 48.01377639575728], [3.45688416689767, 48.01562022203383], [3.453644159200411, 48.025702790928925], [3.459026189906477, 48.04921442767148], [3.4632632378558, 48.047218059393366], [3.467588134139963, 48.049126749433256], [3.471109830068513, 48.05877759348364], [3.463080302323605, 48.06312891256749], [3.454325488874344, 48.07541944592218], [3.464812630238556, 48.08306352034298], [3.483371877703609, 48.08886505605976], [3.52360718595039, 48.087019390625734], [3.536012008565101, 48.081195375333806], [3.542838473248578, 48.08030923479533], [3.529053117607297, 48.05945847822353], [3.529664388408171, 48.056153106590564], [3.54443154727848, 48.04719473592547], [3.535871508392449, 48.04345439740106], [3.53556817371724, 48.040000132725524], [3.544405215463043, 48.03158142742694], [3.546177686916642, 48.02131416203697], [3.56860534197748, 48.01372958171128], [3.559111747373173, 47.9948855212084], [3.515314806287698, 47.992682703021266]]]}",10153,059,07,1,89,26
57694,57070,VANY,MOSELLE,LORRAINE,"Commune simple",214.0,305.0,0.3,"49.1526090428, 6.24135072121","{""type"": ""Polygon"", ""coordinates"": [[[6.249428769168599, 49.14215537971867], [6.243468269452951, 49.14465581936686], [6.240095152693434, 49.146645366142494], [6.231587009386041, 49.144606651058524], [6.22796169889272, 49.14915812205905], [6.224435735563832, 49.14804691391845], [6.233144989324937, 49.159231910352176], [6.247885573913061, 49.16412589561266], [6.252862768451815, 49.155335140519604], [6.248708185305479, 49.149688474522776], [6.256699021240753, 49.14631399624971], [6.249428769168599, 49.14215537971867]]]}",10273,694,20,4,57,41
52482,52150,SOULAUCOURT-SUR-MOUZON,HAUTE-MARNE,CHAMPAGNE-ARDENNE,"Commune simple",361.0,929.0,0.1,"48.1954396501, 5.69449914292","{""type"": ""Polygon"", ""coordinates"": [[[5.682285929255693, 48.175483669154204], [5.674005276902373, 48.18048830809925], [5.674551907676132, 48.18622895592216], [5.664567365193594, 48.19673630123685], [5.668817381981915, 48.2016910226201], [5.684110945754335, 48.21032041820965], [5.709854946874322, 48.20146755258513], [5.72450993006472, 48.20307499799545], [5.730055151252329, 48.198319221841786], [5.730982683815125, 48.18969958329601], [5.699770181434783, 48.18967029656943], [5.68017300702012, 48.17867380669826], [5.682285929255693, 48.175483669154204]]]}",19050,482,05,1,52,21
47033,47290,BOUDY-DE-BEAUREGARD,LOT-ET-GARONNE,AQUITAINE,"Commune simple",112.0,1018.0,0.4,"44.5438485414, 0.67747020369","{""type"": ""Polygon"", ""coordinates"": [[[0.675501025686387, 44.52485758594236], [0.662779872938409, 44.533216822388376], [0.667827878542397, 44.5390335582672], [0.652880774272944, 44.55629703734897], [0.653173467224297, 44.56652548402924], [0.662292264090682, 44.56445831360297], [0.676560020062381, 44.55541993892301], [0.691051649314586, 44.55495843426941], [0.701903115289477, 44.53964023086632], [0.696813071346918, 44.53384226137056], [0.698674475224411, 44.52740570718157], [0.675501025686387, 44.52485758594236]]]}",19108,033,06,3,47,72
61105,61360,CHEMILLI,ORNE,BASSE-NORMANDIE,"Commune simple",110.0,1100.0,0.2,"48.3600549663, 0.451929656823","{""type"": ""Polygon"", ""coordinates"": [[[0.461222110952003, 48.34020232499272], [0.458859079751761, 48.34020564219253], [0.426262373542772, 48.35157290060541], [0.440704668438897, 48.38006080311037], [0.453938716434927, 48.3832983667514], [0.460789955789416, 48.378260569033515], [0.465080271795677, 48.36494028598113], [0.473336522367288, 48.36094899671759], [0.47842660126213, 48.35169591114218], [0.461222110952003, 48.34020232499272]]]}",34533,105,06,3,61,25
03118,03800,GANNAT,ALLIER,AUVERGNE,"Chef-lieu canton",405.0,3673.0,5.9,"46.0984192073, 3.17790823629","{""type"": ""Polygon"", ""coordinates"": [[[3.214510883187352, 46.074944519309014], [3.206066205166378, 46.07264590338165], [3.17945499092394, 46.07345653576114], [3.175500554633806, 46.07493052446807], [3.176580992451696, 46.085014361537695], [3.170136158221802, 46.08913945490027], [3.118319294748068, 46.078579515487874], [3.113058794610972, 46.08144844032403], [3.109086100555639, 46.0944644177293], [3.120254559422818, 46.09963995840104], [3.115898698749521, 46.10882948734739], [3.121283892710844, 46.11440689827051], [3.148384848687931, 46.10989927775056], [3.166579586166727, 46.119842468966425], [3.190286112414257, 46.118787661724305], [3.205988340024093, 46.12436131741748], [3.229549238564051, 46.125351701081144], [3.231971114593136, 46.12231212185586], [3.223390245241962, 46.11397276134429], [3.227788572252527, 46.100528672417916], [3.233288808794586, 46.091080331547516], [3.232379661370617, 46.084211430415195], [3.231266388174117, 46.08105297156794], [3.213552801980732, 46.07811606363075], [3.214510883187352, 46.074944519309014]]]}",2862,118,11,3,03,83
46247,46260,SAILLAC,LOT,MIDI-PYRENEES,"Commune simple",339.0,1639.0,0.1,"44.3295466737, 1.74148864793","{""type"": ""Polygon"", ""coordinates"": [[[1.783345369249784, 44.3279445045816], [1.788152142209684, 44.32192087670827], [1.782668443666979, 44.31625176735092], [1.773482129915078, 44.31429518373359], [1.759608440986076, 44.323169106000904], [1.740953905220995, 44.326297101189965], [1.733115254626003, 44.317897702843666], [1.710997293563279, 44.31176198636246], [1.702320828958076, 44.3145047615265], [1.701428228353778, 44.32446014538355], [1.712911367198672, 44.329069439008975], [1.71262113604597, 44.33246004762693], [1.698029538694827, 44.345756392603086], [1.755991468464838, 44.3399811036208], [1.763251749851438, 44.344708312718154], [1.782097311278371, 44.33466459453899], [1.783345369249784, 44.3279445045816]]]}",2982,247,17,1,46,73
34022,34670,BAILLARGUES,HERAULT,LANGUEDOC-ROUSSILLON,"Commune simple",27.0,769.0,6.1,"43.6581051757, 4.01030491176","{""type"": ""Polygon"", ""coordinates"": [[[4.013484424597013, 43.63925931770724], [4.007273498738027, 43.64330342889953], [3.98614019978632, 43.65447549940487], [3.99317037590222, 43.656076278850534], [3.990493568044144, 43.6618328683342], [3.995972952214646, 43.66757802383924], [4.013837939982415, 43.673271199560794], [4.022772936819088, 43.67166675591772], [4.025083673626877, 43.665003880517574], [4.034639155306706, 43.65734542603671], [4.030166724448302, 43.658143779074486], [4.025830259303684, 43.649231036563606], [4.013652145500327, 43.64594374453168], [4.013484424597013, 43.63925931770724]]]}",34792,022,07,3,34,91
33093,33550,CAPIAN,GIRONDE,AQUITAINE,"Commune simple",78.0,1827.0,0.6,"44.716585777, -0.327839975905","{""type"": ""Polygon"", ""coordinates"": [[[-0.324425557369778, 44.6905279990334], [-0.325392789415985, 44.693643710739494], [-0.333684930379864, 44.69586314153327], [-0.355099134449186, 44.69206198278262], [-0.356851495865954, 44.69729827950993], [-0.343558599775033, 44.71810163411466], [-0.347950273737663, 44.723303413807756], [-0.351918000176511, 44.72158837701197], [-0.345326609030963, 44.7431620283931], [-0.335998092764417, 44.7442724815726], [-0.315770254877362, 44.73509414072287], [-0.311138145756039, 44.73607979446788], [-0.300185400749733, 44.72544061203462], [-0.299152943116868, 44.71236067645404], [-0.316468078961751, 44.69332590089372], [-0.324425557369778, 44.6905279990334]]]}",10559,093,17,3,33,72
79240,79370,SAINTE-BLANDINE,DEUX-SEVRES,POITOU-CHARENTES,"Commune simple",79.0,1619.0,0.7,"46.2464579587, -0.277039232299","{""type"": ""Polygon"", ""coordinates"": [[[-0.262541176767815, 46.21949749697875], [-0.268133586516834, 46.22531218992636], [-0.289526436402079, 46.23384311333481], [-0.309600794952536, 46.23591941611352], [-0.311779129334457, 46.24251640948042], [-0.306327877925556, 46.25485115735295], [-0.301724935298147, 46.25608438414846], [-0.291688228877023, 46.25749278708819], [-0.287837534641304, 46.26628326296451], [-0.275233807344175, 46.27195511621815], [-0.264105661406681, 46.26514597035861], [-0.245496965620699, 46.26075748307309], [-0.25834219013612, 46.25018824514292], [-0.26033200523144, 46.2434619985921], [-0.258540506565629, 46.24020575772576], [-0.245534818347395, 46.23575598209132], [-0.246658359877297, 46.23236227830888], [-0.262541176767815, 46.21949749697875]]]}",1969,240,06,2,79,54
52431,52210,ROCHETAILLEE,HAUTE-MARNE,CHAMPAGNE-ARDENNE,"Commune simple",404.0,2819.0,0.1,"47.848841047, 5.11949041982","{""type"": ""Polygon"", ""coordinates"": [[[5.115105547989045, 47.81076676287904], [5.109955817194458, 47.81672976375606], [5.111291988732667, 47.82344917521826], [5.102669918252674, 47.83158101852361], [5.102978946471023, 47.84175808378565], [5.090833251229345, 47.84746717053915], [5.081598952336524, 47.84458839795821], [5.072099894948749, 47.85101373676321], [5.074840364331769, 47.85748346977565], [5.070532838447341, 47.86743582686334], [5.074163451287985, 47.86995553907541], [5.108922765690182, 47.87628622817839], [5.111124057544576, 47.8730865867642], [5.130516025598179, 47.868144495735756], [5.156455289508277, 47.868354823918466], [5.161384540420032, 47.867498845213994], [5.165667553977864, 47.85768735103345], [5.159076766227305, 47.85285705554184], [5.14030886067296, 47.84785312101158], [5.140774380875312, 47.84446840317484], [5.155916837185268, 47.84420900041607], [5.164809018292488, 47.84088500758588], [5.15962972104234, 47.840791441328825], [5.15469152638533, 47.83114065902747], [5.141685344466812, 47.82558981992259], [5.132851136000657, 47.816999618819594], [5.115105547989045, 47.81076676287904]]]}",10508,431,03,2,52,21
25604,25110,VERNE,DOUBS,FRANCHE-COMTE,"Commune simple",408.0,774.0,0.1,"47.3971039015, 6.35183309634","{""type"": ""Polygon"", ""coordinates"": [[[6.310970328124889, 47.385145811092656], [6.332597434634062, 47.39820482480332], [6.341998045168041, 47.409783128578994], [6.349094463950526, 47.41247113401788], [6.360145440050276, 47.406241605650905], [6.378834619995195, 47.40396088311136], [6.378006282136762, 47.3965064480414], [6.37096646096742, 47.38500652785665], [6.337831492752286, 47.39169351019479], [6.325844378604241, 47.38625273846309], [6.310970328124889, 47.385145811092656]]]}",32795,604,04,1,25,43
32163,32160,JU-BELLOC,GERS,MIDI-PYRENEES,"Commune simple",146.0,1021.0,0.3,"43.5761092184, 0.0137806680297","{""type"": ""Polygon"", ""coordinates"": [[[0.03610502652433, 43.56690972910879], [0.034607917391256, 43.55754095292309], [0.022178451341318, 43.561108256458716], [0.0094600820661, 43.55783230452787], [-0.001665770486593, 43.56532252757134], [-0.006586235963232, 43.59282872267197], [0.006403246655751, 43.59507844959387], [0.017751843743792, 43.59030343428672], [0.022031428446591, 43.59138431334784], [0.028205215911662, 43.59201265382517], [0.029529567603062, 43.57672423275279], [0.028713914394633, 43.57382067702968], [0.03610502652433, 43.56690972910879]]]}",30177,163,23,3,32,73
87178,87480,SAINT-PRIEST-TAURION,HAUTE-VIENNE,LIMOUSIN,"Commune simple",318.0,2712.0,2.7,"45.8976553193, 1.3966265023","{""type"": ""Polygon"", ""coordinates"": [[[1.354931189464593, 45.87357008062447], [1.357631394454341, 45.88638109278385], [1.350117058747094, 45.890531937860835], [1.361201111563287, 45.89688986511331], [1.364224212474743, 45.90325645342617], [1.361068154421327, 45.90960563308812], [1.35265452664355, 45.91309516004373], [1.350501375781822, 45.91950370805051], [1.364915769248936, 45.91865016739806], [1.376708070113905, 45.924872594874195], [1.391874183941915, 45.91686598699981], [1.404337903226795, 45.92138375321978], [1.418565726613726, 45.91936788850305], [1.415940728061373, 45.910126273084], [1.426838640318715, 45.898992966396364], [1.439711045210857, 45.896775535568196], [1.446518471956593, 45.9051373857956], [1.45103145985562, 45.903848288752215], [1.456927828805365, 45.890923300271744], [1.457406200212817, 45.88903843287635], [1.439715468599389, 45.88021230705834], [1.421628375905717, 45.879123582446255], [1.415344367939728, 45.8846468609272], [1.395120146985856, 45.88428050132231], [1.388778951415021, 45.8788492703099], [1.374994051646427, 45.87446376585469], [1.354931189464593, 45.87357008062447]]]}",1169,178,02,2,87,74
70401,70360,OVANCHES,HAUTE-SAONE,FRANCHE-COMTE,"Commune simple",219.0,677.0,0.1,"47.6291922295, 5.95640814876","{""type"": ""Polygon"", ""coordinates"": [[[5.939200447656522, 47.61540181150588], [5.943161362525973, 47.63553238874487], [5.947732903743868, 47.6367501498973], [5.952557443754915, 47.64590574090401], [5.957365873910198, 47.646567715207716], [5.970871828652722, 47.63849665529427], [5.972869308910584, 47.62866380257336], [5.966620493078857, 47.61668977002185], [5.939200447656522, 47.61540181150588]]]}",25666,401,24,2,70,43
57349,57590,JALLAUCOURT,MOSELLE,LORRAINE,"Commune simple",264.0,845.0,0.2,"48.8346271223, 6.39461777056","{""type"": ""Polygon"", ""coordinates"": [[[6.382246810586863, 48.820733598220706], [6.374904634049627, 48.82671125650643], [6.369796132661845, 48.83436274305067], [6.380468638094569, 48.844386238395565], [6.381823511670192, 48.85054998254494], [6.392326698644227, 48.851395671144104], [6.41323583719457, 48.84263612499911], [6.413001055856807, 48.836971723811374], [6.419924465581627, 48.83317312621755], [6.420707316586024, 48.82723649892066], [6.40209204875842, 48.82131351874298], [6.382246810586863, 48.820733598220706]]]}",25774,349,07,2,57,41
42035,42130,CEZAY,LOIRE,RHONE-ALPES,"Commune simple",600.0,1043.0,0.2,"45.8025245236, 3.96521124284","{""type"": ""Polygon"", ""coordinates"": [[[3.986592465164315, 45.79481714736296], [3.969924933187743, 45.788468576988805], [3.962872770245851, 45.77972151848522], [3.949324707573417, 45.78073686059999], [3.941523816157261, 45.784440451788235], [3.95813705308068, 45.800537657369546], [3.943877417942554, 45.814463290759434], [3.973784060478898, 45.83140101791773], [3.970223948835522, 45.82528083567989], [3.977493920914679, 45.810286865090546], [3.992519333550706, 45.80368074510223], [3.986592465164315, 45.79481714736296]]]}",11643,035,02,1,42,82
33364,33141,SAILLANS,GIRONDE,AQUITAINE,"Commune simple",25.0,620.0,0.4,"44.9570462832, -0.271169418164","{""type"": ""Polygon"", ""coordinates"": [[[-0.251199404387012, 44.95211858373602], [-0.247689124252667, 44.944102095728056], [-0.251238943313181, 44.93858254154061], [-0.255489044328796, 44.93901679534512], [-0.269318490540394, 44.951199566117815], [-0.28224432700924, 44.952837123929676], [-0.294816788474148, 44.955141516383804], [-0.290221478681175, 44.96852450991145], [-0.281401187360958, 44.971380507170124], [-0.26997761655616, 44.967932307423034], [-0.262024199103132, 44.96912117227083], [-0.262002658140052, 44.958722715994845], [-0.251199404387012, 44.95211858373602]]]}",29353,364,24,5,33,72
85119,85130,"LES LANDES-GENUSSON",VENDEE,"PAYS DE LA LOIRE","Commune simple",96.0,3127.0,2.3,"46.9663828627, -1.12900644447","{""type"": ""Polygon"", ""coordinates"": [[[-1.161240532878042, 46.93397952309756], [-1.166455086945455, 46.93947114929113], [-1.168495190382534, 46.952605928035446], [-1.164379147629948, 46.95882258446179], [-1.151083260248581, 46.96144815162822], [-1.148775179705687, 46.96448850403407], [-1.15440618089222, 46.969722260956374], [-1.164040406345784, 46.97099744524384], [-1.172056313395421, 46.9787678899405], [-1.166003022613662, 46.98431527996433], [-1.146566361390334, 46.988036362881445], [-1.126333218968615, 47.00308827537311], [-1.116577851805924, 47.00512284340993], [-1.107141342799573, 46.989709054844035], [-1.097653318908049, 46.982049850552514], [-1.099910652181184, 46.975171823549545], [-1.078744457520718, 46.95983909601154], [-1.088495144984707, 46.95957467947769], [-1.095409664651235, 46.95490245447091], [-1.096058493790824, 46.948352054882385], [-1.112809421562592, 46.9363052099593], [-1.136163121174959, 46.940472744265364], [-1.155228423631236, 46.938984115203496], [-1.161240532878042, 46.93397952309756]]]}",20472,119,15,2,85,52
39498,39700,SALANS,JURA,FRANCHE-COMTE,"Commune simple",250.0,659.0,0.6,"47.1599346715, 5.79436100645","{""type"": ""Polygon"", ""coordinates"": [[[5.813662664929549, 47.149893201810144], [5.804777737210387, 47.14689285885492], [5.791050133370078, 47.150810255693116], [5.771311129720263, 47.151122582499525], [5.77668205707963, 47.15617368974547], [5.768756778971762, 47.15666087455939], [5.768098105260815, 47.159775534308885], [5.780659877238085, 47.164663246124654], [5.785099543161553, 47.170565138944355], [5.793167345151289, 47.17456867912767], [5.811467446057152, 47.16905381606457], [5.813662664929549, 47.149893201810144]]]}",23828,498,12,1,39,43
59586,59242,TEMPLEUVE,NORD,NORD-PAS-DE-CALAIS,"Commune simple",36.0,1589.0,5.8,"50.5327534602, 3.17344214233","{""type"": ""Polygon"", ""coordinates"": [[[3.201489539781213, 50.50463952705084], [3.185872897814807, 50.51770592975995], [3.164844013547415, 50.51886665518116], [3.155794870325642, 50.51537780300306], [3.136782917386912, 50.51783270604215], [3.143398167728018, 50.53708701895465], [3.158712551348048, 50.53886345622967], [3.155410769091774, 50.555122132622195], [3.166427671367549, 50.55927236545425], [3.17500243884089, 50.55758217911873], [3.191053223185333, 50.54727271461608], [3.201436511058314, 50.54064134743218], [3.200232692772769, 50.528355706888206], [3.206421911734482, 50.51647960028594], [3.202204790957932, 50.51452084791732], [3.201489539781213, 50.50463952705084]]]}",3444,586,20,5,59,31
73285,73700,SEEZ,SAVOIE,RHONE-ALPES,"Commune simple",1813.0,4251.0,2.3,"45.6478054905, 6.83575624707","{""type"": ""Polygon"", ""coordinates"": [[[6.828908276591315, 45.59637681520994], [6.799266770379483, 45.60907543649324], [6.786061269780894, 45.61939253567468], [6.786820842210111, 45.63707273816337], [6.78790651588724, 45.64054308475926], [6.813599427136242, 45.66686515290617], [6.826444976326408, 45.67783360383492], [6.840409248820299, 45.68075684830551], [6.846107746479122, 45.69056952305738], [6.872043510861499, 45.680304171636294], [6.901362588230741, 45.679120454948816], [6.905410676600754, 45.67706870498039], [6.906332214124052, 45.67008549351302], [6.902142971098995, 45.663748445176516], [6.870278944998649, 45.655824240506306], [6.857996253949824, 45.64505775834258], [6.841325035732708, 45.638388862502765], [6.842302122711249, 45.63172911369393], [6.83038982972451, 45.6168723948372], [6.844293393717002, 45.60711192935908], [6.83942997158818, 45.60680934138343], [6.83348518446957, 45.597564090620445], [6.828908276591315, 45.59637681520994]]]}",4550,285,07,1,73,82
32403,32290,SAINT-PIERRE-D'AUBEZIES,GERS,MIDI-PYRENEES,"Commune simple",183.0,839.0,0.1,"43.6493896565, 0.162149090405","{""type"": ""Polygon"", ""coordinates"": [[[0.157758719339053, 43.63194515286686], [0.13981085598051, 43.6448358329395], [0.145933400694866, 43.65683681592508], [0.174219669727023, 43.6686774232562], [0.179731283925023, 43.65523384694001], [0.180051970987988, 43.65501707325061], [0.17759631408384, 43.638908791898864], [0.157758719339053, 43.63194515286686]]]}",22744,403,01,3,32,73
60156,60280,CLAIROIX,OISE,PICARDIE,"Commune simple",59.0,471.0,2.1,"49.4412986705, 2.8453991397","{""type"": ""Polygon"", ""coordinates"": [[[2.835948862220038, 49.427991565423014], [2.822600875000503, 49.43857868270943], [2.845702607319935, 49.45183161894786], [2.84716092002144, 49.45285808782031], [2.850894809036426, 49.453653675692934], [2.866225907749044, 49.448323776048234], [2.862652440113923, 49.439125078044576], [2.850826751632948, 49.43432045859151], [2.835948862220038, 49.427991565423014]]]}",33656,156,09,3,60,22
46077,46090,COURS,LOT,MIDI-PYRENEES,"Commune simple",281.0,1720.0,0.3,"44.5237046868, 1.53038009913","{""type"": ""Polygon"", ""coordinates"": [[[1.558530351884547, 44.51892594576766], [1.552081295514797, 44.502949965469824], [1.538860699278659, 44.506764307367796], [1.530102468879568, 44.50391083501519], [1.516865641842469, 44.507317179698596], [1.51292947999173, 44.505328384825404], [1.505382159935103, 44.50907101925791], [1.505436894579012, 44.51556351266763], [1.498416457703209, 44.51977204353504], [1.503540810154112, 44.528710459700754], [1.515005668705119, 44.54553151004972], [1.523265245922007, 44.544561829038514], [1.523541118489158, 44.54123407826439], [1.551074183737464, 44.54271535294761], [1.556325926024222, 44.537228801532414], [1.554714449333329, 44.527888793288554], [1.558530351884547, 44.51892594576766]]]}",4248,077,26,1,46,73
23202,23250,SAINT-HILAIRE-LE-CHATEAU,CREUSE,LIMOUSIN,"Commune simple",497.0,1955.0,0.3,"45.993749867, 1.89775218863","{""type"": ""Polygon"", ""coordinates"": [[[1.923453771148797, 45.96202446237814], [1.906778622844369, 45.97393243341425], [1.892279604659336, 45.97556567794438], [1.880965712387038, 45.98631547440639], [1.871316493404428, 45.986877159074346], [1.861763267536081, 45.98715980675677], [1.855473936651082, 45.99201363538029], [1.868123933928399, 46.00139875233983], [1.862492966926487, 46.00686294717832], [1.873919891437393, 46.012443628430326], [1.873255142177728, 46.02218133526663], [1.89564995784611, 46.01810598798871], [1.900502897453749, 46.00877814231812], [1.909929744438132, 46.00852700072848], [1.917850353643888, 46.004685411500745], [1.919754236368466, 46.0077655388165], [1.931025136116774, 46.00238792859535], [1.926690193332747, 45.98678500098816], [1.912673758461857, 45.99001047145371], [1.910486895244842, 45.98691848711552], [1.916276248482303, 45.97831047240027], [1.935767448727172, 45.977684793818554], [1.938227582261125, 45.97469996841372], [1.931651638462809, 45.96546126150157], [1.923453771148797, 45.96202446237814]]]}",6562,202,21,2,23,74
54400,54610,NOMENY,MEURTHE-ET-MOSELLE,LORRAINE,"Chef-lieu canton",208.0,1816.0,1.1,"48.8776522651, 6.23309013731","{""type"": ""Polygon"", ""coordinates"": [[[6.216538704183041, 48.84472308559527], [6.218592619280134, 48.87112079822041], [6.215061937781289, 48.88045026054194], [6.207359535059179, 48.88456315268003], [6.206134275998441, 48.89081524484152], [6.211182897269207, 48.8914539223732], [6.219362197839233, 48.89989254090598], [6.213612096883537, 48.912224397479434], [6.226470491142268, 48.91237360077828], [6.22723464196109, 48.90928391039266], [6.238596177607119, 48.904260920623344], [6.247994003485861, 48.903898304082944], [6.246949055505407, 48.89174900046817], [6.255025146461796, 48.887749377538796], [6.252737531374036, 48.88150214598111], [6.256397880948372, 48.871951853669195], [6.259216553645112, 48.86946289283887], [6.258275393035614, 48.862926952871206], [6.243992571629445, 48.8491388971641], [6.233848258676629, 48.84962068322918], [6.226674779077904, 48.84478301519401], [6.216538704183041, 48.84472308559527]]]}",6694,400,23,3,54,41
38197,38280,JANNEYRIAS,ISERE,RHONE-ALPES,"Commune simple",240.0,1068.0,1.5,"45.7512046013, 5.11448312594","{""type"": ""Polygon"", ""coordinates"": [[[5.133749317151879, 45.733394033165055], [5.126680093097394, 45.73755425640157], [5.094526879742293, 45.739453359509234], [5.089879102772576, 45.75262828177619], [5.093539634665704, 45.76603642814932], [5.118485526624411, 45.766759736856784], [5.131387207645776, 45.76154417880282], [5.134131347147441, 45.75728547035118], [5.139649559717407, 45.74492076888708], [5.139533866426413, 45.738608228292435], [5.133749317151879, 45.733394033165055]]]}",30506,197,46,3,38,82
80126,80220,BOUTTENCOURT,SOMME,PICARDIE,"Commune simple",68.0,774.0,1.0,"49.9505843914, 1.61002732845","{""type"": ""Polygon"", ""coordinates"": [[[1.647729047781161, 49.92857040407658], [1.624555702737383, 49.9342775136982], [1.608454461342762, 49.94181280570404], [1.596047704537971, 49.947986892578115], [1.58614287063052, 49.959731769136525], [1.577978368414865, 49.96385964008192], [1.574375575415015, 49.97365509133223], [1.580202061844522, 49.97901425767146], [1.590355978682784, 49.977577395081845], [1.587198535109791, 49.97087501794613], [1.592658677602599, 49.964828884149476], [1.617074934820433, 49.950409474681564], [1.653573021283503, 49.934941749976865], [1.647729047781161, 49.92857040407658]]]}",3081,126,22,1,80,22
65019,65360,ARCIZAC-ADOUR,HAUTES-PYRENEES,MIDI-PYRENEES,"Commune simple",421.0,509.0,0.5,"43.1496570834, 0.0906664946254","{""type"": ""Polygon"", ""coordinates"": [[[0.082637775699433, 43.13535632664266], [0.072179329711232, 43.14044611366592], [0.077513287040686, 43.1523638272181], [0.093685061768249, 43.15762541838291], [0.094285500523744, 43.16426616334457], [0.105229474462501, 43.164254512794614], [0.106527392110437, 43.15356052257105], [0.103979233215758, 43.147740687235846], [0.082637775699433, 43.13535632664266]]]}",23038,019,34,3,65,73
63392,63500,SAINT-REMY-DE-CHARGNAT,PUY-DE-DOME,AUVERGNE,"Commune simple",411.0,627.0,0.6,"45.5095851539, 3.32523243931","{""type"": ""Polygon"", ""coordinates"": [[[3.346907482600832, 45.498048239129396], [3.324800207449846, 45.499059864400884], [3.315072073353808, 45.49965488215446], [3.311351895508838, 45.505293223544314], [3.304806013038287, 45.516594133055285], [3.305505949522496, 45.52275148705162], [3.306133984742636, 45.52513603989225], [3.327148119789325, 45.51941280513731], [3.333301768861236, 45.51387479032052], [3.342775044748936, 45.5131168912691], [3.34930695437934, 45.50088630323459], [3.346907482600832, 45.498048239129396]]]}",23158,392,44,3,63,83
30046,30190,BOUCOIRAN-ET-NOZIERES,GARD,LANGUEDOC-ROUSSILLON,"Commune simple",114.0,1455.0,0.7,"43.9938436911, 4.17905217935","{""type"": ""Polygon"", ""coordinates"": [[[4.187671142784903, 43.964091030153135], [4.181048763291432, 43.97706987339548], [4.158493749826918, 43.990209316396594], [4.152634479253268, 44.00070320534306], [4.154146251276018, 44.01562877796637], [4.164188799889141, 44.02305620529956], [4.1761424776968, 44.01838286279423], [4.1721018628556, 44.01659902116161], [4.190673783233505, 44.00106982530752], [4.204471635876185, 43.99901955844896], [4.19741992008471, 43.989799039109066], [4.212356925129966, 43.97228079262301], [4.203139416672831, 43.97194157764408], [4.187671142784903, 43.964091030153135]]]}",8583,046,14,1,30,91
52227,52150,GRAFFIGNY-CHEMIN,HAUTE-MARNE,CHAMPAGNE-ARDENNE,"Commune simple",373.0,1731.0,0.2,"48.1692808867, 5.64603738902","{""type"": ""Polygon"", ""coordinates"": [[[5.62193342538916, 48.148480164758176], [5.610763792171542, 48.16665309130731], [5.613507448223553, 48.18048399738352], [5.620646204939798, 48.188158288432035], [5.63518410737638, 48.184863644633374], [5.660505247745624, 48.18561007287946], [5.674005276902373, 48.18048830809925], [5.682285929255693, 48.175483669154204], [5.686691738218615, 48.1671004068207], [5.684222224590807, 48.158234294417085], [5.630271635021343, 48.152201915792574], [5.62193342538916, 48.148480164758176]]]}",9750,227,05,1,52,21
14338,14510,HOULGATE,CALVADOS,BASSE-NORMANDIE,"Commune simple",47.0,470.0,2.0,"49.2974071263, -0.0677562139709","{""type"": ""Polygon"", ""coordinates"": [[[-0.068667590500364, 49.28934988166496], [-0.082387490996167, 49.287866627216246], [-0.089763869451996, 49.29483901108389], [-0.087169039940372, 49.29791017021109], [-0.081970219069476, 49.30253215130191], [-0.066155453791538, 49.307028179311764], [-0.06261199095693, 49.30458125633114], [-0.04748879588483, 49.30498204808768], [-0.046132603006669, 49.29505767833538], [-0.068667590500364, 49.28934988166496]]]}",4006,338,15,3,14,25
59289,59294,HAUSSY,NORD,NORD-PAS-DE-CALAIS,"Commune simple",83.0,1617.0,1.5,"50.2223988964, 3.4797106662","{""type"": ""Polygon"", ""coordinates"": [[[3.455854024762846, 50.20241998505921], [3.452269911649926, 50.20370835189382], [3.444628793390921, 50.21304823536206], [3.448200147886665, 50.22287699284378], [3.465958342424694, 50.23622647291633], [3.464742554156774, 50.24257053787421], [3.475945811298758, 50.245742355479415], [3.479132633116904, 50.24660997236997], [3.488098859105545, 50.24124998574808], [3.496824163493662, 50.241493448721975], [3.515794737094112, 50.22622208710575], [3.50102708594186, 50.2049472471034], [3.480469558776469, 50.20599009101909], [3.455854024762846, 50.20241998505921]]]}",13315,289,58,2,59,31
45302,45770,SARAN,LOIRET,CENTRE,"Commune simple",123.0,2029.0,15.2,"47.9498311047, 1.87809693517","{""type"": ""Polygon"", ""coordinates"": [[[1.885272515761265, 47.92678777240041], [1.864396203044596, 47.9267498318113], [1.844693987923026, 47.94474759432533], [1.842207763380796, 47.959843701433435], [1.85154503175057, 47.96737851300017], [1.865471180181691, 47.971050805111716], [1.871102444260836, 47.965911889183324], [1.919624507209262, 47.96477476662521], [1.916186077374329, 47.94745373118979], [1.894050704716507, 47.93930924217965], [1.895053774029012, 47.932307408260726], [1.885272515761265, 47.92678777240041]]]}",18640,302,39,2,45,24
61479,61150,TANQUES,ORNE,BASSE-NORMANDIE,"Commune simple",177.0,630.0,0.2,"48.6863581551, -0.0741132458246","{""type"": ""Polygon"", ""coordinates"": [[[-0.063830364217055, 48.65680914097797], [-0.081337080371199, 48.66199260035228], [-0.076871662244759, 48.685169789378634], [-0.086926882150616, 48.69199390694195], [-0.092212109068153, 48.7002012025981], [-0.069515346290905, 48.70897877493409], [-0.060855492932462, 48.7050968399838], [-0.068983583177091, 48.68117851314834], [-0.063830364217055, 48.65680914097797]]]}",20965,479,11,2,61,25
02421,02220,LESGES,AISNE,PICARDIE,"Commune simple",132.0,666.0,0.1,"49.309828392, 3.50034767893","{""type"": ""Polygon"", ""coordinates"": [[[3.512026365409676, 49.29619483609467], [3.490949608511245, 49.30429203438765], [3.471391346007694, 49.30774999882962], [3.470744393975463, 49.319726360497725], [3.493804875321873, 49.31679365618516], [3.514387240518531, 49.31932365795161], [3.524019149007237, 49.3172057130519], [3.523644859756105, 49.30199719589225], [3.512026365409676, 49.29619483609467]]]}",19026,421,04,4,02,22
24179,24120,"LA FEUILLADE",DORDOGNE,AQUITAINE,"Commune simple",157.0,399.0,0.7,"45.1156060328, 1.39759185904","{""type"": ""Polygon"", ""coordinates"": [[[1.41308116105588, 45.124913782881315], [1.413524828542651, 45.11824676049219], [1.408917981385609, 45.112516446279656], [1.392447529969257, 45.10587702570874], [1.378248885281932, 45.10609466503626], [1.37751967361601, 45.112379183317174], [1.390082322733623, 45.11558725813806], [1.401785872084676, 45.12842688869007], [1.41308116105588, 45.124913782881315]]]}",19726,179,39,4,24,72
70373,70120,"LA ROCHE-MOREY",HAUTE-SAONE,FRANCHE-COMTE,"Commune simple",282.0,2961.0,0.3,"47.6947168026, 5.75337268526","{""type"": ""Polygon"", ""coordinates"": [[[5.708314294929166, 47.66153297765273], [5.70354172773339, 47.6712620494315], [5.709209439395891, 47.68387441121907], [5.720658908523331, 47.694712974095935], [5.732530952867974, 47.720202378776484], [5.756202744523682, 47.7247624204162], [5.764172643671093, 47.728906284824006], [5.780780750501615, 47.71949752954322], [5.788021930049764, 47.698989029718994], [5.807236212686131, 47.693728859893724], [5.806747797547313, 47.68217632841622], [5.802307357174731, 47.67331243914496], [5.789953820294772, 47.679065912075174], [5.77012797449385, 47.680699314762585], [5.756609198735279, 47.689034496846595], [5.748933345726533, 47.68477519290668], [5.740089866416465, 47.67282445419474], [5.741090622881283, 47.66661368693631], [5.731919375542359, 47.663523181123246], [5.716918059444493, 47.665295947085326], [5.708314294929166, 47.66153297765273]]]}",2360,373,28,2,70,43
70240,70800,FONTAINE-LES-LUXEUIL,HAUTE-SAONE,FRANCHE-COMTE,"Commune simple",291.0,2789.0,1.5,"47.8601010548, 6.33468118355","{""type"": ""Polygon"", ""coordinates"": [[[6.377940104882654, 47.851548216354274], [6.351723215591151, 47.83565371170334], [6.337277669848534, 47.832093361234435], [6.322106450525605, 47.833154939809056], [6.296214510262454, 47.85722518458833], [6.287540886817994, 47.872349330410565], [6.297030951065034, 47.87921700622974], [6.326004907962288, 47.884749546511785], [6.34529487269574, 47.88081413892837], [6.365226674014512, 47.88134301897319], [6.373646823329652, 47.863391383253365], [6.377798436012721, 47.86194768302631], [6.380814794184417, 47.85676215499223], [6.377940104882654, 47.851548216354274]]]}",2487,240,22,1,70,43
47191,47200,MONTPOUILLAN,LOT-ET-GARONNE,AQUITAINE,"Commune simple",56.0,1215.0,0.7,"44.4620929897, 0.0955335933936","{""type"": ""Polygon"", ""coordinates"": [[[0.074677187493002, 44.43313638232951], [0.070331349521393, 44.43354335287674], [0.068071509886834, 44.4363928456856], [0.073079837770669, 44.44189486304334], [0.066020293291925, 44.45363389823033], [0.06908814234591, 44.45607568587212], [0.077350670610049, 44.45973625557193], [0.083036034899259, 44.47289468907555], [0.089731240472247, 44.47798111879458], [0.103246960220862, 44.478661395232216], [0.114082475423477, 44.484278381449066], [0.118374673524414, 44.48326463868309], [0.127797402735984, 44.47265584439438], [0.123577710505981, 44.461141678726854], [0.123457391356837, 44.460787227021875], [0.114021013308268, 44.462324107494716], [0.105462020881143, 44.459244091088856], [0.074677187493002, 44.43313638232951]]]}",33845,191,21,2,47,72
51458,51120,REUVES,MARNE,CHAMPAGNE-ARDENNE,"Commune simple",148.0,647.0,0.1,"48.7982990232, 3.80208051062","{""type"": ""Polygon"", ""coordinates"": [[[3.807591191687141, 48.77917696919251], [3.784724663396906, 48.783511675512976], [3.788678840062555, 48.79569076206287], [3.796405980096492, 48.81763001572817], [3.817798033926701, 48.81303357264846], [3.819201145104195, 48.81046066144715], [3.807591191687141, 48.77917696919251]]]}",19323,458,25,2,51,21
69235,69560,SAINT-ROMAIN-EN-GAL,RHONE,RHONE-ALPES,"Commune simple",305.0,1355.0,1.7,"45.5357749158, 4.8261922699","{""type"": ""Polygon"", ""coordinates"": [[[4.845343792710096, 45.524318156688295], [4.841982767927166, 45.52188735631356], [4.81800390756028, 45.52211594459182], [4.789757965002841, 45.525514909764205], [4.788507447471125, 45.52607525013684], [4.807272410358311, 45.549841771484715], [4.820697795429412, 45.55853308284029], [4.83654000621916, 45.54481860727612], [4.86717779706302, 45.536099029489044], [4.872770066808861, 45.53090784155711], [4.871813878997794, 45.52763613931555], [4.855437558494766, 45.53072710650466], [4.845343792710096, 45.524318156688295]]]}",22065,235,07,1,69,82
62549,62140,MARCONNE,PAS-DE-CALAIS,NORD-PAS-DE-CALAIS,"Commune simple",56.0,422.0,1.1,"50.3661822096, 2.03231054119","{""type"": ""Polygon"", ""coordinates"": [[[2.010099858538354, 50.35244550562441], [1.996584224099889, 50.35677176840019], [2.027328429400795, 50.36796260327505], [2.030407997186913, 50.37426267614705], [2.036319206729742, 50.36907460342739], [2.041537382279853, 50.36927683673053], [2.045410668118865, 50.37527740791117], [2.037591750119697, 50.37890676444151], [2.030404722121438, 50.37443323777831], [2.025615691763423, 50.37815742869075], [2.051250429225776, 50.379793569509516], [2.063660304129007, 50.37384596424109], [2.055765977963476, 50.37032920640894], [2.062085353482707, 50.3664269201417], [2.061096536116537, 50.3652522184083], [2.041425141078058, 50.367794539350776], [2.029036506858332, 50.357974083811634], [2.010099858538354, 50.35244550562441]]]}",2663,549,26,4,62,31
57390,57620,LEMBERG,MOSELLE,LORRAINE,"Commune simple",356.0,1091.0,1.5,"49.0103404671, 7.38244495948","{""type"": ""Polygon"", ""coordinates"": [[[7.389048692215949, 48.99323717290553], [7.375043728447161, 48.996919209382], [7.360565406992415, 48.99841033478575], [7.353403896440589, 49.00277720230406], [7.344386191915468, 49.000519677725094], [7.348824930592738, 49.00971560164251], [7.36211786756675, 49.01997649077607], [7.390231884151648, 49.022922207083184], [7.413887964008767, 49.02107233979216], [7.426661182309155, 49.018953480741345], [7.425029971128146, 49.01620380398903], [7.402764016660896, 49.00778324525187], [7.395235264282276, 48.99906252391571], [7.386118540387515, 48.995974162551235], [7.389048692215949, 48.99323717290553]]]}",22973,390,02,6,57,41
64431,64150,OS-MARSILLON,PYRENEES-ATLANTIQUES,AQUITAINE,"Commune simple",102.0,539.0,0.4,"43.3890752479, -0.613461851871","{""type"": ""Polygon"", ""coordinates"": [[[-0.636827124399144, 43.37400812166203], [-0.641838609042809, 43.38062986124352], [-0.628960022819228, 43.39099599692238], [-0.60850180587532, 43.400316699694166], [-0.599292057561098, 43.40057837583899], [-0.587460117430316, 43.388498489515094], [-0.592800389171237, 43.38344927704907], [-0.59460586776502, 43.38191239220327], [-0.60614223115683, 43.38749919690664], [-0.631018461424188, 43.37919242524127], [-0.636827124399144, 43.37400812166203]]]}",22027,431,15,3,64,72
49019,49140,BAUNE,MAINE-ET-LOIRE,"PAYS DE LA LOIRE","Commune simple",43.0,2097.0,1.6,"47.5102759671, -0.339256447108","{""type"": ""Polygon"", ""coordinates"": [[[-0.336399276095035, 47.48611327656099], [-0.354922659263378, 47.48730182109194], [-0.365861463702308, 47.50102336285324], [-0.393351172176654, 47.512668219912065], [-0.386663162968514, 47.51793539658084], [-0.372224939131497, 47.52118331161599], [-0.353446811609887, 47.516553828234265], [-0.328489158694951, 47.53820765907366], [-0.323355456981165, 47.53823705015468], [-0.315258898206093, 47.534899948129606], [-0.306080038568055, 47.5235116119754], [-0.302259616488942, 47.50946618928468], [-0.316831023264542, 47.49678116586903], [-0.317678885277706, 47.49008992567853], [-0.336399276095035, 47.48611327656099]]]}",31943,019,31,1,49,52
54359,54360,MEHONCOURT,MEURTHE-ET-MOSELLE,LORRAINE,"Commune simple",292.0,788.0,0.3,"48.5123289166, 6.37994710945","{""type"": ""Polygon"", ""coordinates"": [[[6.381777624413888, 48.494802049929916], [6.365959709615391, 48.5014283491702], [6.356241424944804, 48.502216651607725], [6.351674606416681, 48.50792811069359], [6.351069840259323, 48.50885457696832], [6.367316700647122, 48.517498095729266], [6.371400764914686, 48.5238921241171], [6.378609482962731, 48.52764007408438], [6.390880871436763, 48.5218250165813], [6.405331529418609, 48.524563095421094], [6.409461265559593, 48.522616806032715], [6.412602567566076, 48.51881688681833], [6.40699659916353, 48.517438095626765], [6.389576552788899, 48.50647421566444], [6.381777624413888, 48.494802049929916]]]}",21187,359,05,2,54,41
12229,12250,SAINT-JEAN-D'ALCAPIES,AVEYRON,MIDI-PYRENEES,"Commune simple",557.0,858.0,0.3,"43.9486517779, 2.96702587366","{""type"": ""Polygon"", ""coordinates"": [[[2.99282435842582, 43.95354160503632], [2.989051452884749, 43.94426266160521], [2.981828505865666, 43.94002288483083], [2.968678192838234, 43.9365370670656], [2.949984018851704, 43.93735807080199], [2.938615249333619, 43.94717084937723], [2.945309310981135, 43.954932106933065], [2.968329622063948, 43.95872106833503], [2.980076574765469, 43.9636916786742], [2.99282435842582, 43.95354160503632]]]}",32681,229,29,1,12,73
08075,08240,BOULT-AUX-BOIS,ARDENNES,CHAMPAGNE-ARDENNE,"Commune simple",193.0,1520.0,0.1,"49.4191409109, 4.83535525707","{""type"": ""Polygon"", ""coordinates"": [[[4.828180213995461, 49.392331083795234], [4.823033433247377, 49.39207610680777], [4.816965641901266, 49.40476349630894], [4.807941011521208, 49.41260369026571], [4.80649894181674, 49.419026525372956], [4.806294775553603, 49.42145701931904], [4.805335237745692, 49.42435729174156], [4.823199542914809, 49.436091805847575], [4.847535156603048, 49.43887851267785], [4.849670130215355, 49.44189367880821], [4.864776812844353, 49.433777253251165], [4.865605734281444, 49.42431534613225], [4.853746080938236, 49.40920439481891], [4.828180213995461, 49.392331083795234]]]}",21327,075,08,4,08,21
58035,58330,BONA,NIEVRE,BOURGOGNE,"Commune simple",332.0,2347.0,0.3,"47.0648311481, 3.42596350946","{""type"": ""Polygon"", ""coordinates"": [[[3.461290084052167, 47.0363989184752], [3.459236265292421, 47.0333729432922], [3.450237328533697, 47.03595634847114], [3.431139257649125, 47.03561506180147], [3.425404144449406, 47.04481079681323], [3.403058914100952, 47.050977201477636], [3.396270001557385, 47.05569143089484], [3.391817498771595, 47.093835499281596], [3.41685108445417, 47.09363991758099], [3.442439736787499, 47.08238077959563], [3.447899428933059, 47.073212398287296], [3.463140149717149, 47.06477022079557], [3.458255389096069, 47.06364626914472], [3.456273822851529, 47.05680255129656], [3.461290084052167, 47.0363989184752]]]}",9132,035,23,3,58,26
51044,51360,BEAUMONT-SUR-VESLE,MARNE,CHAMPAGNE-ARDENNE,"Commune simple",96.0,571.0,0.7,"49.1731370665, 4.17941674929","{""type"": ""Polygon"", ""coordinates"": [[[4.184438850370063, 49.15841186814636], [4.159528401831821, 49.17066708144212], [4.175794342623444, 49.191297538134094], [4.180236095256378, 49.185148962902694], [4.200452637145093, 49.17145294199754], [4.184438850370063, 49.15841186814636]]]}",29620,044,30,3,51,21
33444,33490,SAINT-MARTIN-DE-SESCAS,GIRONDE,AQUITAINE,"Commune simple",51.0,822.0,0.5,"44.5868737063, -0.165403223369","{""type"": ""Polygon"", ""coordinates"": [[[-0.160399747244844, 44.56440397578765], [-0.174778121261722, 44.56796467743823], [-0.182701098916947, 44.59111690710912], [-0.168587079655228, 44.603821071239885], [-0.159879566623456, 44.605746300996636], [-0.150092534179001, 44.603710311083695], [-0.152940358640419, 44.60096219051526], [-0.146428408679148, 44.59590423664316], [-0.14715918161457, 44.59250479396303], [-0.155944736143317, 44.584568845126874], [-0.160399747244844, 44.56440397578765]]]}",24533,444,43,3,33,72
02790,02350,VESLES-ET-CAUMONT,AISNE,PICARDIE,"Commune simple",77.0,1026.0,0.2,"49.6750932677, 3.78950879053","{""type"": ""Polygon"", ""coordinates"": [[[3.817164480223518, 49.66130108286956], [3.812534082389912, 49.66262611920609], [3.795637061859715, 49.657678563820596], [3.782385316674645, 49.6619161617986], [3.755716428401872, 49.68027258318852], [3.770483229732187, 49.68792587366657], [3.793254440669361, 49.69424045343031], [3.798460144968888, 49.69406264271102], [3.799475053031282, 49.69074916962662], [3.802929763837218, 49.677858491475284], [3.812297502400519, 49.6704097363359], [3.825924243495734, 49.66711891171333], [3.827864534817226, 49.664670460098066], [3.817164480223518, 49.66130108286956]]]}",26540,790,19,2,02,22
11321,11140,ROQUEFORT-DE-SAULT,AUDE,LANGUEDOC-ROUSSILLON,"Commune simple",1129.0,2230.0,0.1,"42.7387338006, 2.19993961506","{""type"": ""Polygon"", ""coordinates"": [[[2.213468483502318, 42.700979979994756], [2.208885812657698, 42.70001109964799], [2.18618526993967, 42.71237514515081], [2.180231807408516, 42.71780563007921], [2.178526907011824, 42.721101497429416], [2.17662449303734, 42.72800151257491], [2.177926149047222, 42.74205669978323], [2.184934988961174, 42.75117407883262], [2.184934863591594, 42.76512064446129], [2.181679697534257, 42.774429620728796], [2.202949374137046, 42.771253839550816], [2.211982341063585, 42.77207596964114], [2.219708494756095, 42.763877817916125], [2.215883670684553, 42.75791519884754], [2.223948506572428, 42.74243595684107], [2.217199133552524, 42.72907005556254], [2.213468483502318, 42.700979979994756]]]}",24271,321,03,2,11,91
95527,95700,ROISSY-EN-FRANCE,VAL-D'OISE,ILE-DE-FRANCE,"Commune simple",99.0,1420.0,2.6,"49.00660444, 2.51417743519","{""type"": ""Polygon"", ""coordinates"": [[[2.50188202159187, 48.97853843721308], [2.502517086615059, 48.984979596277284], [2.490603798084245, 48.9904868521306], [2.48576109915957, 48.99933255569826], [2.487761832482138, 48.99878359492473], [2.489275226401863, 49.001928324173534], [2.48812447810072, 49.002202179463495], [2.491136453471116, 49.010047153194925], [2.498573492607255, 49.02411504684313], [2.511211555653821, 49.028033706844504], [2.525579269202697, 49.02694935566586], [2.535014939309859, 49.02381210482949], [2.538283698051412, 49.014482022426265], [2.550671669288907, 49.01261372371493], [2.553060644854189, 49.0098171174389], [2.547695159195196, 49.00435679546222], [2.53281025529314, 49.004425667355534], [2.511558291055318, 48.98099717262643], [2.50188202159187, 48.97853843721308]]]}",24440,527,13,2,95,11
21552,21690,SAINT-HELIER,COTE-D'OR,BOURGOGNE,"Commune simple",479.0,388.0,0.0,"47.389027921, 4.68824509954","{""type"": ""Polygon"", ""coordinates"": [[[4.673601212065144, 47.37745879045043], [4.666320346386957, 47.39739935665393], [4.67062590413502, 47.398967304730235], [4.677538961480672, 47.3906200531578], [4.685919610601117, 47.38727535392855], [4.698283563148999, 47.39671179741297], [4.706326006374568, 47.39899815168351], [4.7148215406513, 47.39138171662777], [4.71522894987686, 47.3904392728323], [4.692451704278306, 47.38546065053762], [4.685852302079487, 47.38049622192979], [4.673601212065144, 47.37745879045043]]]}",29510,552,37,3,21,26
22047,22320,CORLAY,COTES-D'ARMOR,BRETAGNE,"Chef-lieu canton",206.0,1411.0,1.0,"48.3097462956, -3.0377460051","{""type"": ""Polygon"", ""coordinates"": [[[-3.030829445877454, 48.288294974323755], [-3.04070024429886, 48.295595975073034], [-3.042653464271394, 48.30200214179968], [-3.072353457276483, 48.30011805320265], [-3.086441326889488, 48.30334546924302], [-3.070245798533092, 48.314312670126796], [-3.04379150768846, 48.32484583607573], [-3.028111654710942, 48.32580912944837], [-3.014114531634769, 48.32137900713126], [-3.009160445259242, 48.322542388101986], [-2.99907772739255, 48.315403020027055], [-3.007886481094721, 48.30772777030045], [-3.004005497152326, 48.302050897054364], [-3.007179111100884, 48.29964272480353], [-3.016601019683516, 48.30078739067046], [-3.030829445877454, 48.288294974323755]]]}",2978,047,10,4,22,53
46302,46210,SENAILLAC-LATRONQUIERE,LOT,MIDI-PYRENEES,"Commune simple",618.0,1126.0,0.1,"44.8362230698, 2.07406186694","{""type"": ""Polygon"", ""coordinates"": [[[2.083986991660666, 44.823531441911314], [2.076950340565183, 44.81520757486669], [2.072458102648434, 44.814539834032914], [2.068503120454669, 44.820386220070546], [2.041662032158726, 44.826091188853205], [2.03969722677713, 44.829270598785186], [2.048763873505946, 44.83631774865898], [2.057911900018762, 44.83487412256765], [2.068665398721436, 44.846471928459], [2.067517908091669, 44.856888892884506], [2.074876924219119, 44.86048002507596], [2.086593248765255, 44.854661436080356], [2.089022517372919, 44.85161105246839], [2.089711204385242, 44.84816819453074], [2.082926024828529, 44.83892833450562], [2.084672162012973, 44.83583640246008], [2.09845700149842, 44.84502517825507], [2.10290065035687, 44.84652882145885], [2.105969322123666, 44.84378038017659], [2.106366977563949, 44.83787703176701], [2.086432410513783, 44.82953017651115], [2.083986991660666, 44.823531441911314]]]}",6650,302,15,2,46,73
16234,16290,MOULIDARS,CHARENTE,POITOU-CHARENTES,"Commune simple",61.0,1713.0,0.7,"45.6676169254, -0.0379131392099","{""type"": ""Polygon"", ""coordinates"": [[[-0.014589732556485, 45.65255514682515], [-0.019234701328976, 45.65314252573417], [-0.035054956218771, 45.64639092748127], [-0.048850712544093, 45.64656768003931], [-0.059306072328506, 45.6537184586016], [-0.071917572689498, 45.66771243746396], [-0.080926779973411, 45.66977320944862], [-0.07823175622712, 45.672622533847374], [-0.073604199567271, 45.67192891101618], [-0.069056957896195, 45.67731576880554], [-0.059787780321973, 45.67637852897596], [-0.051534521863516, 45.68429840797786], [-0.028181627927612, 45.68655992880705], [-0.024036616837875, 45.68505826921953], [-0.011199521533468, 45.688493191767186], [-0.004559958662594, 45.68390352403764], [-0.013241264502141, 45.67286687962638], [-0.008103628926778, 45.65709921308101], [-0.014589732556485, 45.65255514682515]]]}",1141,234,16,1,16,54
63247,63790,MUROL,PUY-DE-DOME,AUVERGNE,"Commune simple",1009.0,1509.0,0.5,"45.5865050744, 2.92277959567","{""type"": ""Polygon"", ""coordinates"": [[[2.964679676431541, 45.568058914965356], [2.947376874301671, 45.5630004864353], [2.934399875051232, 45.566289398569616], [2.921007511127976, 45.56307509682112], [2.927456972311666, 45.571841062541786], [2.926636042737055, 45.58180879490701], [2.898579815946841, 45.58779317043037], [2.878948107214197, 45.597985171086044], [2.859560832857665, 45.59999771797862], [2.851980667183676, 45.604391341986364], [2.861932518038374, 45.605736705524876], [2.886193209917744, 45.605385663262744], [2.898839620573975, 45.600039899599174], [2.912779946818611, 45.60229376284098], [2.917617173668422, 45.6016670747256], [2.926958888574949, 45.5995664101364], [2.932956015339685, 45.594131260661484], [2.951801201874611, 45.590575026727144], [2.964347391356571, 45.58637447875528], [2.958929430153305, 45.57708872488706], [2.964679676431541, 45.568058914965356]]]}",6727,247,05,3,63,83
29034,29410,"LE CLOITRE-SAINT-THEGONNEC",FINISTERE,BRETAGNE,"Commune simple",217.0,2860.0,0.6,"48.4598098914, -3.79230371205","{""type"": ""Polygon"", ""coordinates"": [[[-3.773882361795154, 48.43990173868088], [-3.80186229878582, 48.43339416651784], [-3.805187659079051, 48.42723425125705], [-3.823324037454574, 48.43022645529881], [-3.832223934928118, 48.44583181660156], [-3.818815554523969, 48.46347264383262], [-3.825621586689133, 48.472462613078385], [-3.826007612663254, 48.48615660624133], [-3.811091041104738, 48.48352957470055], [-3.797599281678224, 48.48841278847406], [-3.774851260584211, 48.480361260115146], [-3.764734551394707, 48.48804525514013], [-3.759799717968626, 48.48685513272618], [-3.752398768937018, 48.478862049622045], [-3.756315145025955, 48.472796934737616], [-3.751969583098275, 48.45994341403667], [-3.753702932446273, 48.44685148883747], [-3.773882361795154, 48.43990173868088]]]}",6847,034,40,3,29,53
04024,04420,BEAUJEU,ALPES-DE-HAUTE-PROVENCE,"PROVENCE-ALPES-COTE D'AZUR","Commune simple",1246.0,4603.0,0.2,"44.2185950386, 6.37119806932","{""type"": ""Polygon"", ""coordinates"": [[[6.376865810967757, 44.17241808272661], [6.352617652769781, 44.183612529732635], [6.348170355179361, 44.203523054023904], [6.324925594433213, 44.215698372394264], [6.310811650806466, 44.22971057578746], [6.312421446627069, 44.246770069923954], [6.338840710121048, 44.23887958118848], [6.34823738902045, 44.24033213088816], [6.363700292178583, 44.248760545907544], [6.394495933818225, 44.25084886906418], [6.405340095336773, 44.25630616526055], [6.406152992805029, 44.246046157983926], [6.416742185982646, 44.234365122708155], [6.42965820923681, 44.22995304822314], [6.428550166563258, 44.22654603673263], [6.405470267453174, 44.20878648322237], [6.400783756900488, 44.195372931426924], [6.394240355216125, 44.190233170826794], [6.392742725842995, 44.179837924929444], [6.376865810967757, 44.17241808272661]]]}",28386,024,11,3,04,93
31007,31230,AMBAX,HAUTE-GARONNE,MIDI-PYRENEES,"Commune simple",285.0,592.0,0.1,"43.3680277125, 0.937034657846","{""type"": ""Polygon"", ""coordinates"": [[[0.932405179615818, 43.355930029629306], [0.92814803670305, 43.35839534794009], [0.916292642275169, 43.36666294041106], [0.926437417891161, 43.381247658365545], [0.930851554199887, 43.38201608286311], [0.936197885518215, 43.37674558594143], [0.945204705848765, 43.376035040243444], [0.951507247771663, 43.37226686395076], [0.95965918117808, 43.372330875107586], [0.961248917989133, 43.36958909784343], [0.952916565354022, 43.3631593920232], [0.953772599484993, 43.36024187439831], [0.932405179615818, 43.355930029629306]]]}",28449,007,16,2,31,73
52027,52190,AUJEURRES,HAUTE-MARNE,CHAMPAGNE-ARDENNE,"Commune simple",469.0,1296.0,0.1,"47.7387809421, 5.17295673992","{""type"": ""Polygon"", ""coordinates"": [[[5.183454577610275, 47.717908453152496], [5.156368266268471, 47.72513682281922], [5.145671788291735, 47.73587699812928], [5.142843396795795, 47.73889107999571], [5.149016979239116, 47.74865505034591], [5.168783897543895, 47.76033756766285], [5.175441994966413, 47.75596423941796], [5.193508366666895, 47.75339415264122], [5.199262990023095, 47.7388528459717], [5.191362433860932, 47.72104706537914], [5.183454577610275, 47.717908453152496]]]}",30557,027,17,2,52,21
76551,76430,SAINNEVILLE,SEINE-MARITIME,HAUTE-NORMANDIE,"Commune simple",102.0,705.0,0.8,"49.5524608595, 0.292951344544","{""type"": ""Polygon"", ""coordinates"": [[[0.286594692615787, 49.5389231069334], [0.278937647426866, 49.536089823630675], [0.273315043514517, 49.540756484910105], [0.279500388173861, 49.54581416758893], [0.272957530943841, 49.55087378829123], [0.275379005538879, 49.56072070004949], [0.297518814062303, 49.56923668146841], [0.305554405273184, 49.56075606290185], [0.321194367502417, 49.55217327072593], [0.296647497919927, 49.54036154304228], [0.286594692615787, 49.5389231069334]]]}",30689,551,48,2,76,23
02086,02300,BICHANCOURT,AISNE,PICARDIE,"Commune simple",51.0,775.0,1.0,"49.578776546, 3.21263017443","{""type"": ""Polygon"", ""coordinates"": [[[3.222068196568542, 49.56291803220842], [3.203958593701695, 49.56728143829573], [3.192748840878874, 49.57362640722489], [3.19185559601657, 49.589758788274544], [3.208031519985719, 49.59377609151968], [3.217033866140738, 49.59438040874043], [3.224423823856738, 49.5897838580965], [3.231635838495027, 49.57667683163335], [3.236618840072486, 49.57537314175835], [3.231036098761002, 49.56624438443179], [3.222068196568542, 49.56291803220842]]]}",28939,086,11,2,02,22
51327,51130,LOISY-EN-BRIE,MARNE,CHAMPAGNE-ARDENNE,"Commune simple",205.0,1495.0,0.2,"48.8937645721, 3.89048343145","{""type"": ""Polygon"", ""coordinates"": [[[3.903883430477889, 48.86356230589445], [3.892189133973188, 48.87400178866992], [3.886491936973187, 48.88693191919346], [3.874661830796705, 48.89305355471889], [3.851747927139632, 48.91389443905078], [3.851155372288625, 48.92021190270504], [3.852990843555923, 48.92645810752809], [3.85780889324005, 48.92647767259228], [3.871628216542711, 48.92367099569925], [3.877989572732741, 48.91892108969354], [3.89190975229431, 48.90784642220391], [3.899058928064219, 48.89442874068618], [3.939533485098901, 48.872065644362], [3.927499994919245, 48.86623262789903], [3.917656417521296, 48.86772052359734], [3.903883430477889, 48.86356230589445]]]}",32548,327,29,1,51,21
16295,16330,SAINT-AMANT-DE-BOIXE,CHARENTE,POITOU-CHARENTES,"Chef-lieu canton",88.0,2253.0,1.4,"45.8023519655, 0.139724725099","{""type"": ""Polygon"", ""coordinates"": [[[0.174608930431421, 45.77287197119872], [0.157961614000232, 45.77809443646878], [0.140215847587617, 45.77362710510026], [0.139720867511764, 45.78020145140809], [0.137719895311829, 45.78675562339384], [0.113781565346061, 45.78887604081237], [0.100063741268394, 45.78593811763524], [0.091326344628, 45.798013208974595], [0.100224375256945, 45.8086318858265], [0.109282439441471, 45.80592668973738], [0.123579137236078, 45.81516770779377], [0.147900184832999, 45.828544144011985], [0.154833325141328, 45.84056822666734], [0.174181617157071, 45.829295102374495], [0.172818167694842, 45.828233750734725], [0.159261468689504, 45.81416109318742], [0.157967817372048, 45.79398952493865], [0.163281129358893, 45.78910426575913], [0.173141975892439, 45.78895529948067], [0.177430627719522, 45.788206662057405], [0.174608930431421, 45.77287197119872]]]}",10578,295,25,1,16,54
11048,11200,BOUTENAC,AUDE,LANGUEDOC-ROUSSILLON,"Commune simple",99.0,2321.0,0.7,"43.1464757563, 2.79815661148","{""type"": ""Polygon"", ""coordinates"": [[[2.769438769308562, 43.12307177897224], [2.761793082852255, 43.14592820284923], [2.763695198394201, 43.15540373558865], [2.770142177852332, 43.15926739068287], [2.774102274478373, 43.15829533608517], [2.786450916565042, 43.1680617702004], [2.81853986960841, 43.170800956143786], [2.827634837706945, 43.17044708555369], [2.821794310761395, 43.15556035294905], [2.837047027404421, 43.14907236868303], [2.831475086645956, 43.13464554570748], [2.821633516759068, 43.12803676550891], [2.808414957530931, 43.125927373974584], [2.796297711316152, 43.12865745977775], [2.785163505314629, 43.12430951787522], [2.769438769308562, 43.12307177897224]]]}",10681,048,19,3,11,91
73321,73600,VILLARLURIN,SAVOIE,RHONE-ALPES,"Commune simple",933.0,547.0,0.3,"45.4528890539, 6.52829257679","{""type"": ""Polygon"", ""coordinates"": [[[6.522018696749162, 45.43736922289785], [6.506228697785804, 45.44846412569891], [6.522881687939061, 45.4616787567913], [6.530409579526151, 45.46565136825419], [6.552279929142031, 45.4583085717186], [6.546456840711116, 45.45316580245947], [6.533051182700074, 45.44455739182385], [6.52382387243128, 45.443423684452675], [6.522018696749162, 45.43736922289785]]]}",10503,321,20,1,73,82
37052,37210,CHANCAY,INDRE-ET-LOIRE,CENTRE,"Commune simple",92.0,1514.0,1.1,"47.4496671434, 0.88057915544","{""type"": ""Polygon"", ""coordinates"": [[[0.869445332848949, 47.42737975635118], [0.860351292008235, 47.43013953682713], [0.864223475730157, 47.439864223978084], [0.848133130375505, 47.452499190063065], [0.846230282357639, 47.46580957935682], [0.866525284433854, 47.467380947860555], [0.879172597169421, 47.46156067465676], [0.887512818891948, 47.46489108257244], [0.919182080951274, 47.45399821768819], [0.917128660943018, 47.44159769333302], [0.89374998116742, 47.437655894742505], [0.869445332848949, 47.42737975635118]]]}",26297,052,24,2,37,24
02050,02170,BARZY-EN-THIERACHE,AISNE,PICARDIE,"Commune simple",182.0,773.0,0.3,"50.0395375873, 3.74901595409","{""type"": ""Polygon"", ""coordinates"": [[[3.777930236378193, 50.045989074894855], [3.763816760244691, 50.04147902419998], [3.761625887558815, 50.0283608357034], [3.749196236798175, 50.022257694451085], [3.744091444295415, 50.02306126450555], [3.741237170036741, 50.02332108002219], [3.727281000398508, 50.03791977186375], [3.732277576632084, 50.049818067955464], [3.745751661836497, 50.0535721293869], [3.775229555842266, 50.04907801015773], [3.777930236378193, 50.045989074894855]]]}",27933,050,23,5,02,22
27233,27210,FATOUVILLE-GRESTAIN,EURE,HAUTE-NORMANDIE,"Commune simple",62.0,1034.0,0.7,"49.4132819634, 0.332433959098","{""type"": ""Polygon"", ""coordinates"": [[[0.338055569969092, 49.383659082382636], [0.335851190921059, 49.396453390244936], [0.323490380963288, 49.40256588257166], [0.310026686786419, 49.417070513491375], [0.309792003719461, 49.43079817606355], [0.340593177598473, 49.43432078032997], [0.341669428409736, 49.424694725142736], [0.35251434385024, 49.41353803188329], [0.346947565392808, 49.38701128338341], [0.338055569969092, 49.383659082382636]]]}",15215,233,06,2,27,23
14424,14380,"LE MESNIL-ROBERT",CALVADOS,BASSE-NORMANDIE,"Commune simple",112.0,412.0,0.2,"48.8801018014, -0.972914180513","{""type"": ""Polygon"", ""coordinates"": [[[-0.956371310376653, 48.87120276165692], [-0.987410492112316, 48.875646704092475], [-0.986603527590148, 48.87883418797259], [-0.994425658210232, 48.88256224103582], [-0.994524078303409, 48.88580057601411], [-0.985608133835783, 48.88847511375915], [-0.967149383486305, 48.88689155588031], [-0.955707504323255, 48.88078733585065], [-0.951722274798709, 48.87145550983387], [-0.956371310376653, 48.87120276165692]]]}",14674,424,30,4,14,25
39078,39100,BREVANS,JURA,FRANCHE-COMTE,"Commune simple",214.0,366.0,0.6,"47.1007698445, 5.52282272719","{""type"": ""Polygon"", ""coordinates"": [[[5.529567722185795, 47.08379701690651], [5.516563936256523, 47.09140418796332], [5.511693989065336, 47.11002082609298], [5.528814661198942, 47.12060094541075], [5.530631772159386, 47.11911096375734], [5.524559894825895, 47.11034412733776], [5.528623396490547, 47.098248074887074], [5.535047713795427, 47.093486391289396], [5.531266067020629, 47.08766919735524], [5.534106055568854, 47.08495867568284], [5.529567722185795, 47.08379701690651]]]}",27036,078,24,1,39,43
26311,26190,SAINT-LAURENT-EN-ROYANS,DROME,RHONE-ALPES,"Commune simple",753.0,2757.0,1.3,"45.0096991551, 5.34660172162","{""type"": ""Polygon"", ""coordinates"": [[[5.366624707599062, 44.96683843679055], [5.344063279031555, 44.96681189751546], [5.343301722573049, 44.97317833167648], [5.335848088688884, 44.97641574423229], [5.342713524113104, 44.985819460550246], [5.344997920231563, 44.99976028268807], [5.33738018728869, 45.00888324083331], [5.300050875367116, 45.03708026722278], [5.305797622918377, 45.05538214377751], [5.320482388268874, 45.05186137360067], [5.326829559017531, 45.0428382658408], [5.346344098223801, 45.033105664681045], [5.360341876548893, 45.0312604134906], [5.366913518319143, 45.02264448733104], [5.370808500533725, 45.01354473374828], [5.386054006267427, 45.00743584527437], [5.379990307480574, 45.00219702401221], [5.373676352451599, 44.97125505334333], [5.366624707599062, 44.96683843679055]]]}",27666,311,24,3,26,82
54276,54114,JEANDELAINCOURT,MEURTHE-ET-MOSELLE,LORRAINE,"Commune simple",260.0,462.0,0.8,"48.846525852, 6.24307502417","{""type"": ""Polygon"", ""coordinates"": [[[6.230675229221379, 48.83276682085668], [6.211508485518199, 48.842320083459306], [6.216538704183041, 48.84472308559527], [6.226674779077904, 48.84478301519401], [6.233848258676629, 48.84962068322918], [6.243992571629445, 48.8491388971641], [6.258275393035614, 48.862926952871206], [6.259216553645112, 48.86946289283887], [6.259839852869235, 48.8639464231584], [6.266855973460586, 48.86096473877429], [6.261535984968471, 48.85617745013472], [6.268149092003242, 48.85222552521059], [6.256003930424587, 48.84820038038936], [6.255429025460921, 48.842275406871714], [6.251048747643489, 48.8369850070835], [6.232209261084555, 48.838593950909285], [6.230675229221379, 48.83276682085668]]]}",14787,276,23,3,54,41
23076,23110,EVAUX-LES-BAINS,CREUSE,LIMOUSIN,"Chef-lieu canton",440.0,4520.0,1.5,"46.168925905, 2.49933110004","{""type"": ""Polygon"", ""coordinates"": [[[2.550522557940992, 46.11895797457817], [2.52607057667857, 46.11938984591025], [2.52114979448656, 46.1253305419302], [2.508051861260603, 46.12874150212784], [2.508255854602743, 46.13922426387343], [2.483344331306384, 46.15031598372933], [2.477519217409302, 46.16335568602308], [2.463111961449867, 46.16028984448485], [2.445141820342019, 46.148343819758274], [2.432705184792873, 46.14569793466322], [2.44615321510949, 46.17394119633922], [2.444523977332753, 46.18378479408003], [2.458815248676002, 46.185987924922706], [2.465196860172328, 46.19501416701774], [2.484661089561435, 46.19774252313243], [2.501055630453517, 46.20595617323029], [2.506481844839247, 46.22991513162837], [2.515202923937376, 46.238543374765946], [2.521757408759757, 46.20276729272703], [2.5283028169742, 46.19418585406173], [2.528499034018333, 46.18493853062569], [2.516007038853601, 46.17983422034496], [2.518809469912608, 46.1662755530524], [2.527433575309037, 46.15812617779078], [2.525820886620525, 46.14830397985785], [2.535638445206321, 46.14103245180048], [2.550414163513886, 46.14168622423295], [2.559208182923435, 46.13873102483693], [2.556299706215918, 46.12354624374559], [2.550522557940992, 46.11895797457817]]]}",11401,076,15,1,23,74
76502,76750,PIERREVAL,SEINE-MARITIME,HAUTE-NORMANDIE,"Commune simple",165.0,396.0,0.4,"49.5403359016, 1.2537667625","{""type"": ""Polygon"", ""coordinates"": [[[1.271259952647714, 49.52846256438918], [1.253117281110769, 49.533218650712755], [1.244550074625, 49.53010153020837], [1.236214059899069, 49.541603752557556], [1.250321404087563, 49.55042861952116], [1.255150146261832, 49.5490059580211], [1.258626394122735, 49.551608796275346], [1.269851268625873, 49.54446123203947], [1.263058533800927, 49.535761533465255], [1.271259952647714, 49.52846256438918]]]}",17621,502,08,3,76,23
21283,21580,FRAIGNOT-ET-VESVROTTE,COTE-D'OR,BOURGOGNE,"Commune simple",462.0,1181.0,0.1,"47.6494704786, 4.9384456562","{""type"": ""Polygon"", ""coordinates"": [[[4.944000689321205, 47.630782761102516], [4.921547942917314, 47.64384947483382], [4.89956599801321, 47.652105082434986], [4.908267340962796, 47.65285464279869], [4.911819958765864, 47.66237631874318], [4.926086959907127, 47.66440193261349], [4.932246404383503, 47.66960333999924], [4.940791000768464, 47.66851639352942], [4.94088940826738, 47.66499436589753], [4.960336575275752, 47.65378435681623], [4.970058870431125, 47.63415471765698], [4.967316431862066, 47.63203102809967], [4.959551316892406, 47.633133977386535], [4.951395361043519, 47.633756732755074], [4.944000689321205, 47.630782761102516]]]}",2164,283,16,2,21,26
51441,51300,PONTHION,MARNE,CHAMPAGNE-ARDENNE,"Commune simple",107.0,719.0,0.1,"48.7551656451, 4.71748764846","{""type"": ""Polygon"", ""coordinates"": [[[4.749409988588217, 48.7349111318209], [4.729764985273889, 48.744994420137026], [4.720570951441143, 48.7433910121209], [4.719198409821875, 48.75004099665183], [4.714367589412874, 48.75124397940131], [4.68931292094292, 48.749711925636575], [4.682272653225747, 48.75498407983027], [4.71003073149855, 48.767948940925635], [4.724410741621397, 48.768632793056426], [4.733085719258367, 48.7659433421733], [4.730357214674032, 48.76327507921495], [4.750045512711639, 48.73561252903651], [4.749409988588217, 48.7349111318209]]]}",2602,441,28,4,51,21
30099,30170,CROS,GARD,LANGUEDOC-ROUSSILLON,"Commune simple",430.0,1670.0,0.3,"44.0012514545, 3.82331277161","{""type"": ""Polygon"", ""coordinates"": [[[3.851674844179469, 43.985207642845026], [3.845681976295177, 43.97616382304705], [3.828974077081517, 43.981682948257266], [3.815105739970835, 43.98113918126623], [3.800983465008234, 43.992664923402906], [3.809596190528483, 44.003941978463786], [3.786609039239546, 44.019761410562886], [3.791587132213018, 44.028843002406184], [3.800856131790663, 44.02708346933185], [3.820256904378577, 44.016895208613086], [3.837647606096779, 44.01464833819467], [3.852239219370551, 44.00211499736168], [3.851674844179469, 43.985207642845026]]]}",4055,099,28,3,30,91
81269,81490,SAINT-SALVY-DE-LA-BALME,TARN,MIDI-PYRENEES,"Commune simple",523.0,1885.0,0.6,"43.6117421353, 2.37969793328","{""type"": ""Polygon"", ""coordinates"": [[[2.417593669771021, 43.60368656240851], [2.405213912576807, 43.60465426299157], [2.389413531984892, 43.59306731009673], [2.384808025435724, 43.593086317485984], [2.379735854840772, 43.59848320433429], [2.377029902205249, 43.5956963694764], [2.351025946972058, 43.60052000464861], [2.332495061159943, 43.60015579786365], [2.333241253054318, 43.60519924585716], [2.344103676344851, 43.61902333423565], [2.358273449413224, 43.62006171560008], [2.39817015539956, 43.63163650668803], [2.41117658493744, 43.62812650076793], [2.420551517813658, 43.6062847766125], [2.417593669771021, 43.60368656240851]]]}",4182,269,19,2,81,73
35027,35360,BOISGERVILLY,ILLE-ET-VILAINE,BRETAGNE,"Commune simple",91.0,2006.0,1.5,"48.1663042024, -2.08373655963","{""type"": ""Polygon"", ""coordinates"": [[[-2.044605392473603, 48.151483319937476], [-2.068661430755782, 48.14647463171236], [-2.0868368225831, 48.15220158620902], [-2.091103254907954, 48.14600302197149], [-2.091766336906963, 48.14589321613969], [-2.097784558052767, 48.15128665629036], [-2.112244261215427, 48.15240953589314], [-2.115211145494231, 48.15882720185435], [-2.124470976679019, 48.156756754840956], [-2.125751256777747, 48.176592828604704], [-2.110855932078489, 48.185237497190684], [-2.102664840333574, 48.18140842959259], [-2.087839672781195, 48.18216630100232], [-2.081173144364963, 48.177485572775076], [-2.071671099532592, 48.17947261620531], [-2.061781335186908, 48.18641656763573], [-2.043816870106431, 48.180730575678986], [-2.049778877053059, 48.16457024836685], [-2.044605392473603, 48.151483319937476]]]}",5696,027,22,3,35,53
49269,49280,SAINT-CHRISTOPHE-DU-BOIS,MAINE-ET-LOIRE,"PAYS DE LA LOIRE","Commune simple",103.0,2180.0,2.6,"47.0291789736, -0.965837562307","{""type"": ""Polygon"", ""coordinates"": [[[-0.934117761847173, 47.00816445683207], [-0.940689097320853, 47.00286491105615], [-0.959468105302555, 46.99839046026504], [-0.974087351175916, 47.01261774833947], [-0.978010346123947, 47.01470016193946], [-0.985698149862482, 47.012785073141146], [-1.002263775826722, 47.02128950473915], [-1.000269123488192, 47.0239008846935], [-1.005481643160983, 47.028588086528785], [-1.003210684822118, 47.03422908244356], [-0.979431611053263, 47.040406299759944], [-0.972617425758938, 47.04564419994899], [-0.972659758869243, 47.05248486443041], [-0.989592533985379, 47.065459026382456], [-0.971410156838097, 47.06506719275715], [-0.958318352556964, 47.060153100645174], [-0.949501166937357, 47.04081243079674], [-0.944859865301025, 47.03955588728609], [-0.93458045184131, 47.02915252010906], [-0.939863309473189, 47.013395118391365], [-0.934117761847173, 47.00816445683207]]]}",17346,269,40,2,49,52
62678,62240,QUESQUES,PAS-DE-CALAIS,NORD-PAS-DE-CALAIS,"Commune simple",140.0,1407.0,0.6,"50.7016785113, 1.9419210746","{""type"": ""Polygon"", ""coordinates"": [[[1.974290786053651, 50.68602540420043], [1.961595889424972, 50.69056868493808], [1.9519898438434, 50.68782269156172], [1.931398131559981, 50.690214024934164], [1.923050564359992, 50.6861753052681], [1.91000321042967, 50.69111414759941], [1.909039265796076, 50.70425299818666], [1.901952240639607, 50.70844436698707], [1.910101765825211, 50.716485038743876], [1.91934119552776, 50.718028425545604], [1.943608035355458, 50.712852523134785], [1.958973316120228, 50.71482176220523], [1.966456977662244, 50.71930832454229], [1.967987631594752, 50.7149956056849], [1.965420586078344, 50.708566844562476], [1.982232323238417, 50.70122121439553], [1.983496284082796, 50.694635551130816], [1.974290786053651, 50.68602540420043]]]}",14218,678,21,3,62,31
10276,10160,PAISY-COSDON,AUBE,CHAMPAGNE-ARDENNE,"Commune simple",187.0,1766.0,0.3,"48.2147753548, 3.69896514252","{""type"": ""Polygon"", ""coordinates"": [[[3.699159890728137, 48.1751867143239], [3.682342271948526, 48.191788097726196], [3.669460005059601, 48.19683787503804], [3.667954498828521, 48.203370120837505], [3.672404308223994, 48.20926569070302], [3.681998647720552, 48.20998453498533], [3.68349131154268, 48.22025180452374], [3.700507968926221, 48.23219160993698], [3.686178086778641, 48.253942821148556], [3.685157565701092, 48.258357709930216], [3.707341228623426, 48.2506418324837], [3.716582363081178, 48.24262296011756], [3.726501610072344, 48.241014752102075], [3.733043825908505, 48.235854465190656], [3.723536789252508, 48.23306065574836], [3.715335822051686, 48.22421145161729], [3.708083938747345, 48.200598863032276], [3.713444527712757, 48.18392869064623], [3.704330904840278, 48.17555190695629], [3.699159890728137, 48.1751867143239]]]}",7607,276,01,3,10,21
57517,57720,OBERGAILBACH,MOSELLE,LORRAINE,"Commune simple",333.0,901.0,0.3,"49.1140388578, 7.22339792872","{""type"": ""Polygon"", ""coordinates"": [[[7.209423591786155, 49.09605292848249], [7.200731593013289, 49.104856853127], [7.198331807843673, 49.11517803686516], [7.211110119620421, 49.12489621746545], [7.24544598638661, 49.12971199074481], [7.24911123650979, 49.12739453331964], [7.242698394623068, 49.106398628034285], [7.224582947993301, 49.10153548052762], [7.209423591786155, 49.09605292848249]]]}",25118,517,36,6,57,41
35265,35190,SAINT-DOMINEUC,ILLE-ET-VILAINE,BRETAGNE,"Commune simple",46.0,1579.0,2.2,"48.3604701508, -1.86929825665","{""type"": ""Polygon"", ""coordinates"": [[[-1.847392833941838, 48.343575599293125], [-1.849943086380625, 48.34058659401319], [-1.869502155959844, 48.336438797186545], [-1.883760997618075, 48.3397360607113], [-1.883778183149735, 48.343268933243], [-1.894860651557817, 48.350617249116475], [-1.90017717472321, 48.3639816496647], [-1.882948400723504, 48.38164914230528], [-1.856276110935728, 48.37782471449546], [-1.854002575483874, 48.38426365040331], [-1.849475373360404, 48.38564799555566], [-1.844192391755515, 48.38060027398916], [-1.843683845005991, 48.37156228734745], [-1.839119061410644, 48.37076650075538], [-1.847532337992529, 48.36283260142842], [-1.847392833941838, 48.343575599293125]]]}",28677,265,41,4,35,53
21292,21110,GENLIS,COTE-D'OR,BOURGOGNE,"Chef-lieu canton",198.0,1213.0,5.6,"47.2407395134, 5.2209768706","{""type"": ""Polygon"", ""coordinates"": [[[5.227629698163733, 47.213310175981675], [5.221666675884969, 47.22030546281002], [5.197099049474454, 47.24895406038774], [5.199320024588336, 47.251514703958506], [5.193496699414831, 47.259532322416256], [5.203029414777836, 47.26650240067551], [5.211941579604795, 47.267980868782736], [5.219288363578917, 47.260698687993546], [5.226702882639791, 47.258611224379365], [5.233325456993678, 47.24416403678235], [5.245791833203588, 47.235178113324224], [5.242936115740775, 47.23011784743588], [5.243005903769181, 47.21562534289193], [5.240511856695871, 47.21318785235519], [5.227629698163733, 47.213310175981675]]]}",35825,292,14,2,21,26
39561,39260,VILLARDS-D'HERIA,JURA,FRANCHE-COMTE,"Commune simple",704.0,988.0,0.5,"46.405625846, 5.73583236127","{""type"": ""Polygon"", ""coordinates"": [[[5.730391039709939, 46.37557344530754], [5.721759862679524, 46.37242804334265], [5.719554435730013, 46.37545396594047], [5.720331965853429, 46.38897745997516], [5.727052994645555, 46.39789006418071], [5.725072013418776, 46.400991790502935], [5.720062798254067, 46.406319091728754], [5.731899486167479, 46.4250023783197], [5.745299124100869, 46.434952332693314], [5.751287903685415, 46.43069957325492], [5.749911530024597, 46.420452250127724], [5.754384982118597, 46.41925415759099], [5.757186316525752, 46.42209677979246], [5.760925382746374, 46.42054675451422], [5.751247833542586, 46.410517960285894], [5.736042629841875, 46.39328693025258], [5.740042028943383, 46.387091116619374], [5.730391039709939, 46.37557344530754]]]}",9904,561,16,3,39,43
57109,57570,BREISTROFF-LA-GRANDE,MOSELLE,LORRAINE,"Commune simple",195.0,1063.0,0.6,"49.4517934888, 6.22461967843","{""type"": ""Polygon"", ""coordinates"": [[[6.224605645385805, 49.434378030462526], [6.219693593746857, 49.43457179402012], [6.216130961253274, 49.44377893875563], [6.192307991893546, 49.44581288886138], [6.206535521092583, 49.46269874279182], [6.202937312852421, 49.47206795625618], [6.212776129324841, 49.47246398295257], [6.232067532389993, 49.46139021139159], [6.246562170285181, 49.45773707846084], [6.25516382160691, 49.449302201790886], [6.254894553026396, 49.44591811494875], [6.253229070886091, 49.44270648834367], [6.244551095005502, 49.43919727824973], [6.243843053539025, 49.43584290458073], [6.233662648148776, 49.437149862315174], [6.224605645385805, 49.434378030462526]]]}",6126,109,05,7,57,41
2B316,20220,SANTA-REPARATA-DI-BALAGNA,HAUTE-CORSE,CORSE,"Commune simple",201.0,1015.0,1.0,"42.6011280818, 8.93155852318","{""type"": ""Polygon"", ""coordinates"": [[[8.924742679767105, 42.58116519451485], [8.915466785530771, 42.58856779276449], [8.916885113921778, 42.598324912658654], [8.918890249408488, 42.602324732541405], [8.915367207929627, 42.60812776134711], [8.923397732037659, 42.626119239375086], [8.935265811531812, 42.62206092180055], [8.940631750803853, 42.610763083228285], [8.952397887813497, 42.602525031760635], [8.94889524239378, 42.60049351687142], [8.949151214553009, 42.58735242511416], [8.94180989535529, 42.583560415856205], [8.924742679767105, 42.58116519451485]]]}",18656,316,20,5,2B,94
30111,30700,FOISSAC,GARD,LANGUEDOC-ROUSSILLON,"Commune simple",138.0,392.0,0.4,"44.0356153911, 4.2996904256","{""type"": ""Polygon"", ""coordinates"": [[[4.308195438450803, 44.02475975537124], [4.306147468235724, 44.02194882324459], [4.293239138882718, 44.023713368960045], [4.290554335444011, 44.0357077447821], [4.292224115397273, 44.0493610634517], [4.311002140335894, 44.044268041758], [4.305874376116098, 44.031259401645244], [4.308195438450803, 44.02475975537124]]]}",24248,111,26,2,30,91
59453,59670,OUDEZEELE,NORD,NORD-PAS-DE-CALAIS,"Commune simple",26.0,956.0,0.7,"50.8399999116, 2.51032290122","{""type"": ""Polygon"", ""coordinates"": [[[2.509606785217115, 50.82059831687744], [2.501778341798523, 50.82446107500224], [2.486918265013915, 50.82597087713627], [2.4879378735449, 50.83568254410685], [2.500113444992198, 50.853567466206705], [2.519560662132605, 50.86368285627744], [2.530990671699968, 50.84811609232713], [2.52425330424883, 50.839809806956374], [2.532484906477431, 50.83229575220063], [2.516769934929313, 50.82243861434303], [2.509606785217115, 50.82059831687744]]]}",23920,453,60,4,59,31
70368,70180,MONTOT,HAUTE-SAONE,FRANCHE-COMTE,"Commune simple",234.0,1009.0,0.1,"47.5521723024, 5.61575354895","{""type"": ""Polygon"", ""coordinates"": [[[5.603295039514621, 47.533503408843316], [5.595865504846873, 47.54181080990144], [5.583419332892618, 47.54490624858528], [5.586470088672277, 47.547477428088534], [5.588243038526898, 47.54810454208606], [5.597272078007886, 47.551596308888364], [5.610343539535728, 47.56673211605519], [5.621737859590366, 47.57385265377048], [5.634246082434174, 47.56949098842293], [5.637849078310142, 47.566995861543866], [5.630687757667439, 47.539931383934125], [5.617882900956695, 47.53484284892738], [5.603295039514621, 47.533503408843316]]]}",26596,368,06,2,70,43
72073,72550,CHAUFOUR-NOTRE-DAME,SARTHE,"PAYS DE LA LOIRE","Commune simple",99.0,1121.0,1.1,"48.0183975387, 0.0629705204295","{""type"": ""Polygon"", ""coordinates"": [[[0.04795990173438, 47.98113693377535], [0.037700520466621, 47.98134713902487], [0.044454895748239, 47.99756490500758], [0.036953556863, 48.00621946601805], [0.036533467229858, 48.01300795410275], [0.045796974627055, 48.01584351001985], [0.047864858600365, 48.0225683437902], [0.040671746472931, 48.03141992209797], [0.060160022263616, 48.03273689941525], [0.066146225999229, 48.037857126565235], [0.084273152141042, 48.03151782080735], [0.09558547681344, 48.042873709286354], [0.102639405128349, 48.04427223504116], [0.090935317120733, 48.026819983381536], [0.096191149752832, 48.02179891948171], [0.092828321065313, 48.01948260758572], [0.082894296157249, 48.01950685591466], [0.057481898980441, 48.008454866213164], [0.05547911558994, 47.99861593109345], [0.045820866205453, 47.99111531176656], [0.04795990173438, 47.98113693377535]]]}",4775,073,40,3,72,52
73033,73360,"LA BAUCHE",SAVOIE,RHONE-ALPES,"Commune simple",676.0,658.0,0.4,"45.4819870888, 5.7703646358","{""type"": ""Polygon"", ""coordinates"": [[[5.793481917329212, 45.482089368569056], [5.768124601271531, 45.46803122583714], [5.758953403857207, 45.46926630034181], [5.748382281519639, 45.475859887532856], [5.758379157955086, 45.49199499327179], [5.766864145492772, 45.4946513580389], [5.78596424844788, 45.491809138637805], [5.793965431966176, 45.48787995728003], [5.791943073977184, 45.48511007342316], [5.793481917329212, 45.482089368569056]]]}",18423,033,14,2,73,82
16171,16130,JUILLAC-LE-COQ,CHARENTE,POITOU-CHARENTES,"Commune simple",70.0,1456.0,0.7,"45.5891696148, -0.256462985988","{""type"": ""Polygon"", ""coordinates"": [[[-0.220837802847773, 45.57093943920758], [-0.228294961913757, 45.57229357633583], [-0.284881851075329, 45.58089182332423], [-0.290007459983119, 45.58572584515041], [-0.287971161954777, 45.59380662733306], [-0.292471869940545, 45.59911850418665], [-0.285710440287993, 45.60330889587624], [-0.262813754141537, 45.60651722825073], [-0.243595447285634, 45.605261795052485], [-0.235408250413422, 45.589293507671805], [-0.214116566370456, 45.580720892464605], [-0.220837802847773, 45.57093943920758]]]}",14754,171,27,2,16,54
57399,57630,LEZEY,MOSELLE,LORRAINE,"Commune simple",216.0,752.0,0.1,"48.7576127729, 6.62184289204","{""type"": ""Polygon"", ""coordinates"": [[[6.641234851702112, 48.735314408029744], [6.633934004655214, 48.73680655916771], [6.613916661432973, 48.75084791310651], [6.608996485703989, 48.74998843522841], [6.605964165869249, 48.76186555423008], [6.589436417565174, 48.767081445259606], [6.611893891013847, 48.77237322090392], [6.62081454006857, 48.76960905645954], [6.629567575490396, 48.772278345283524], [6.64127286515109, 48.75634579765574], [6.639567794500729, 48.75298545278635], [6.635415779872567, 48.747331707187165], [6.641234851702112, 48.735314408029744]]]}",32980,399,34,2,57,41
33071,33420,BRANNE,GIRONDE,AQUITAINE,"Chef-lieu canton",31.0,243.0,1.3,"44.8281852222, -0.180276839156","{""type"": ""Polygon"", ""coordinates"": [[[-0.17940614496987, 44.82051209792192], [-0.187789648609033, 44.82100125898843], [-0.193969705624138, 44.82504039452262], [-0.18777733557684, 44.83260728165714], [-0.170421283198219, 44.83942117748498], [-0.172973107511623, 44.83325706400201], [-0.16800834766903, 44.824487574578605], [-0.17940614496987, 44.82051209792192]]]}",17766,071,16,5,33,72
76554,76116,SAINT-AIGNAN-SUR-RY,SEINE-MARITIME,HAUTE-NORMANDIE,"Commune simple",142.0,784.0,0.3,"49.4965544546, 1.34755871373","{""type"": ""Polygon"", ""coordinates"": [[[1.350424157955143, 49.48529275392653], [1.331993204431786, 49.482199762959276], [1.325368935951726, 49.485209806882075], [1.320891283267683, 49.494299200282946], [1.333824555580169, 49.49892745043752], [1.343642939768158, 49.51333705170888], [1.358470180472322, 49.51075202608048], [1.365631657663626, 49.50217412787757], [1.37583414519191, 49.50210449293484], [1.372980922050298, 49.49587258811902], [1.35508942499559, 49.485679789867646], [1.350424157955143, 49.48529275392653]]]}",36402,554,08,3,76,23
95149,95270,CHAUMONTEL,VAL-D'OISE,ILE-DE-FRANCE,"Commune simple",64.0,422.0,3.3,"49.1289962967, 2.43643330005","{""type"": ""Polygon"", ""coordinates"": [[[2.461295734029403, 49.136608506855794], [2.433198270741262, 49.117175454357664], [2.415546971513588, 49.12401422736985], [2.414659768329434, 49.12736362184595], [2.420116854901277, 49.13309941297074], [2.435398993223297, 49.13394532077736], [2.45639448359367, 49.140110949259686], [2.461071732454063, 49.139700416514565], [2.461295734029403, 49.136608506855794]]]}",25190,149,15,2,95,11
01022,01510,ARTEMARE,AIN,RHONE-ALPES,"Commune simple",267.0,334.0,1.1,"45.8695891748, 5.69065283943","{""type"": ""Polygon"", ""coordinates"": [[[5.704706905938662, 45.86124707033062], [5.698163219213629, 45.86166483878199], [5.677157395951472, 45.86329983581697], [5.679016177470633, 45.87952802775626], [5.703597396740951, 45.87465377778806], [5.704706905938662, 45.86124707033062]]]}",3662,022,09,1,01,82
82105,82600,MAS-GRENIER,TARN-ET-GARONNE,MIDI-PYRENEES,"Commune simple",126.0,2449.0,1.1,"43.895387967, 1.18134234627","{""type"": ""Polygon"", ""coordinates"": [[[1.219193985006417, 43.87491290511698], [1.213125283614091, 43.869619829665915], [1.199698866707863, 43.87083040759417], [1.191351697523063, 43.8676228514282], [1.168535540542565, 43.87141006431031], [1.162991904465049, 43.88089468291852], [1.148195297167219, 43.89238297210182], [1.150361630343662, 43.91234982049736], [1.157885001980883, 43.92038066858156], [1.174933305393434, 43.92547388928492], [1.181037333766752, 43.93051775959176], [1.186536650647768, 43.92953796161307], [1.188806101989858, 43.90944746933849], [1.201397121462979, 43.910546748426796], [1.211350684131728, 43.899269048354775], [1.209241467832916, 43.89626391961658], [1.204870210471125, 43.8876135501355], [1.217366505243045, 43.88442472798038], [1.219193985006417, 43.87491290511698]]]}",3035,105,23,2,82,73
48129,48300,ROCLES,LOZERE,LANGUEDOC-ROUSSILLON,"Commune simple",1114.0,1979.0,0.2,"44.7026866095, 3.78578869081","{""type"": ""Polygon"", ""coordinates"": [[[3.79680412655797, 44.67041104626015], [3.779447481556804, 44.668887082545815], [3.769480884170083, 44.682776782373], [3.767331973405333, 44.70289601136336], [3.762347413497404, 44.712365921801386], [3.762273926197299, 44.72279230628082], [3.7735602509457, 44.72896240322316], [3.780017378293216, 44.74195408197528], [3.7903208160594, 44.73710022848897], [3.796992491197599, 44.71762305033686], [3.81011269784627, 44.70886658913203], [3.809299991076912, 44.69887880511517], [3.809425033908081, 44.68298704007349], [3.800825250541478, 44.68258142963865], [3.79680412655797, 44.67041104626015]]]}",1378,129,10,2,48,91
78125,78720,"LA CELLE-LES-BORDES",YVELINES,ILE-DE-FRANCE,"Commune simple",162.0,2286.0,0.9,"48.6416446846, 1.94488436228","{""type"": ""Polygon"", ""coordinates"": [[[1.93152797886658, 48.610922332532816], [1.926605367157217, 48.620755564816584], [1.904752584794914, 48.635363771705435], [1.909677692704537, 48.65238388353102], [1.909021994452395, 48.6577842633037], [1.928792753748439, 48.66040140512776], [1.929866016357922, 48.663694424568995], [1.9456759226586, 48.65613512691275], [1.961660388689249, 48.664173531903934], [1.981848817154452, 48.66163105260696], [1.987815696076556, 48.65642850549377], [1.98021739020667, 48.647799961738855], [1.977788851558518, 48.63104723537214], [1.966184952867384, 48.624200271656925], [1.941800482539552, 48.618831498358986], [1.93152797886658, 48.610922332532816]]]}",17571,125,19,2,78,11
17392,17240,SAINT-ROMAIN-SUR-GIRONDE,CHARENTE-MARITIME,POITOU-CHARENTES,"Commune simple",5.0,293.0,0.1,"45.450445089, -0.76304021283","{""type"": ""Polygon"", ""coordinates"": [[[-0.766146594875857, 45.43956396553627], [-0.77300388085856, 45.448330191385395], [-0.781017857010157, 45.451476827301946], [-0.765632815962908, 45.45786335388102], [-0.7523740212821, 45.45671227123797], [-0.750243015536849, 45.45948800901506], [-0.747038356501789, 45.45451984176695], [-0.754289567478094, 45.450563153377296], [-0.754651919151501, 45.444556180009705], [-0.766146594875857, 45.43956396553627]]]}",36330,392,08,4,17,54
22135,22540,LOUARGAT,COTES-D'ARMOR,BRETAGNE,"Commune simple",178.0,5843.0,2.3,"48.5612002546, -3.34101341684","{""type"": ""Polygon"", ""coordinates"": [[[-3.329137571875471, 48.50963880198973], [-3.338305170202146, 48.51255153010777], [-3.353360665599879, 48.512034688457746], [-3.356807329096285, 48.522409259600586], [-3.37867322715945, 48.54229998274643], [-3.37789996861362, 48.54933593309032], [-3.39077460694136, 48.572604738922706], [-3.383125924644383, 48.58547947126505], [-3.37967911928137, 48.60973342269508], [-3.376013445677273, 48.61225851496973], [-3.34011749736876, 48.61645330315328], [-3.329023971867435, 48.602624145101416], [-3.320397835675938, 48.59047668896405], [-3.321773630684926, 48.5837436150395], [-3.309528578722192, 48.57717550238966], [-3.305711954489791, 48.56357125962799], [-3.29714846341623, 48.55997397379211], [-3.294697505037057, 48.553389987363595], [-3.286950824676028, 48.54899071235169], [-3.28202408897489, 48.52890207074292], [-3.314568095560332, 48.51913332544511], [-3.329137571875471, 48.50963880198973]]]}",6945,135,02,2,22,53
22276,22800,SAINT-BIHY,COTES-D'ARMOR,BRETAGNE,"Commune simple",235.0,841.0,0.2,"48.3758879251, -2.96669144631","{""type"": ""Polygon"", ""coordinates"": [[[-2.954134226443445, 48.36277152108061], [-2.958804175298066, 48.36121000860977], [-2.992952514985641, 48.3695358788364], [-3.00680185124883, 48.36642423566], [-3.00309133365262, 48.36748784610455], [-3.006164790971016, 48.372456821622166], [-2.952519511853066, 48.39081319351858], [-2.947432751438929, 48.390753181804364], [-2.942498317251944, 48.385217831593884], [-2.937584978458764, 48.38608702414522], [-2.932016570075558, 48.385355836955625], [-2.936944141036889, 48.37982167321975], [-2.94932351678422, 48.37528409964511], [-2.954134226443445, 48.36277152108061]]]}",8056,276,41,4,22,53
43254,43320,VAZEILLES-LIMANDRE,HAUTE-LOIRE,AUVERGNE,"Commune simple",1037.0,1195.0,0.2,"45.1168091286, 3.69404145976","{""type"": ""Polygon"", ""coordinates"": [[[3.70336781312504, 45.09523009556603], [3.694459807057846, 45.09244057957029], [3.690081149529155, 45.09403452232544], [3.6789887471643, 45.109139852073255], [3.672092923486008, 45.11939255320131], [3.670536859694193, 45.139166519328064], [3.679793136797123, 45.13869630003736], [3.692115152419419, 45.13307382199579], [3.698932577776463, 45.1248463155803], [3.727454957474456, 45.12234980042445], [3.731463484181414, 45.119595244781], [3.726331669460197, 45.11420813415996], [3.704242537089745, 45.11118928457824], [3.706319879170426, 45.10148745597778], [3.70336781312504, 45.09523009556603]]]}",11467,254,12,2,43,83
77055,77177,BROU-SUR-CHANTEREINE,SEINE-ET-MARNE,ILE-DE-FRANCE,"Commune simple",53.0,438.0,4.2,"48.8901616457, 2.63989859744","{""type"": ""Polygon"", ""coordinates"": [[[2.62567883164549, 48.8741333244374], [2.622212259928947, 48.87651461475821], [2.622614481021128, 48.88309884945921], [2.629712956489977, 48.891592473825085], [2.626680032874987, 48.89422700294278], [2.644768231502039, 48.90376959103144], [2.657497269507203, 48.89729578116062], [2.651837796677051, 48.88287263812261], [2.632740371367683, 48.88196123609086], [2.62567883164549, 48.8741333244374]]]}",25769,055,36,5,77,11
33380,33820,SAINT-CAPRAIS-DE-BLAYE,GIRONDE,AQUITAINE,"Commune simple",36.0,509.0,0.6,"45.2880354799, -0.566771692266","{""type"": ""Polygon"", ""coordinates"": [[[-0.561941916216968, 45.2772692408749], [-0.568986177145288, 45.28101047980212], [-0.577148012012572, 45.278279841745814], [-0.58537540016092, 45.285506549446644], [-0.585420430008688, 45.291760578976444], [-0.579769235466087, 45.29582655583573], [-0.567662419893807, 45.297421366161714], [-0.555443260088799, 45.29666589060991], [-0.548704230136651, 45.29312137483201], [-0.55080954835465, 45.28107562587484], [-0.561941916216968, 45.2772692408749]]]}",31210,380,40,1,33,72
68068,68210,DANNEMARIE,HAUT-RHIN,ALSACE,"Chef-lieu canton",316.0,434.0,2.3,"47.6251404599, 7.12181938903","{""type"": ""Polygon"", ""coordinates"": [[[7.110626878042928, 47.61314900380302], [7.10547321369098, 47.62620138237266], [7.108880039625359, 47.63286843348472], [7.118044484136073, 47.637061075828356], [7.142952659773011, 47.62861737610628], [7.132793811301765, 47.61727819267624], [7.110626878042928, 47.61314900380302]]]}",33890,068,05,1,68,42
18164,18600,NEUVY-LE-BARROIS,CHER,CENTRE,"Commune simple",202.0,4225.0,0.2,"46.8597953067, 3.01962993984","{""type"": ""Polygon"", ""coordinates"": [[[3.054583668833855, 46.83876960218287], [3.008120495645373, 46.82910313824531], [2.978392392009612, 46.83174852603619], [2.966384943972125, 46.83694085749198], [2.969712485757576, 46.84606264881214], [2.961609895250291, 46.85424468239775], [2.978364958955326, 46.86760164061202], [2.986712678885442, 46.874634829931374], [2.984871533576536, 46.8852950077318], [2.989795979527936, 46.88627695319471], [3.002350497054885, 46.88083913978052], [3.013920908471102, 46.887699148874084], [3.039202896146312, 46.88920593984282], [3.061144741859154, 46.897380734459745], [3.063605444947358, 46.889951359701165], [3.06940152075015, 46.85225833137049], [3.054583668833855, 46.83876960218287]]]}",1683,164,26,2,18,24
18248,18340,SENNECAY,CHER,CENTRE,"Commune simple",172.0,1464.0,0.4,"46.9523538586, 2.43947669146","{""type"": ""Polygon"", ""coordinates"": [[[2.447795247053528, 46.92244573393788], [2.440967722825891, 46.91930649397704], [2.432642964294776, 46.92118362985945], [2.417727426900372, 46.94194409546007], [2.412332949969, 46.95807851501797], [2.425717985216081, 46.9607480267699], [2.425707840158164, 46.974082490282576], [2.470779503625105, 46.97489230357028], [2.474982205174754, 46.97016657274122], [2.454479832645966, 46.95547641719131], [2.445421534735486, 46.93606610797193], [2.447795247053528, 46.92244573393788]]]}",33169,248,17,1,18,24
33003,33440,AMBARES-ET-LAGRAVE,GIRONDE,AQUITAINE,"Commune simple",9.0,2467.0,13.2,"44.9444897713, -0.500579133995","{""type"": ""Polygon"", ""coordinates"": [[[-0.484064827492304, 44.91570856031162], [-0.501665523562538, 44.91807501376646], [-0.536136088884488, 44.925824164214106], [-0.519537440092914, 44.9570661004351], [-0.517378830023392, 44.988191914892916], [-0.508283888892769, 44.98755994358835], [-0.501162390317486, 44.982737361594616], [-0.494815837782841, 44.96589437444642], [-0.47796682987666, 44.953174635696726], [-0.472043018741387, 44.940120771949], [-0.463832867614091, 44.93642065271327], [-0.466462450359757, 44.919647966767876], [-0.4745038103257, 44.92229864675262], [-0.484064827492304, 44.91570856031162]]]}",10395,003,19,2,33,72
85238,85290,SAINT-LAURENT-SUR-SEVRE,VENDEE,"PAYS DE LA LOIRE","Commune simple",149.0,1548.0,3.4,"46.9506837971, -0.901123752328","{""type"": ""Polygon"", ""coordinates"": [[[-0.867309297913671, 46.92861008832452], [-0.891739992970325, 46.930915184461824], [-0.90106325150565, 46.93847851568074], [-0.909698253053675, 46.93521995039404], [-0.931683189734009, 46.9432699931023], [-0.937609353520381, 46.94872884990543], [-0.93842442664229, 46.95196432741077], [-0.930956437660059, 46.95607764255696], [-0.925851672642637, 46.96518518639929], [-0.913595682738527, 46.96868500068727], [-0.904775371132162, 46.967812274266564], [-0.902217134528062, 46.97031479934714], [-0.898676355388236, 46.96778436681247], [-0.883673265544492, 46.969372612359805], [-0.879691809771095, 46.95996047938776], [-0.866934676376389, 46.95813567778566], [-0.865343010467815, 46.95134720988924], [-0.878514039223011, 46.95217563520166], [-0.882424912237036, 46.94980834711245], [-0.881000137199257, 46.94646692459808], [-0.867309297913671, 46.92861008832452]]]}",4423,238,15,2,85,52
2A189,20113,OLMETO,CORSE-DU-SUD,CORSE,"Chef-lieu canton",293.0,4413.0,1.2,"41.7120554576, 8.90482669447","{""type"": ""Polygon"", ""coordinates"": [[[8.919000774014767, 41.680711272553744], [8.915782780480423, 41.68156786818509], [8.912302335015424, 41.690968093421525], [8.889315169725753, 41.68962827118424], [8.878116018822956, 41.69517224656316], [8.842189634031858, 41.697615536296205], [8.825422528560061, 41.70938857854545], [8.828466316025997, 41.71611846874428], [8.84365302121133, 41.72370563396094], [8.87517244658922, 41.7224815412354], [8.886861138513062, 41.72794354762737], [8.909345737561104, 41.72915991343567], [8.921161407585275, 41.73955609059169], [8.942402770038065, 41.738160535871344], [8.953286849859746, 41.74305774865664], [8.963495247729481, 41.73113053427608], [8.963738128206705, 41.72056034929133], [8.958860734020647, 41.707254173913604], [8.948864994774866, 41.69572391151835], [8.919000774014767, 41.680711272553744]]]}",532,189,30,4,2A,94
02259,02600,DAMPLEUX,AISNE,PICARDIE,"Commune simple",145.0,817.0,0.4,"49.2414407733, 3.14413128827","{""type"": ""Polygon"", ""coordinates"": [[[3.149593701382809, 49.227958203021686], [3.140732968502814, 49.230432133469264], [3.122754571472159, 49.22653213301113], [3.119259379625667, 49.22871122538968], [3.132753113356151, 49.25551395672709], [3.174869736821577, 49.2497697137042], [3.149593701382809, 49.227958203021686]]]}",18013,259,36,4,02,22
53122,53160,JUBLAINS,MAYENNE,"PAYS DE LA LOIRE","Commune simple",131.0,3649.0,0.7,"48.2455340373, -0.498318427927","{""type"": ""Polygon"", ""coordinates"": [[[-0.506646925224164, 48.20985593305591], [-0.520714081622012, 48.21912855520627], [-0.535142958392561, 48.22185884559655], [-0.540749484883186, 48.22686978840984], [-0.543527527271486, 48.24012549559698], [-0.532604734812647, 48.247748030428745], [-0.533985779122044, 48.25466883894833], [-0.540559522694794, 48.26017322922627], [-0.540274403405028, 48.270584338959054], [-0.529976591596434, 48.27696267145811], [-0.516850582298206, 48.27376035432697], [-0.513989495864204, 48.276376227383935], [-0.503988682285438, 48.26862143477446], [-0.483704492121044, 48.26604181995545], [-0.45159543153988, 48.27667439178876], [-0.45171234183223, 48.256839555307025], [-0.445645765836628, 48.2515138460755], [-0.464186045873463, 48.232607847344006], [-0.472444234588296, 48.228636688917724], [-0.480056268239394, 48.216118735748935], [-0.503927593244454, 48.21050409572301], [-0.506646925224164, 48.20985593305591]]]}",3758,122,03,3,53,52
82073,82400,GOUDOURVILLE,TARN-ET-GARONNE,MIDI-PYRENEES,"Commune simple",86.0,1126.0,0.9,"44.1130087288, 0.925431531851","{""type"": ""Polygon"", ""coordinates"": [[[0.913256475443003, 44.090694081234545], [0.902719507967966, 44.10102700191047], [0.904550850550284, 44.10761666844496], [0.900849686218963, 44.11377634136458], [0.909087724965181, 44.125269459643306], [0.901228664126073, 44.128567666058096], [0.926208186844843, 44.12880905062765], [0.937070720022478, 44.135019466022335], [0.939130990367463, 44.11887873673448], [0.956974319811633, 44.10959711212173], [0.958425789094549, 44.10327673350769], [0.957351618204453, 44.09839486071231], [0.950175752924003, 44.1026815153338], [0.940873920067291, 44.102498076223846], [0.928368328289755, 44.1069171407821], [0.913256475443003, 44.090694081234545]]]}",8635,073,22,1,82,73
67408,67310,ROMANSWILLER,BAS-RHIN,ALSACE,"Commune simple",295.0,1172.0,1.4,"48.6407597718, 7.38032558505","{""type"": ""Polygon"", ""coordinates"": [[[7.348273883893027, 48.62159845937823], [7.349583060974556, 48.6317844454109], [7.339228640154942, 48.638684612086145], [7.339555971858531, 48.64901439994292], [7.366847628350985, 48.64078248284644], [7.386859147179141, 48.65068595302837], [7.387331185853546, 48.657443095189066], [7.398929917300443, 48.65986189686633], [7.415408737252723, 48.65258540458886], [7.423062940159553, 48.645184199702165], [7.414667765438299, 48.6380184120698], [7.399136646863851, 48.63760250297755], [7.378095872847401, 48.62771193226513], [7.348273883893027, 48.62159845937823]]]}",33261,408,33,3,67,42
94053,94880,NOISEAU,VAL-DE-MARNE,ILE-DE-FRANCE,"Commune simple",96.0,458.0,4.7,"48.774315467, 2.55542375351","{""type"": ""Polygon"", ""coordinates"": [[[2.571670046323765, 48.76709893245624], [2.562726320623926, 48.76442226949497], [2.542759058384985, 48.765417797787535], [2.5355537980668, 48.77702829353258], [2.561972312761988, 48.78780388073491], [2.572378892581981, 48.77357717304316], [2.571670046323765, 48.76709893245624]]]}",30614,053,44,2,94,11
02317,02590,FLUQUIERES,AISNE,PICARDIE,"Commune simple",92.0,525.0,0.2,"49.800435087, 3.15658582012","{""type"": ""Polygon"", ""coordinates"": [[[3.151963217723772, 49.78657963600158], [3.15170009516888, 49.786759652650055], [3.136372266359015, 49.80979559637923], [3.138418264548681, 49.81171590935846], [3.152540569982849, 49.81265139518196], [3.162811440853222, 49.811676816203274], [3.17722811158127, 49.79728190049742], [3.166434581783509, 49.79022639678711], [3.167312074306899, 49.78696384571389], [3.151963217723772, 49.78657963600158]]]}",30791,317,33,3,02,22
77188,77590,FONTAINE-LE-PORT,SEINE-ET-MARNE,ILE-DE-FRANCE,"Commune simple",78.0,788.0,0.9,"48.4842448988, 2.76706354211","{""type"": ""Polygon"", ""coordinates"": [[[2.785382445822468, 48.457072462117374], [2.771011951491883, 48.46171466105052], [2.771630583130208, 48.46875987621187], [2.765647977472523, 48.47855401404694], [2.748818116917198, 48.4865351241281], [2.74486390591163, 48.487075456106304], [2.739443952610853, 48.49661746758932], [2.744042614256283, 48.502861668038676], [2.761279225746813, 48.501988957732685], [2.767966469142625, 48.4927903277799], [2.783135311610998, 48.49030010391985], [2.791641535317881, 48.47830558991062], [2.780368319616903, 48.46911821401275], [2.785382445822468, 48.457072462117374]]]}",13304,188,05,2,77,11
61363,61380,SAINT-AQUILIN-DE-CORBION,ORNE,BASSE-NORMANDIE,"Commune simple",238.0,604.0,0.1,"48.6410212867, 0.527395250129","{""type"": ""Polygon"", ""coordinates"": [[[0.562748649616476, 48.64963923552355], [0.545537194436606, 48.63322223741602], [0.519864254966037, 48.6331853191896], [0.511546303186209, 48.636791552273884], [0.501772345479177, 48.635318015093645], [0.493776653272001, 48.63896579109383], [0.509219024688441, 48.64888302999397], [0.519751721096968, 48.65045267448897], [0.52023337116259, 48.64716896908733], [0.529311174538216, 48.64474780705406], [0.562748649616476, 48.64963923552355]]]}",16557,363,25,3,61,25
51101,51110,CAUREL,MARNE,CHAMPAGNE-ARDENNE,"Commune simple",111.0,965.0,0.7,"49.3039168337, 4.14507952597","{""type"": ""Polygon"", ""coordinates"": [[[4.146563234400395, 49.28430202897276], [4.121383030577267, 49.30569275286366], [4.12576792437415, 49.31195405933388], [4.121601221330065, 49.318267920479855], [4.128249634066306, 49.323582053487364], [4.13622683389957, 49.326087420479716], [4.148509478583708, 49.317439677077054], [4.148532722594976, 49.31415805502613], [4.157100474047391, 49.31112749069834], [4.175696031162315, 49.29203225040717], [4.146563234400395, 49.28430202897276]]]}",36539,101,05,3,51,21
07042,07700,BOURG-SAINT-ANDEOL,ARDECHE,RHONE-ALPES,"Chef-lieu canton",219.0,4278.0,7.3,"44.3830866916, 4.61398365069","{""type"": ""Polygon"", ""coordinates"": [[[4.649589907198773, 44.33423285570559], [4.62122081673677, 44.35196820661153], [4.604904527582286, 44.358914957717566], [4.590669852034991, 44.359679844804006], [4.571588291976681, 44.36985773679672], [4.566053001261571, 44.382568447896546], [4.570293575831341, 44.39513994657539], [4.55926617464802, 44.41421307533484], [4.588371812268912, 44.410645950062275], [4.60281951062277, 44.412957680840016], [4.629591643016512, 44.40566800856731], [4.648502863002351, 44.40897906359671], [4.663053490718962, 44.40702258752073], [4.664360847076686, 44.398944462768455], [4.649064367328926, 44.373072961059506], [4.64683712406175, 44.34828350617], [4.649589907198773, 44.33423285570559]]]}",3220,042,04,2,07,82
02587,02840,PARFONDRU,AISNE,PICARDIE,"Commune simple",90.0,911.0,0.3,"49.5385213412, 3.70351915315","{""type"": ""Polygon"", ""coordinates"": [[[3.730242894344334, 49.52727610092685], [3.721032560071578, 49.524257463917884], [3.715994355936433, 49.51839146707484], [3.705875405161183, 49.519394478238475], [3.695901336668291, 49.519910482644136], [3.686774790853759, 49.52704466373477], [3.693061727271783, 49.53968116765503], [3.68189873885905, 49.54665565730241], [3.692816020006894, 49.56140474404408], [3.708520412925134, 49.56005589479022], [3.709626740821141, 49.55213170295091], [3.716200006271316, 49.547024265420326], [3.721914879500172, 49.53104677022574], [3.730242894344334, 49.52727610092685]]]}",21688,587,38,2,02,22
46125,46210,GORSES,LOT,MIDI-PYRENEES,"Commune simple",573.0,3577.0,0.4,"44.7935683292, 2.0315083819","{""type"": ""Polygon"", ""coordinates"": [[[2.073724877088539, 44.756097982998334], [2.056177502245156, 44.76185635113046], [2.036933956779336, 44.76016916627011], [2.03068458128955, 44.76494969723829], [2.028653021655823, 44.77427783191067], [2.002240583682267, 44.77891431596267], [1.990487983680128, 44.78995471717103], [1.989958754487335, 44.79689190936638], [1.984647824537426, 44.80247987135907], [1.978635505602289, 44.825726979262775], [2.004252020656581, 44.81738805821819], [2.007700807632968, 44.81980500981948], [2.001972825505989, 44.82534509710426], [2.028717438641348, 44.81885650904721], [2.03969722677713, 44.829270598785186], [2.041662032158726, 44.826091188853205], [2.068503120454669, 44.820386220070546], [2.04713918721921, 44.80228706214623], [2.049757469101604, 44.795529636295655], [2.072692871999003, 44.77731109131306], [2.077614007794789, 44.7770820349252], [2.087233176717511, 44.77011174920265], [2.083678446638658, 44.76098869330454], [2.073724877088539, 44.756097982998334]]]}",14305,125,15,2,46,73
63266,63340,ORSONNETTE,PUY-DE-DOME,AUVERGNE,"Commune simple",407.0,305.0,0.2,"45.4690430966, 3.30163805809","{""type"": ""Polygon"", ""coordinates"": [[[3.302219003958147, 45.45548609941599], [3.295230577078902, 45.46703970774959], [3.290792357945171, 45.46750153079879], [3.286585019576314, 45.46807964975041], [3.296692291123199, 45.47955238676875], [3.308464915922682, 45.47662113376736], [3.313667543906759, 45.46635935930899], [3.302219003958147, 45.45548609941599]]]}",25925,266,40,3,63,83
57360,57460,KERBACH,MOSELLE,LORRAINE,"Commune simple",291.0,442.0,1.2,"49.162415506, 6.97402349356","{""type"": ""Polygon"", ""coordinates"": [[[6.971923417016763, 49.146675144961904], [6.96728668501145, 49.14848457324338], [6.955914532530902, 49.17223711873611], [6.975251196745297, 49.17034858332957], [6.984319198073013, 49.17703416960956], [6.992153717699173, 49.16468479899264], [6.984644429116652, 49.16093682894185], [6.97759209963438, 49.148477271491416], [6.971923417016763, 49.146675144961904]]]}",27183,360,51,3,57,41
14206,14620,CROCY,CALVADOS,BASSE-NORMANDIE,"Commune simple",77.0,1026.0,0.3,"48.8770844881, -0.0517680920662","{""type"": ""Polygon"", ""coordinates"": [[[-0.059006453001925, 48.853491798472966], [-0.06416593591693, 48.866544657245754], [-0.082433967694481, 48.872564313358524], [-0.076378971989197, 48.87976706455598], [-0.049244457190432, 48.89523904051447], [-0.034628466814724, 48.89831933774946], [-0.029697171079481, 48.89333252472661], [-0.036723546572628, 48.888609676449754], [-0.031031007276696, 48.88319222604147], [-0.031066928957466, 48.873732672539994], [-0.030806876952994, 48.86973438723131], [-0.059006453001925, 48.853491798472966]]]}",23272,206,25,2,14,25
63423,63490,SUGERES,PUY-DE-DOME,AUVERGNE,"Commune simple",551.0,2076.0,0.6,"45.6003604212, 3.41188316397","{""type"": ""Polygon"", ""coordinates"": [[[3.44594010163109, 45.56539703978033], [3.43658970864496, 45.566442289278356], [3.431351969016885, 45.57212657774268], [3.431108999387442, 45.58210492418592], [3.426643088801012, 45.58335562676529], [3.41723863437509, 45.58277858189287], [3.403578352656307, 45.573598444351184], [3.39005731129696, 45.59451044694381], [3.376165630970517, 45.59445871118744], [3.383266405427924, 45.60298036899884], [3.37920964581723, 45.615682002231445], [3.39116224381567, 45.62567254605052], [3.390286726408779, 45.6289173526434], [3.399001064571559, 45.62885978045968], [3.408316086089764, 45.62323431690479], [3.409339149941175, 45.62622023250231], [3.423369157211667, 45.623169686200754], [3.433053664826228, 45.61600093241422], [3.436006687647758, 45.606435306626125], [3.427923542543275, 45.59805575938898], [3.429167569350761, 45.594710200455864], [3.448469875469453, 45.584945609769505], [3.445044205819849, 45.57517089454622], [3.44594010163109, 45.56539703978033]]]}",6214,423,44,3,63,83
25469,25550,PRESENTEVILLERS,DOUBS,FRANCHE-COMTE,"Commune simple",365.0,380.0,0.5,"47.5012810913, 6.72665419806","{""type"": ""Polygon"", ""coordinates"": [[[6.713202475817043, 47.49377155051778], [6.714198957207322, 47.51233059410859], [6.722243861500578, 47.512299037341], [6.734450064776732, 47.506717571601065], [6.745281910075895, 47.49597917364492], [6.74872547871389, 47.49331801367036], [6.713202475817043, 47.49377155051778]]]}",23595,469,30,2,25,43
57546,57140,PLESNOIS,MOSELLE,LORRAINE,"Commune simple",261.0,311.0,0.8,"49.1709600596, 6.11233794217","{""type"": ""Polygon"", ""coordinates"": [[[6.123881600771072, 49.16581596192988], [6.104311806881277, 49.164837734992275], [6.088053882845492, 49.172210998513975], [6.123645663772223, 49.178274696777756], [6.131400067700215, 49.16966050888589], [6.123881600771072, 49.16581596192988]]]}",23773,546,48,4,57,41
70120,70290,CHAMPAGNEY,HAUTE-SAONE,FRANCHE-COMTE,"Chef-lieu canton",422.0,3716.0,3.7,"47.6950851655, 6.68822303825","{""type"": ""Polygon"", ""coordinates"": [[[6.677682067541089, 47.66536035904582], [6.658555885069876, 47.6684929304239], [6.65421198253193, 47.674593826683385], [6.63772981123138, 47.6807576838232], [6.640081529311599, 47.68549596408147], [6.635881631902198, 47.68613129467702], [6.633750536010483, 47.69166682081884], [6.653381804831562, 47.69498329512839], [6.654527119214417, 47.70876031521035], [6.662055772513666, 47.7217608530772], [6.676305856262155, 47.72566570305666], [6.687424096537378, 47.73291139031109], [6.720514186682479, 47.7173474249004], [6.722019601450893, 47.70392772021665], [6.734320922393925, 47.6986966028738], [6.737238239435751, 47.681491804193925], [6.717504869888193, 47.6736692107679], [6.714488599133775, 47.66771891138707], [6.711329826814005, 47.668332929894945], [6.694367991298321, 47.66707747172446], [6.677682067541089, 47.66536035904582]]]}",5763,120,03,1,70,43
44149,44390,SAFFRE,LOIRE-ATLANTIQUE,"PAYS DE LA LOIRE","Commune simple",36.0,5869.0,3.5,"47.4914246553, -1.57940883784","{""type"": ""Polygon"", ""coordinates"": [[[-1.583302913004479, 47.45106739890244], [-1.610032182067811, 47.459659105660215], [-1.620113183053944, 47.459998469128074], [-1.644611454676687, 47.450888970300866], [-1.659425765952089, 47.452469489443516], [-1.647752273998089, 47.46255822355751], [-1.649356766904661, 47.485605519444135], [-1.61481027721523, 47.50148015657664], [-1.592431117411715, 47.520858746958496], [-1.568456910655929, 47.53469553075889], [-1.558331519712221, 47.52728398269017], [-1.50959188443567, 47.52360054170161], [-1.503070020833965, 47.518551424206116], [-1.507627777306319, 47.50268681139349], [-1.561842136749112, 47.464724196393995], [-1.579257284067899, 47.45753865331035], [-1.583302913004479, 47.45106739890244]]]}",6046,149,28,1,44,52
53100,53190,FOUGEROLLES-DU-PLESSIS,MAYENNE,"PAYS DE LA LOIRE","Commune simple",195.0,3380.0,1.4,"48.4830723517, -0.945714822072","{""type"": ""Polygon"", ""coordinates"": [[[-0.918193241163254, 48.451393602641964], [-0.933017611317498, 48.45461399029702], [-0.941080622379091, 48.45054520149503], [-0.94589643192099, 48.451925357537604], [-0.951663815408218, 48.461623570628994], [-0.956008871154237, 48.46356848417653], [-0.970952104111419, 48.460583131315744], [-0.994051409705022, 48.47421087412775], [-1.002974759850275, 48.489069986876736], [-0.973776160761242, 48.49483407306088], [-0.963866928292644, 48.50268645653052], [-0.962230292360317, 48.51277510815108], [-0.95388414113319, 48.51679124873384], [-0.944042326085688, 48.51464158007028], [-0.923879290855613, 48.513138858223705], [-0.918084374718059, 48.500720467759756], [-0.896032708921207, 48.494871148469365], [-0.906909228031035, 48.48843394961795], [-0.903029747049578, 48.48200447369717], [-0.909633239374825, 48.47262687695732], [-0.91317374301531, 48.451991671411136], [-0.918193241163254, 48.451393602641964]]]}",10533,100,15,3,53,52
35056,35190,"LA CHAPELLE-AUX-FILTZMEENS",ILLE-ET-VILAINE,BRETAGNE,"Commune simple",43.0,641.0,0.7,"48.3817396388, -1.8184050063","{""type"": ""Polygon"", ""coordinates"": [[[-1.839119061410644, 48.37076650075538], [-1.843683845005991, 48.37156228734745], [-1.844192391755515, 48.38060027398916], [-1.849475373360404, 48.38564799555566], [-1.84632404720515, 48.387426531487954], [-1.82231220592596, 48.393120961061584], [-1.809923050629619, 48.38699999075979], [-1.789884734097619, 48.38599162401382], [-1.787007586970386, 48.37312881993353], [-1.806446120065108, 48.37310725971714], [-1.828387751447491, 48.38118282070877], [-1.830976776636412, 48.37475864981989], [-1.839119061410644, 48.37076650075538]]]}",2202,056,41,4,35,53
48099,48100,"LE MONASTIER-PIN-MORIES",LOZERE,LANGUEDOC-ROUSSILLON,"Commune simple",812.0,1929.0,0.9,"44.5109335104, 3.22653031553","{""type"": ""Polygon"", ""coordinates"": [[[3.242802910730982, 44.48963253453634], [3.238820849049164, 44.48772376867237], [3.230647963372925, 44.49109896450962], [3.216770693697911, 44.48962374738074], [3.205942018588129, 44.49630609427335], [3.204694229592443, 44.512944491302335], [3.191934445134735, 44.508493315903664], [3.185537168684069, 44.51798360865023], [3.1955993259405, 44.52420480367841], [3.203342446517622, 44.53585779232406], [3.219989922921254, 44.52834495126466], [3.261668695244444, 44.519917890262114], [3.267367212897728, 44.5142958159387], [3.245471369327536, 44.49017576056062], [3.242802910730982, 44.48963253453634]]]}",7898,099,23,2,48,91
67150,67117,FURDENHEIM,BAS-RHIN,ALSACE,"Commune simple",188.0,597.0,1.2,"48.6105637831, 7.55789773047","{""type"": ""Polygon"", ""coordinates"": [[[7.538972506768124, 48.59687905175755], [7.536507406163776, 48.602757578614124], [7.546596765972763, 48.62333862811193], [7.559845115210316, 48.62175040106122], [7.57432512231339, 48.61762650935124], [7.583255202677341, 48.61733684981865], [7.586779287638731, 48.612119222280704], [7.581702247238726, 48.61108949555835], [7.565143771479003, 48.60180593565462], [7.538972506768124, 48.59687905175755]]]}",16169,150,31,6,67,42
27137,27580,CHAISE-DIEU-DU-THEIL,EURE,HAUTE-NORMANDIE,"Commune simple",205.0,593.0,0.2,"48.7557442906, 0.770932355905","{""type"": ""Polygon"", ""coordinates"": [[[0.775034283946373, 48.73735771051813], [0.751060551402306, 48.76052736424586], [0.756779801541479, 48.76646538183499], [0.755764493421638, 48.77013529930662], [0.779170276528002, 48.770284925877306], [0.787381173449522, 48.740358535314705], [0.775034283946373, 48.73735771051813]]]}",12367,137,31,3,27,23
89062,89360,CARISEY,YONNE,BOURGOGNE,"Commune simple",153.0,1136.0,0.4,"47.9227804565, 3.84516630553","{""type"": ""Polygon"", ""coordinates"": [[[3.839951128540986, 47.9052684601291], [3.832053897123099, 47.909545737580984], [3.822026492112152, 47.91034535982117], [3.813445621165836, 47.926065175928336], [3.820409275381458, 47.931299746648456], [3.850913958839605, 47.93534878083063], [3.859259771847155, 47.93960804055548], [3.86390750147651, 47.93796296533891], [3.872214917601499, 47.93572359283636], [3.873535849371321, 47.9240317161183], [3.871134453008191, 47.917227475036846], [3.839951128540986, 47.9052684601291]]]}",26579,062,16,2,89,26
59493,59177,RAMOUSIES,NORD,NORD-PAS-DE-CALAIS,"Commune simple",179.0,956.0,0.2,"50.1164251073, 4.03401363601","{""type"": ""Polygon"", ""coordinates"": [[[4.055143442247261, 50.10260548522945], [4.048087323422564, 50.107138794898205], [4.039235856586403, 50.103854909493954], [4.029265908129634, 50.10526818541252], [4.016486836885656, 50.099626413020545], [4.011346132792441, 50.100216755700785], [4.006222421620148, 50.10589931510245], [4.013887686565988, 50.11421602974451], [4.01127467157774, 50.12047070634639], [4.01647302402912, 50.129633693895904], [4.026394067830744, 50.129003330103714], [4.040706014218452, 50.13266404352662], [4.058725993709116, 50.12775890459236], [4.056244863507701, 50.1179635359669], [4.060346943514923, 50.11172192845971], [4.055143442247261, 50.10260548522945]]]}",2595,493,03,1,59,31
80723,80540,SAISSEVAL,SOMME,PICARDIE,"Commune simple",95.0,740.0,0.2,"49.9015320979, 2.11887719645","{""type"": ""Polygon"", ""coordinates"": [[[2.09417597005684, 49.88404463447765], [2.09333290358941, 49.893929669632946], [2.102148389797528, 49.9019094733784], [2.108133891886887, 49.90402853124906], [2.129918835196801, 49.91935883871353], [2.139566990606203, 49.92147534164966], [2.145377353528629, 49.916009188104354], [2.141323119466779, 49.906431214753354], [2.122749832152049, 49.89530325336775], [2.117953228702446, 49.88557514397553], [2.09417597005684, 49.88404463447765]]]}",19056,723,26,2,80,22
54600,54370,XOUSSE,MEURTHE-ET-MOSELLE,LORRAINE,"Commune simple",267.0,619.0,0.1,"48.653274183, 6.70808860029","{""type"": ""Polygon"", ""coordinates"": [[[6.724182229996545, 48.63738615595461], [6.717016955060473, 48.64209450965084], [6.707153619737186, 48.64058304904356], [6.688290885691477, 48.64458165214835], [6.682326527958289, 48.649997941956414], [6.694816562298905, 48.65462666361538], [6.709112656094183, 48.671075017265856], [6.726081438363038, 48.66442228935838], [6.718655634944387, 48.64889602363961], [6.726850910231779, 48.64070650878438], [6.724182229996545, 48.63738615595461]]]}",20547,600,06,2,54,41
69255,69670,VAUGNERAY,RHONE,RHONE-ALPES,"Chef-lieu canton",481.0,2250.0,4.9,"45.7318792519, 4.64378667979","{""type"": ""Polygon"", ""coordinates"": [[[4.644846649481556, 45.70702766137362], [4.634373888894499, 45.71761890900858], [4.61220231396218, 45.71304757486184], [4.607962352322585, 45.71402683506987], [4.608677420686695, 45.723140450229465], [4.601995415397046, 45.72729764451795], [4.614756041705709, 45.737545401311], [4.611205643188049, 45.750773071280975], [4.617694823734179, 45.75577800831754], [4.636502916526959, 45.75263350051191], [4.643740229388286, 45.74809688907865], [4.652862060171848, 45.745964039086196], [4.66685044706444, 45.74739738968535], [4.6984877185551, 45.732820415517644], [4.673702982071799, 45.725156941973076], [4.670397555696242, 45.715775769389566], [4.660690114713033, 45.71491946502571], [4.644846649481556, 45.70702766137362]]]}",26649,255,31,1,69,82
51498,51800,SAINT-MARD-SUR-AUVE,MARNE,CHAMPAGNE-ARDENNE,"Commune simple",169.0,1013.0,0.1,"49.0293500265, 4.72778139432","{""type"": ""Polygon"", ""coordinates"": [[[4.715364747743131, 49.01053215225642], [4.711459921783899, 49.01277344856411], [4.709475299454462, 49.033065056018714], [4.71354090208755, 49.03896101892484], [4.710206407982804, 49.048613880602254], [4.728747348514233, 49.053987521327905], [4.73462665448965, 49.040744861310856], [4.747533647945986, 49.03524234110489], [4.750541633968436, 49.01816389005119], [4.742066459347601, 49.01254896887259], [4.715364747743131, 49.01053215225642]]]}",26776,498,08,5,51,21
59034,59710,AVELIN,NORD,NORD-PAS-DE-CALAIS,"Commune simple",40.0,1393.0,2.5,"50.5397882047, 3.08608433822","{""type"": ""Polygon"", ""coordinates"": [[[3.09019754435646, 50.50948298211414], [3.081746186872723, 50.514524309062715], [3.078066763910083, 50.52019938478002], [3.066064260357687, 50.52529560334181], [3.063100553549017, 50.53105054180151], [3.068908780932717, 50.55638514695423], [3.076669624187285, 50.56422494634576], [3.095956818733979, 50.56976713697556], [3.107053884533891, 50.55279487104069], [3.102134282407358, 50.55135399181299], [3.100374178631923, 50.53764992490162], [3.107791553915212, 50.52887454041323], [3.101017221471267, 50.5212239799894], [3.105046630274465, 50.51581720713907], [3.09019754435646, 50.50948298211414]]]}",7603,034,48,5,59,31
08092,08310,CAUROY,ARDENNES,CHAMPAGNE-ARDENNE,"Commune simple",139.0,1748.0,0.2,"49.3512411409, 4.45940865282","{""type"": ""Polygon"", ""coordinates"": [[[4.458975749981104, 49.31960845505663], [4.452898497682488, 49.33139649024228], [4.448182735070344, 49.33100358475396], [4.444511969768901, 49.34091011395418], [4.431261755595203, 49.35181128973385], [4.423990496632688, 49.36459141143135], [4.432616467171286, 49.36540649698573], [4.43329601807412, 49.371035280258], [4.443536141232905, 49.37143488294645], [4.448198065697583, 49.37713282626726], [4.453188685821615, 49.37638071321586], [4.481439800267394, 49.3710393282165], [4.483469101174496, 49.36453245283164], [4.475747706277066, 49.3602396834409], [4.487581014048597, 49.349602822977026], [4.483841147882351, 49.34397580489706], [4.48672638584254, 49.33427548660084], [4.464443955271357, 49.320378411201126], [4.458975749981104, 49.31960845505663]]]}",33281,092,14,4,08,21
33152,33410,DONZAC,GIRONDE,AQUITAINE,"Commune simple",85.0,437.0,0.1,"44.6490849258, -0.256631952912","{""type"": ""Polygon"", ""coordinates"": [[[-0.242111014253992, 44.63711570864044], [-0.257867395739553, 44.64269834345982], [-0.275310973561631, 44.64902178256697], [-0.275863461365087, 44.66025949217679], [-0.244295988550121, 44.653585480470895], [-0.236571281996646, 44.641512873810036], [-0.242111014253992, 44.63711570864044]]]}",31731,152,17,3,33,72
31146,31110,CIRES,HAUTE-GARONNE,MIDI-PYRENEES,"Commune simple",1608.0,490.0,0.0,"42.8523193923, 0.509249607327","{""type"": ""Polygon"", ""coordinates"": [[[0.504523656800936, 42.83619794058355], [0.497676823060278, 42.83792772154108], [0.486870752818445, 42.84525933378731], [0.509839149847041, 42.85592530010934], [0.508610746044799, 42.8691671246747], [0.525546477456426, 42.867552670386075], [0.523395032291282, 42.85490754990649], [0.504523656800936, 42.83619794058355]]]}",19873,146,04,2,31,73
03166,03800,MAZERIER,ALLIER,AUVERGNE,"Commune simple",388.0,725.0,0.3,"46.1325144393, 3.18170482903","{""type"": ""Polygon"", ""coordinates"": [[[3.205988340024093, 46.12436131741748], [3.190286112414257, 46.118787661724305], [3.166579586166727, 46.119842468966425], [3.166351000476553, 46.13415158869639], [3.16476059800626, 46.14370809771259], [3.171471307306192, 46.1520186840078], [3.184476940899386, 46.14338963423953], [3.193419332328474, 46.144392313798555], [3.197923713491484, 46.128914133110804], [3.207321408844675, 46.12757364461488], [3.205988340024093, 46.12436131741748]]]}",6625,166,11,3,03,83
02261,02270,DERCY,AISNE,PICARDIE,"Commune simple",88.0,1156.0,0.4,"49.709705981, 3.68499803784","{""type"": ""Polygon"", ""coordinates"": [[[3.689526336990304, 49.682732396884894], [3.687824385602731, 49.683874248743095], [3.666128241946283, 49.70242471536311], [3.668833573225381, 49.712258105992326], [3.660917974578958, 49.716299884587535], [3.681382001460418, 49.7420021194892], [3.682672152609731, 49.73166179553531], [3.707797096052133, 49.71408657064367], [3.701154526839513, 49.694509284319025], [3.700214563997775, 49.68857507992907], [3.689526336990304, 49.682732396884894]]]}",21649,261,13,2,02,22
27238,27190,FERRIERES-HAUT-CLOCHER,EURE,HAUTE-NORMANDIE,"Commune simple",137.0,1140.0,1.1,"49.0203824794, 0.987492004365","{""type"": ""Polygon"", ""coordinates"": [[[1.01573094182512, 49.006171393218295], [0.991514348721973, 49.0034118520298], [0.978315157236128, 49.00742680041608], [0.97722580457478, 49.00415228197062], [0.974204483002977, 49.00519869530844], [0.974372906652434, 49.00859262301979], [0.959849831293348, 49.018043111675205], [0.966082350562844, 49.03419557046296], [0.981859985032652, 49.04252098853232], [1.012236728753982, 49.021377655955696], [1.017435394414834, 49.008799059261285], [1.01573094182512, 49.006171393218295]]]}",11363,238,11,3,27,23
57476,57920,MONNEREN,MOSELLE,LORRAINE,"Commune simple",265.0,1100.0,0.4,"49.3493856385, 6.41198740634","{""type"": ""Polygon"", ""coordinates"": [[[6.419331447331568, 49.330928467876156], [6.410990404836718, 49.326791622018696], [6.390891837829609, 49.34206836111111], [6.38728230823358, 49.34937639304358], [6.382981854708153, 49.349739833654134], [6.404700930025172, 49.36810457808477], [6.411146256140586, 49.37202546543959], [6.430610332677896, 49.354784615997815], [6.449153344952503, 49.34990184112521], [6.427922609139046, 49.34129289366396], [6.417430178966127, 49.33402343461126], [6.419331447331568, 49.330928467876156]]]}",22385,476,21,7,57,41
42285,42610,SAINT-ROMAIN-LE-PUY,LOIRE,RHONE-ALPES,"Commune simple",401.0,2131.0,3.5,"45.5569265459, 4.13106130921","{""type"": ""Polygon"", ""coordinates"": [[[4.137678513464594, 45.53139107292265], [4.120079443265295, 45.528533029842094], [4.109631771359935, 45.53467046470789], [4.1051101180192, 45.53411165842938], [4.106622800134944, 45.550207789279796], [4.113267398064302, 45.56259694373077], [4.102250651502608, 45.56884734746706], [4.096007506129421, 45.577986049811095], [4.103791139900681, 45.577315534331404], [4.109756335966248, 45.58510973728814], [4.167549276470268, 45.56928681849745], [4.158961952270921, 45.54675335041769], [4.147749729139718, 45.54068153485668], [4.146110608317334, 45.534538394595], [4.137678513464594, 45.53139107292265]]]}",34846,285,31,1,42,82
10135,10200,ECLANCE,AUBE,CHAMPAGNE-ARDENNE,"Commune simple",195.0,1146.0,0.1,"48.3074667085, 4.64323131646","{""type"": ""Polygon"", ""coordinates"": [[[4.633816966469033, 48.2812630182414], [4.630630368339876, 48.2837278042867], [4.635069301871336, 48.29294479142369], [4.617704854724678, 48.2975121035949], [4.616066847948362, 48.3078655044495], [4.626448754123391, 48.315561506899556], [4.627213754481082, 48.32241727828123], [4.664545663425461, 48.327819660663934], [4.662100044370577, 48.321311666581124], [4.667715739320172, 48.312017530207385], [4.667256672657218, 48.298795103386624], [4.653431354196211, 48.29576736110441], [4.633816966469033, 48.2812630182414]]]}",30934,135,21,1,10,21
77150,77165,CUISY,SEINE-ET-MARNE,ILE-DE-FRANCE,"Commune simple",136.0,332.0,0.4,"49.0197878433, 2.77789349097","{""type"": ""Polygon"", ""coordinates"": [[[2.800648241985168, 49.01748836108112], [2.790670135368967, 49.017039766102485], [2.779020247336768, 49.011129170909314], [2.774272101585193, 49.01224433045096], [2.771335637087071, 49.01477450000749], [2.762331480561927, 49.01375890611253], [2.761561308099986, 49.02072611075321], [2.772426459725234, 49.027895716219454], [2.782012745720865, 49.02767971443824], [2.800648241985168, 49.01748836108112]]]}",23331,150,09,1,77,11
55536,55270,VAUQUOIS,MEUSE,LORRAINE,"Commune simple",219.0,816.0,0.0,"49.199378983, 5.08325500348","{""type"": ""Polygon"", ""coordinates"": [[[5.102036263538991, 49.18294774157164], [5.08029267424921, 49.19221087431121], [5.05491369507795, 49.196522649526834], [5.051182343099942, 49.198978464616715], [5.053795449195887, 49.20568789716074], [5.071336016399902, 49.212528278704035], [5.081523750550059, 49.213261046998944], [5.101345467174483, 49.20276350319351], [5.115198861355504, 49.19617166989898], [5.102036263538991, 49.18294774157164]]]}",30302,536,22,3,55,41
27324,27150,HEBECOURT,EURE,HAUTE-NORMANDIE,"Commune simple",120.0,1131.0,0.6,"49.3572259501, 1.7219611931","{""type"": ""Polygon"", ""coordinates"": [[[1.741918499747776, 49.34094521836415], [1.734788658168243, 49.34443085008302], [1.694891689850038, 49.34257710983708], [1.700418350788326, 49.352040327083266], [1.691912534460013, 49.36076779483899], [1.712164214406818, 49.37544997196596], [1.736089319110815, 49.371090651152834], [1.750105344952622, 49.35739197705462], [1.752132113039036, 49.35098510490647], [1.741918499747776, 49.34094521836415]]]}",21643,324,20,1,27,23
63120,63730,CORENT,PUY-DE-DOME,AUVERGNE,"Commune simple",444.0,270.0,0.7,"45.6605122795, 3.19265515129","{""type"": ""Polygon"", ""coordinates"": [[[3.196523106754979, 45.65441992383112], [3.186512528368925, 45.64827763886643], [3.182136479688495, 45.648906137303186], [3.182410616565322, 45.65807262356127], [3.187831352765158, 45.66235902504722], [3.186190628629426, 45.67091636079741], [3.207403072843387, 45.669222401860296], [3.200953441714824, 45.66513688375359], [3.203627064625906, 45.65877465347789], [3.196523106754979, 45.65441992383112]]]}",23192,120,48,2,63,83
63259,63450,OLLOIX,PUY-DE-DOME,AUVERGNE,"Commune simple",783.0,1195.0,0.3,"45.6226524872, 3.05077529203","{""type"": ""Polygon"", ""coordinates"": [[[3.071183342876366, 45.61130983765561], [3.0507512102852, 45.604702393931596], [3.037474698320043, 45.60680571383539], [3.024199982531025, 45.61532787858646], [3.016632876931241, 45.62668429533712], [3.078927162051069, 45.643289729476436], [3.074222438411162, 45.638763508712394], [3.076195726170253, 45.63615980005817], [3.079996152285816, 45.62789975574225], [3.068059946920016, 45.617200903167465], [3.071183342876366, 45.61130983765561]]]}",14168,259,37,2,63,83
01304,01160,PONT-D'AIN,AIN,RHONE-ALPES,"Chef-lieu canton",256.0,1122.0,2.6,"46.0542077091, 5.34703652618","{""type"": ""Polygon"", ""coordinates"": [[[5.37488683539693, 46.0481473167277], [5.36707745032498, 46.04436471844269], [5.352793888980278, 46.04495035824394], [5.351632163369287, 46.03533493166595], [5.339035101052491, 46.0396315683423], [5.334828464312341, 46.03805165786665], [5.324754458527599, 46.04179017822928], [5.319588046138347, 46.04413019769429], [5.327031127411008, 46.0527882815512], [5.3271381776355, 46.06265074252719], [5.340570666313584, 46.07569839488274], [5.345215079031672, 46.075332194544536], [5.355889747497253, 46.06466063813443], [5.371765860835152, 46.058275676665566], [5.376326398574244, 46.0590000092489], [5.378545355859279, 46.05316070040655], [5.37488683539693, 46.0481473167277]]]}",13106,304,25,2,01,82
05133,05330,SAINT-CHAFFREY,HAUTES-ALPES,"PROVENCE-ALPES-COTE D'AZUR","Commune simple",1919.0,2565.0,1.6,"44.9346479572, 6.60139023926","{""type"": ""Polygon"", ""coordinates"": [[[6.581260499997367, 44.90514512121389], [6.56651294303336, 44.90337564554599], [6.549844230702274, 44.910705326126106], [6.585305504780272, 44.93925432503666], [6.58564369672412, 44.95326747961865], [6.600873766628339, 44.971413939078666], [6.611039377430647, 44.963657394606535], [6.625003270665926, 44.95971475377026], [6.645938881455106, 44.94023734679903], [6.647102925311537, 44.92965370914842], [6.62782331836808, 44.9285725651256], [6.619554772997755, 44.92037908801957], [6.606273736549968, 44.919801678548346], [6.600685003670566, 44.91416067825859], [6.581260499997367, 44.90514512121389]]]}",4304,133,13,1,05,93
61273,61210,MENIL-VIN,ORNE,BASSE-NORMANDIE,"Commune simple",138.0,372.0,0.1,"48.8495621801, -0.319173633186","{""type"": ""Polygon"", ""coordinates"": [[[-0.329659795998204, 48.83552343544222], [-0.330098494062669, 48.841533124365476], [-0.335750595312824, 48.84631729643939], [-0.328534075461947, 48.85759893461965], [-0.307438079988431, 48.857707143203754], [-0.298548238822782, 48.84915859760403], [-0.32288396840982, 48.84131079518149], [-0.329659795998204, 48.83552343544222]]]}",23313,273,29,2,61,25
60251,60510,FOUQUEROLLES,OISE,PICARDIE,"Commune simple",112.0,1029.0,0.3,"49.4590327609, 2.21413521512","{""type"": ""Polygon"", ""coordinates"": [[[2.177998513591797, 49.441509258340766], [2.1870456866938, 49.45780334864128], [2.201686770800332, 49.460633159594565], [2.202439963568309, 49.473428316497326], [2.212317765297132, 49.47509281478872], [2.232483120385401, 49.47419757940624], [2.240444961429416, 49.4702390580737], [2.240755650511394, 49.46694236073158], [2.241517771468982, 49.46482592903173], [2.238441635782877, 49.451836606276466], [2.225697959767201, 49.447549264419806], [2.203823833943047, 49.44728159586914], [2.177998513591797, 49.441509258340766]]]}",17983,251,27,1,60,22
71015,71400,AUXY,SAONE-ET-LOIRE,BOURGOGNE,"Commune simple",500.0,3715.0,1.0,"46.9410622998, 4.41734656437","{""type"": ""Polygon"", ""coordinates"": [[[4.427370242952777, 46.92277215316273], [4.413007414517757, 46.920877995967516], [4.396499925038132, 46.91375813702458], [4.378421947721036, 46.92476380481329], [4.36389655578308, 46.9236669277534], [4.367777568224725, 46.92589017864753], [4.366495130087463, 46.92923722078013], [4.353032412740292, 46.93913034836297], [4.355212665564601, 46.94901010111009], [4.35744724271211, 46.952117506245784], [4.371762993920113, 46.95554102887529], [4.382150157901794, 46.95904596496874], [4.422203012175736, 46.96219695810398], [4.486936189642083, 46.9585888977912], [4.48494365831685, 46.95595806705438], [4.472416723311786, 46.945582742843364], [4.467565239490084, 46.93252414415371], [4.469119214987414, 46.92584954222165], [4.446407344286812, 46.91903179013126], [4.427370242952777, 46.92277215316273]]]}",25313,015,52,1,71,26
15126,15500,MOLEDES,CANTAL,AUVERGNE,"Commune simple",1022.0,2250.0,0.1,"45.2669112637, 3.04292536589","{""type"": ""Polygon"", ""coordinates"": [[[3.037291327219948, 45.23895162455356], [3.026866898175899, 45.240674432725406], [3.032031746913835, 45.24596758830305], [3.011793101811031, 45.258577569603595], [3.006350193796606, 45.267735400021685], [3.009641132148523, 45.27397516494263], [3.019871268596678, 45.280637027495125], [3.018304595329, 45.2870664026082], [3.023857001343656, 45.29553846440851], [3.036731330970373, 45.29820027357579], [3.042555115969377, 45.28931089594421], [3.051712495857446, 45.28751516942702], [3.065745934280273, 45.27833236506982], [3.065300460186036, 45.26822075595977], [3.091504856970433, 45.26047667357228], [3.086569373029891, 45.251404261787094], [3.065713424014925, 45.250752149116586], [3.060831629799871, 45.251214131313546], [3.037291327219948, 45.23895162455356]]]}",17747,126,08,3,15,83
95459,95420,NUCOURT,VAL-D'OISE,ILE-DE-FRANCE,"Commune simple",118.0,780.0,0.7,"49.1595393224, 1.85643409298","{""type"": ""Polygon"", ""coordinates"": [[[1.857520794368243, 49.143144943781756], [1.840665403359292, 49.14302871470745], [1.834069124750297, 49.16512042698516], [1.849073599596099, 49.17048885180864], [1.873499949714081, 49.17410061153803], [1.87676504652676, 49.175308982929735], [1.882568411920377, 49.16249621911461], [1.882430109489557, 49.1612810823877], [1.872974364247954, 49.15981723353208], [1.857520794368243, 49.143144943781756]]]}",15675,459,17,3,95,11
57629,57400,SARRALTROFF,MOSELLE,LORRAINE,"Commune simple",282.0,1212.0,0.8,"48.7748898738, 7.06228392608","{""type"": ""Polygon"", ""coordinates"": [[[7.072155381373287, 48.75747579375928], [7.038538894363237, 48.75941079920688], [7.037469679363439, 48.78202417996923], [7.050018612067366, 48.78796609139851], [7.057942241171819, 48.79661260670831], [7.067190325510979, 48.799485971324316], [7.069049440988413, 48.79309167024851], [7.079244017340415, 48.78628669854315], [7.083190378632224, 48.78429659707959], [7.090905345280432, 48.76277842156985], [7.082371817778096, 48.76305264548839], [7.072155381373287, 48.75747579375928]]]}",27431,629,10,5,57,41
68160,68510,KAPPELEN,HAUT-RHIN,ALSACE,"Commune simple",322.0,516.0,0.5,"47.6138112548, 7.44104846641","{""type"": ""Polygon"", ""coordinates"": [[[7.432917657974182, 47.59587393934022], [7.428436364219857, 47.61719409520276], [7.436369135998215, 47.62424015426381], [7.437166339973937, 47.63318001600008], [7.443482701683046, 47.63391332515333], [7.456426099235422, 47.607653704423264], [7.444653380076962, 47.60283791326034], [7.445935059557018, 47.59982298346695], [7.432917657974182, 47.59587393934022]]]}",12682,160,13,4,68,42
22026,22100,CALORGUEN,COTES-D'ARMOR,BRETAGNE,"Commune simple",44.0,855.0,0.7,"48.4051166885, -2.02621322021","{""type"": ""Polygon"", ""coordinates"": [[[-2.036291902428438, 48.382571659146414], [-2.042631194805345, 48.38939666075769], [-2.043030969701338, 48.40469613572666], [-2.044058726644152, 48.40792479554792], [-2.028147805672479, 48.419220757828036], [-2.023744695796938, 48.42868367256628], [-2.014593388142944, 48.42930570163555], [-2.014678498850912, 48.41999000234689], [-2.008411559998407, 48.408103375157374], [-2.0065030683697, 48.40512808668797], [-2.012625834943682, 48.396368178080074], [-2.024505230820233, 48.391636713565525], [-2.027949498905659, 48.38562176276865], [-2.036291902428438, 48.382571659146414]]]}",15757,026,12,1,22,53
60280,60220,GOURCHELLES,OISE,PICARDIE,"Commune simple",195.0,223.0,0.1,"49.726483327, 1.77900309327","{""type"": ""Polygon"", ""coordinates"": [[[1.770928276203259, 49.714236146607156], [1.768602429546705, 49.73142124356268], [1.783815370773601, 49.73355102156637], [1.796103851855831, 49.72685264940888], [1.778477589675994, 49.72194143395419], [1.770928276203259, 49.714236146607156]]]}",32650,280,15,1,60,22
57582,57270,RICHEMONT,MOSELLE,LORRAINE,"Commune simple",167.0,851.0,1.9,"49.2844440368, 6.16265276093","{""type"": ""Polygon"", ""coordinates"": [[[6.157992877107809, 49.265884557006956], [6.153646479102268, 49.270127831578996], [6.144662432895928, 49.281995137777834], [6.132985392236088, 49.291259516790646], [6.165512305681602, 49.30108950871371], [6.180511978471443, 49.292229264956205], [6.183644175243937, 49.28592090945394], [6.188518661627485, 49.280448062473525], [6.181013685623135, 49.27269298226134], [6.176797024135076, 49.27388374293514], [6.157992877107809, 49.265884557006956]]]}",25838,582,45,8,57,41
58090,58210,COURCELLES,NIEVRE,BOURGOGNE,"Commune simple",235.0,969.0,0.2,"47.4026373716, 3.3940224595","{""type"": ""Polygon"", ""coordinates"": [[[3.413648983432962, 47.38425967889144], [3.39441046454397, 47.38705419655643], [3.368058296960311, 47.39663786233849], [3.364528080299412, 47.4058491304667], [3.395181260756662, 47.41790182423676], [3.420680608395343, 47.41720927303623], [3.408661746022351, 47.39598013874008], [3.413648983432962, 47.38425967889144]]]}",21026,090,25,2,58,26
28112,28400,COUDRECEAU,EURE-ET-LOIR,CENTRE,"Commune simple",201.0,1359.0,0.4,"48.3474351192, 0.92333913843","{""type"": ""Polygon"", ""coordinates"": [[[0.964470361809483, 48.32436210334006], [0.94949979083366, 48.32446373828199], [0.935203243335741, 48.33387240771275], [0.925252438571125, 48.33496747556333], [0.904503496318133, 48.344844280521166], [0.889320217546952, 48.34571766332405], [0.888982188447714, 48.34909570627722], [0.883706580929764, 48.35672369108668], [0.896387042125374, 48.37090864123671], [0.899825693466071, 48.37308463851481], [0.907346859920987, 48.370103721890075], [0.909000105970303, 48.360115907993666], [0.938795631130882, 48.35485112083806], [0.951715091851817, 48.34938726240195], [0.964470361809483, 48.32436210334006]]]}",35505,112,23,4,28,24
81181,81440,MONTPINIER,TARN,MIDI-PYRENEES,"Commune simple",238.0,764.0,0.2,"43.6789611247, 2.18996517245","{""type"": ""Polygon"", ""coordinates"": [[[2.180708310706205, 43.66615476110308], [2.171721462740573, 43.666140689640216], [2.160455202238178, 43.682107814680194], [2.169237970889596, 43.683543025027326], [2.177171247951801, 43.681128687528634], [2.179457550197514, 43.68685108937691], [2.186848985629855, 43.69029007215689], [2.203108554775199, 43.68927653242821], [2.214770813163562, 43.687975527767364], [2.221880567709951, 43.68035980600103], [2.215100199592626, 43.676603694284466], [2.206514573724725, 43.677045331295176], [2.189354324634851, 43.66747933444036], [2.180708310706205, 43.66615476110308]]]}",35470,181,16,2,81,73
10227,10130,MAROLLES-SOUS-LIGNIERES,AUBE,CHAMPAGNE-ARDENNE,"Commune simple",157.0,1508.0,0.3,"47.9606826185, 3.91959636064","{""type"": ""Polygon"", ""coordinates"": [[[3.918488665431612, 47.92801790624469], [3.914030182348275, 47.929618697120276], [3.905178417251704, 47.92648319393852], [3.895692514429989, 47.92855391998224], [3.894031096523936, 47.92929558134143], [3.902393114146845, 47.9382947165349], [3.905655394120071, 47.959140587615], [3.914152541418615, 47.97558962293562], [3.903716892654749, 47.991635912086885], [3.926516759745887, 47.99436545928426], [3.941947070326231, 47.98216516317734], [3.932373377717828, 47.95839171242626], [3.933087188718477, 47.9441300343235], [3.926450315448296, 47.9345704725979], [3.918488665431612, 47.92801790624469]]]}",22100,227,09,3,10,21
86264,86160,SOMMIERES-DU-CLAIN,VIENNE,POITOU-CHARENTES,"Commune simple",131.0,2614.0,0.8,"46.2767515848, 0.374035555116","{""type"": ""Polygon"", ""coordinates"": [[[0.398984239925614, 46.24850757825787], [0.392973868955845, 46.2539109863904], [0.373683233931327, 46.25452151899701], [0.360529699914211, 46.2498654186689], [0.339531729399512, 46.2720002178148], [0.330850498269941, 46.27417559466719], [0.330374618212439, 46.283399601514965], [0.353127838169881, 46.294985917219094], [0.359939120012074, 46.307370312270415], [0.378970766337134, 46.302791447337825], [0.385101223761902, 46.29719319470607], [0.411053099637346, 46.286875520796976], [0.415970649522772, 46.28098684593172], [0.405416182550495, 46.26953880542924], [0.408264769438927, 46.255746882260915], [0.398984239925614, 46.24850757825787]]]}",4790,264,08,2,86,54
50254,50640,HUSSON,MANCHE,BASSE-NORMANDIE,"Commune simple",108.0,1369.0,0.2,"48.5827182074, -0.906283886956","{""type"": ""Polygon"", ""coordinates"": [[[-0.897356006803104, 48.56372877834333], [-0.912881148442926, 48.56992857733535], [-0.931754343833103, 48.5669821870341], [-0.932499411051991, 48.59912870611168], [-0.922158153830376, 48.606269875535816], [-0.917205804568448, 48.60560446777465], [-0.908755139925079, 48.6020998163929], [-0.901521625271663, 48.58995372987299], [-0.897062670190635, 48.59151389908138], [-0.880251181814234, 48.594207011775374], [-0.877150350104393, 48.59211964772887], [-0.882244429455576, 48.58319047889578], [-0.869769502529689, 48.5721682611383], [-0.87479500023899, 48.567456420019695], [-0.883285254644579, 48.56629676113989], [-0.89108637054598, 48.56755473783005], [-0.897356006803104, 48.56372877834333]]]}",12402,254,44,1,50,25
41268,41230,VEILLEINS,LOIR-ET-CHER,CENTRE,"Commune simple",111.0,4657.0,0.1,"47.4276616233, 1.6882174614","{""type"": ""Polygon"", ""coordinates"": [[[1.663958961366169, 47.38483595489711], [1.662236156473263, 47.391190515509045], [1.644512214511328, 47.40368895843079], [1.6417765726105, 47.43471830760058], [1.63792258901684, 47.437041102247406], [1.654494375150483, 47.44503962365555], [1.657075814929697, 47.45165071618063], [1.66800627564611, 47.45885271743349], [1.678205163530756, 47.45869886984988], [1.695063245941038, 47.46636153060256], [1.709829623396991, 47.469001893907084], [1.724659695894231, 47.46735568235958], [1.725756649549455, 47.454178392237345], [1.724128647420629, 47.44116924201528], [1.733813131922017, 47.43399157005968], [1.741261033059736, 47.41912731513756], [1.742015968110671, 47.41578633426773], [1.727368113747345, 47.4137363462114], [1.715602302410093, 47.40769194626139], [1.699288921487824, 47.39079163742663], [1.690782391525975, 47.38786912774361], [1.67069694506598, 47.390036094583664], [1.663958961366169, 47.38483595489711]]]}",14272,268,17,3,41,24
72277,72110,SAINT-DENIS-DES-COUDRAIS,SARTHE,"PAYS DE LA LOIRE","Commune simple",136.0,713.0,0.1,"48.1620373195, 0.506879313638","{""type"": ""Polygon"", ""coordinates"": [[[0.521542882739585, 48.148521173609545], [0.493385591011304, 48.15023088184244], [0.490599101302383, 48.1593274235288], [0.476802244140233, 48.16674850899402], [0.495263099079879, 48.16879830882156], [0.50540918177953, 48.17537805897034], [0.523018566524656, 48.17758546839558], [0.520950502179724, 48.167450219770714], [0.526132085128351, 48.15796223255033], [0.521542882739585, 48.148521173609545]]]}",27664,277,32,2,72,52
38274,38260,NANTOIN,ISERE,RHONE-ALPES,"Commune simple",510.0,960.0,0.4,"45.4385673443, 5.26623101453","{""type"": ""Polygon"", ""coordinates"": [[[5.253956409045175, 45.419039304537094], [5.248346732342097, 45.438789905804214], [5.253328293777305, 45.44835578056351], [5.25232280570604, 45.45512317542996], [5.252350102828942, 45.45705940744917], [5.276817430420769, 45.457214033575895], [5.283371807060398, 45.43729841979558], [5.287730920125671, 45.43564211010807], [5.281748442789809, 45.426431369860566], [5.274233060814858, 45.42222405922794], [5.253956409045175, 45.419039304537094]]]}",32711,274,07,3,38,82
80176,80700,CARREPUIS,SOMME,PICARDIE,"Commune simple",91.0,555.0,0.3,"49.7045602877, 2.81927389833","{""type"": ""Polygon"", ""coordinates"": [[[2.811381989327637, 49.69054194712061], [2.804167712088092, 49.700908728283196], [2.804148728619981, 49.71674078677806], [2.822858212057811, 49.71630220748727], [2.831127485213938, 49.713232023045144], [2.838180054302777, 49.704633696463944], [2.833263783242741, 49.69548893223738], [2.811381989327637, 49.69054194712061]]]}",27912,176,38,3,80,22
78291,78930,GUERVILLE,YVELINES,ILE-DE-FRANCE,"Chef-lieu canton",94.0,1013.0,2.1,"48.9523717718, 1.74080558769","{""type"": ""Polygon"", ""coordinates"": [[[1.729485324011567, 48.931158563558235], [1.724227143096421, 48.932388807866694], [1.720244639362361, 48.941681835631215], [1.726120846296922, 48.95037833043451], [1.723572116636314, 48.96297817712382], [1.729985015629496, 48.96828047048379], [1.732468928463614, 48.97789371941941], [1.751753677037001, 48.96735787163158], [1.762926635102682, 48.96680813697133], [1.756228377001213, 48.954462769699234], [1.763601015990008, 48.944196448276244], [1.757435055430595, 48.93882644997293], [1.729485324011567, 48.931158563558235]]]}",36197,291,07,1,78,11
74228,74350,SAINT-BLAISE,HAUTE-SAVOIE,RHONE-ALPES,"Commune simple",883.0,255.0,0.3,"46.0663582053, 6.09154099437","{""type"": ""Polygon"", ""coordinates"": [[[6.09518719603526, 46.05752135103229], [6.087996625898835, 46.05671713908007], [6.083742501815325, 46.06141092602873], [6.080630638720425, 46.071480559882296], [6.083713002358643, 46.074262520850965], [6.093660404461264, 46.074775605096924], [6.104822914997736, 46.06745929289228], [6.09518719603526, 46.05752135103229]]]}",17499,228,11,3,74,82
55445,55230,ROUVROIS-SUR-OTHAIN,MEUSE,LORRAINE,"Commune simple",244.0,1223.0,0.2,"49.3871461165, 5.62761373552","{""type"": ""Polygon"", ""coordinates"": [[[5.624728185820492, 49.36890484580851], [5.622471601507995, 49.371921725201055], [5.612572097491026, 49.37361103803318], [5.600583253155475, 49.38413109736899], [5.605200635442388, 49.3937175731037], [5.601728397577867, 49.40299245318857], [5.613609441376161, 49.40873480968143], [5.624295130481305, 49.40151566748949], [5.629177633491415, 49.40267769391622], [5.647124534442597, 49.39605378515521], [5.654459568617757, 49.387582970650165], [5.660168432701441, 49.382079313555295], [5.655610732649266, 49.376504504023046], [5.641632274761402, 49.37117173863723], [5.624728185820492, 49.36890484580851]]]}",27525,445,19,3,55,41
80538,80360,MESNIL-EN-ARROUAISE,SOMME,PICARDIE,"Commune simple",124.0,651.0,0.1,"50.0364327239, 2.95019239186","{""type"": ""Polygon"", ""coordinates"": [[[2.955462975154836, 50.0174438158556], [2.941994150566306, 50.020222557597044], [2.93236357332777, 50.018555977761984], [2.930965269077982, 50.021734771788815], [2.940361633867043, 50.03338904814001], [2.934852525697865, 50.04524199094413], [2.940020777192321, 50.05047187690276], [2.948889257923999, 50.05332302299074], [2.961794882028924, 50.050139296612805], [2.969175762668066, 50.04669247063005], [2.971521945337315, 50.04136696720373], [2.956095500423595, 50.02752164377303], [2.955462975154836, 50.0174438158556]]]}",33968,538,16,4,80,22
70294,70200,LANTENOT,HAUTE-SAONE,FRANCHE-COMTE,"Commune simple",340.0,839.0,0.4,"47.7550142375, 6.50401420408","{""type"": ""Polygon"", ""coordinates"": [[[6.50627002743115, 47.738103539943545], [6.492354743576167, 47.74015949240608], [6.484958468855019, 47.74856945919402], [6.476745126254038, 47.75207512389986], [6.479413873299928, 47.75815806223173], [6.501032534822919, 47.76589187900497], [6.50550564370775, 47.77253292442836], [6.528508092361267, 47.76954442301069], [6.515448867398938, 47.7470536863866], [6.524089168427502, 47.74399181843127], [6.50627002743115, 47.738103539943545]]]}",30561,294,32,1,70,43
53017,53340,BALLEE,MAYENNE,"PAYS DE LA LOIRE","Commune simple",64.0,1425.0,0.7,"47.9369072798, -0.415963016327","{""type"": ""Polygon"", ""coordinates"": [[[-0.41285276339879, 47.915837284604024], [-0.41672324240396, 47.913724913054956], [-0.421026466611113, 47.91541919970901], [-0.43173494164191, 47.92663693552183], [-0.441255416546757, 47.926088036949906], [-0.446338567975242, 47.9315059348486], [-0.441856006378932, 47.9363756381463], [-0.443541234811394, 47.948496033116314], [-0.419543385266677, 47.95706093479502], [-0.41797076945261, 47.96012430423446], [-0.403572537953422, 47.95748868304517], [-0.389504656336869, 47.93608775189258], [-0.384668871841568, 47.93529943035128], [-0.384840280948404, 47.93084465848225], [-0.392925670442294, 47.92733246217466], [-0.397652457197467, 47.91826897170063], [-0.41285276339879, 47.915837284604024]]]}",8620,017,13,1,53,52
74187,74210,MONTMIN,HAUTE-SAVOIE,RHONE-ALPES,"Commune simple",1287.0,1622.0,0.3,"45.8024912818, 6.26769807231","{""type"": ""Polygon"", ""coordinates"": [[[6.284454423363763, 45.775721289595026], [6.271436742616388, 45.77404477421925], [6.262862621544549, 45.77650125354133], [6.251761955309092, 45.786591449627515], [6.247677105042832, 45.80146262900355], [6.241069405108967, 45.80479798729597], [6.242448589079926, 45.81511373053566], [6.258746311963651, 45.82722588502163], [6.268212163309259, 45.82771829909205], [6.279883567825379, 45.82215242853979], [6.284753639400967, 45.82275886202326], [6.2860103226343, 45.82611106434003], [6.290603870556605, 45.820993207584365], [6.29157937332466, 45.81573737554368], [6.287440642814781, 45.80944095299822], [6.284454423363763, 45.775721289595026]]]}",20087,187,14,1,74,82
07163,07140,MONTSELGUES,ARDECHE,RHONE-ALPES,"Commune simple",973.0,3654.0,0.1,"44.5332760746, 4.0037872182","{""type"": ""Polygon"", ""coordinates"": [[[4.047912764561983, 44.517269589891086], [4.016243629041875, 44.52160810326755], [4.010378263014575, 44.50465539414444], [4.02388090636726, 44.49029732510826], [4.027582327120074, 44.47666859361221], [4.037451084543748, 44.46491754192033], [4.036106999150774, 44.46154513209903], [4.031330689429554, 44.46226512360601], [4.012159920693786, 44.47278697010627], [4.005990320280014, 44.47794801011664], [4.001794898591669, 44.49096826974616], [4.001549579543344, 44.50764382846023], [3.99055220152465, 44.51831252677819], [3.976851577364124, 44.517003186192575], [3.979318156089412, 44.51992527977116], [3.965691680940624, 44.53768211489358], [3.96090595471401, 44.55381222925804], [3.974984584978023, 44.5539138991252], [3.980673937155992, 44.56685496186197], [3.99277569593968, 44.571086357168475], [3.999776527382647, 44.58377169971904], [3.999929136283836, 44.58669635752145], [4.012438711533655, 44.579631961554], [4.022836363725794, 44.572270604954184], [4.032064643326768, 44.56997898642311], [4.021520735987919, 44.55873302927033], [4.022504419920152, 44.55533875031043], [4.031970089082526, 44.53587603130297], [4.030724992166913, 44.529036344786434], [4.047912764561983, 44.517269589891086]]]}",9324,163,25,1,07,82
81273,81710,SAIX,TARN,MIDI-PYRENEES,"Commune simple",190.0,1371.0,3.3,"43.5842195914, 2.17044847109","{""type"": ""Polygon"", ""coordinates"": [[[2.19007051985355, 43.56679462971148], [2.162529074666829, 43.57075176636452], [2.149991252198844, 43.5758731900835], [2.13593671992402, 43.58375255168681], [2.135653926615299, 43.590201936802615], [2.135704222769468, 43.59426049315159], [2.153631962452139, 43.594203681495706], [2.171693224455531, 43.6071922290942], [2.179375908237693, 43.60337231448305], [2.176657078197062, 43.59696307550294], [2.183334499636091, 43.58449716950023], [2.200635263731757, 43.58923285081104], [2.210400165937705, 43.58310464361115], [2.205426820325493, 43.577552620226356], [2.196742677921494, 43.5754731986628], [2.19007051985355, 43.56679462971148]]]}",16648,273,46,2,81,73
57252,57220,GOMELANGE,MOSELLE,LORRAINE,"Commune simple",219.0,947.0,0.5,"49.2385076599, 6.46140268813","{""type"": ""Polygon"", ""coordinates"": [[[6.462012549927718, 49.21467869865338], [6.459286635003147, 49.219103403544146], [6.454782138587249, 49.22816833211177], [6.435553265730664, 49.23116572952882], [6.433046587362492, 49.23397270520027], [6.438482205989835, 49.239252795758624], [6.447395693634969, 49.250498142679604], [6.457791098043393, 49.25630131562251], [6.483589594260145, 49.256422468078505], [6.482269059516542, 49.25070156695409], [6.474986879275282, 49.245845541120225], [6.473608080409242, 49.23596883706485], [6.476169748294239, 49.23298840239874], [6.486485919069455, 49.2319164710446], [6.481921179810138, 49.22637025517597], [6.46726559481536, 49.21926996438265], [6.462012549927718, 49.21467869865338]]]}",30303,252,03,1,57,41
84034,84510,CAUMONT-SUR-DURANCE,VAUCLUSE,"PROVENCE-ALPES-COTE D'AZUR","Commune simple",59.0,1823.0,4.6,"43.8913580487, 4.95633077332","{""type"": ""Polygon"", ""coordinates"": [[[4.991487461698584, 43.85072008219936], [4.969653153616473, 43.869741553517265], [4.930503384074994, 43.884367166412474], [4.921995922929474, 43.88675878882955], [4.917946992483814, 43.89850559322917], [4.927176726246697, 43.90528366187598], [4.930830443540278, 43.91060237886667], [4.967681488691257, 43.911474960475886], [4.995148018345912, 43.890712511112454], [4.985858656552297, 43.88918948550852], [4.975076006076657, 43.882984602449106], [4.991487461698584, 43.85072008219936]]]}",33397,034,11,1,84,93
29111,29430,LANHOUARNEAU,FINISTERE,BRETAGNE,"Commune simple",85.0,1799.0,1.1,"48.5756574548, -4.20447791215","{""type"": ""Polygon"", ""coordinates"": [[[-4.169087363761144, 48.56716646732682], [-4.173669678977544, 48.56852441248708], [-4.177211528961297, 48.56616946075835], [-4.185197559065084, 48.554665999760964], [-4.213723007829466, 48.56062181977705], [-4.245744701832152, 48.567297164262946], [-4.242979251016615, 48.576707168335524], [-4.245186371230374, 48.591838719821524], [-4.225515113556036, 48.58764503901595], [-4.204946357747362, 48.58797404617458], [-4.192470486949772, 48.59358125916635], [-4.184478904694479, 48.59012697639909], [-4.170044099950426, 48.59378177176806], [-4.166757747834483, 48.58719685778014], [-4.169087363761144, 48.56716646732682]]]}",9444,111,29,3,29,53
48184,48600,SAINT-SYMPHORIEN,LOZERE,LANGUEDOC-ROUSSILLON,"Commune simple",1145.0,3363.0,0.2,"44.8399709197, 3.62339715605","{""type"": ""Polygon"", ""coordinates"": [[[3.667513599253146, 44.80725266161314], [3.649260542030997, 44.80481301472333], [3.623739001602555, 44.81276550878772], [3.609980142724357, 44.81302209023604], [3.598865224041813, 44.81925905204865], [3.589660395180808, 44.817264564716076], [3.582453352148862, 44.82611706480406], [3.589724400107251, 44.829391954239874], [3.586883934495328, 44.836051624360564], [3.597830126674312, 44.858709250868934], [3.595023653530137, 44.875795238012], [3.608269240686512, 44.87933395415327], [3.614235014758807, 44.87481728172501], [3.625491328505781, 44.87930131796372], [3.632535140457987, 44.87730761783226], [3.648113590806807, 44.85670738511673], [3.643369212891077, 44.843670703027456], [3.648061695530712, 44.834657799527754], [3.657417171574748, 44.83612437931905], [3.666364914643007, 44.828778088734765], [3.658545938915569, 44.82662789510809], [3.662839132864836, 44.81948050168896], [3.660721205271992, 44.81687309950054], [3.667513599253146, 44.80725266161314]]]}",7063,184,09,2,48,91
21158,21610,CHAUME-ET-COURCHAMP,COTE-D'OR,BOURGOGNE,"Commune simple",271.0,819.0,0.1,"47.5806895666, 5.36162357765","{""type"": ""Polygon"", ""coordinates"": [[[5.362955747221268, 47.55991212804135], [5.350724970587133, 47.55436887390013], [5.336288427710377, 47.55642404641396], [5.34723766824372, 47.563408419912506], [5.343418721490853, 47.58008188838333], [5.346840420459254, 47.58253456851374], [5.356592655653487, 47.58154553237216], [5.355709331770685, 47.591694246812985], [5.365785587919005, 47.60279193429842], [5.374078595885572, 47.60454165278583], [5.385580196010724, 47.600605983759905], [5.389121270788761, 47.59523844167226], [5.365860171732324, 47.58224048632828], [5.360868751417216, 47.57259788189782], [5.365537146112611, 47.56653276794924], [5.362955747221268, 47.55991212804135]]]}",10570,158,13,2,21,26
24520,24200,SARLAT-LA-CANEDA,DORDOGNE,AQUITAINE,Sous-préfecture,207.0,4860.0,9.5,"44.8983558068, 1.2066486429","{""type"": ""Polygon"", ""coordinates"": [[[1.204156827820539, 44.85830935777941], [1.195580474192092, 44.856080945875384], [1.190263761981451, 44.85094218031489], [1.186045746587778, 44.85610564690111], [1.195254607343286, 44.86385658985276], [1.18342743586193, 44.87481283176027], [1.182329379984068, 44.88838463673804], [1.166022484957649, 44.90551594597314], [1.172974847708556, 44.913447640864916], [1.162552885492929, 44.92052557579631], [1.175705649476845, 44.92301178573007], [1.171410788002889, 44.93965629744935], [1.141089921336058, 44.94967248694599], [1.133785427492701, 44.95803389831309], [1.147558014299146, 44.96080392546617], [1.160972523020975, 44.95828873789458], [1.165210929741813, 44.956683627555336], [1.166263321469059, 44.94661421283359], [1.171033467462844, 44.9461704437138], [1.186349676206759, 44.93725329206859], [1.200737748629384, 44.934983481302616], [1.205577494717151, 44.92915385440309], [1.208186594188501, 44.92248657653717], [1.220346648252415, 44.92716689089665], [1.229567123495607, 44.927034980799974], [1.231929968255457, 44.924064657129684], [1.231095219214437, 44.90631898672197], [1.233498791219823, 44.9032322374372], [1.242428351101967, 44.90578740938945], [1.249451486534064, 44.90123334394991], [1.258665113230875, 44.89995526088071], [1.255617003684752, 44.89447701682988], [1.249536674251027, 44.89200385970513], [1.249817702093217, 44.88339887863541], [1.256503774901998, 44.87449843507775], [1.255853547740995, 44.8677070086976], [1.244939065587012, 44.85307201880459], [1.226541040989649, 44.852347299731434], [1.219558745779034, 44.86413197747505], [1.21354217395212, 44.85901015039943], [1.204156827820539, 44.85830935777941]]]}",30062,520,36,4,24,72
49200,49770,"LA MEMBROLLE-SUR-LONGUENEE",MAINE-ET-LOIRE,"PAYS DE LA LOIRE","Commune simple",68.0,963.0,1.8,"47.5607664036, -0.683468497352","{""type"": ""Polygon"", ""coordinates"": [[[-0.688292427781752, 47.545540515498786], [-0.703568267061383, 47.549913138199464], [-0.736423494780345, 47.561786841465306], [-0.732974988154001, 47.56425830761501], [-0.708278138082992, 47.56196465961707], [-0.68883441045607, 47.57266500580538], [-0.67430547270729, 47.56258081725943], [-0.648978246397425, 47.57457689618627], [-0.638679001568562, 47.57351107129677], [-0.62582735044323, 47.56857702308141], [-0.629952049059682, 47.56912448962652], [-0.628313030862384, 47.56067829929411], [-0.634382298146029, 47.56613904939328], [-0.643827952611523, 47.568376274858714], [-0.660018336405097, 47.56060628568477], [-0.668544042611898, 47.55235448043715], [-0.682765501734275, 47.55108597154946], [-0.688292427781752, 47.545540515498786]]]}",3299,200,39,1,49,52
2B029,20253,BARBAGGIO,HAUTE-CORSE,CORSE,"Commune simple",299.0,1098.0,0.2,"42.6841491468, 9.36802297003","{""type"": ""Polygon"", ""coordinates"": [[[9.38202691162103, 42.66739109925601], [9.365557584090713, 42.674264392575324], [9.33757166926229, 42.67813892536693], [9.337476804959433, 42.69128657678026], [9.328880600391583, 42.693528099335694], [9.346998726818226, 42.69383309590279], [9.354970270926119, 42.69706640491837], [9.360229920974556, 42.69160282114351], [9.364853551546835, 42.691282291210655], [9.376286272932308, 42.6970769918753], [9.398521338127166, 42.6932125825691], [9.390876675057331, 42.67751470050092], [9.393186314757983, 42.67461621430614], [9.38202691162103, 42.66739109925601]]]}",28441,029,29,5,2B,94
57465,57940,METZERVISSE,MOSELLE,LORRAINE,"Chef-lieu canton",221.0,899.0,1.8,"49.3168013752, 6.28918104694","{""type"": ""Polygon"", ""coordinates"": [[[6.318582537747691, 49.312668262281704], [6.279325938851084, 49.29909399163343], [6.274430266913086, 49.29977575606341], [6.272655087578436, 49.30953169559918], [6.262583707911114, 49.32042966138717], [6.252780801547734, 49.32189975124876], [6.25046084141498, 49.322214143990955], [6.258984408339291, 49.32576300467549], [6.27400818200872, 49.32391705073923], [6.290942350208893, 49.331319928614576], [6.305974173946593, 49.3315211047586], [6.318582537747691, 49.312668262281704]]]}",30514,465,21,7,57,41
47004,47190,AIGUILLON,LOT-ET-GARONNE,AQUITAINE,"Commune simple",53.0,2831.0,4.4,"44.3012876866, 0.358229103443","{""type"": ""Polygon"", ""coordinates"": [[[0.374796107659688, 44.28210024223217], [0.371433416033152, 44.275670453727145], [0.357825187920636, 44.26640982458558], [0.344619239650638, 44.27033334329937], [0.335258457882442, 44.269215047475484], [0.333811936056321, 44.27332286641987], [0.327007180544834, 44.28126326516043], [0.320019714309679, 44.29408938633675], [0.328832278603669, 44.31065073526032], [0.3372153943031, 44.316969542478056], [0.348049772930902, 44.322689358125075], [0.347771657850132, 44.32916735058829], [0.352149639738938, 44.330263574001684], [0.369877867837432, 44.325969633001556], [0.387505934431903, 44.331406425112355], [0.392170599034744, 44.33038233798743], [0.398692055092361, 44.325259079513], [0.400674612213124, 44.31841613577974], [0.403542254835574, 44.31250373012206], [0.389363193160336, 44.30526010066674], [0.388539451147384, 44.3021783991332], [0.385178231177001, 44.304629255556605], [0.370849765815976, 44.2955603339736], [0.374796107659688, 44.28210024223217]]]}",1539,004,27,1,47,72
68240,68960,OBERDORF,HAUT-RHIN,ALSACE,"Commune simple",391.0,413.0,0.6,"47.5598733177, 7.31658096209","{""type"": ""Polygon"", ""coordinates"": [[[7.299414754847934, 47.541925350131045], [7.295372103602046, 47.5552269501583], [7.301482361714574, 47.560987331223934], [7.323790551515578, 47.57052885070854], [7.332409235701399, 47.567576486553286], [7.346789275369094, 47.56897929631288], [7.341446218056388, 47.561425589791504], [7.336853707118168, 47.5629307899304], [7.309890096986905, 47.55344685450205], [7.299414754847934, 47.541925350131045]]]}",28768,240,10,1,68,42
59381,59990,MARESCHES,NORD,NORD-PAS-DE-CALAIS,"Commune simple",81.0,484.0,0.9,"50.2940290785, 3.57606019881","{""type"": ""Polygon"", ""coordinates"": [[[3.587234070837199, 50.281475102048795], [3.565431859513691, 50.28913733331222], [3.555163265199816, 50.2895252128588], [3.551129216430331, 50.294876748265054], [3.556182674022095, 50.299388335088366], [3.588934705606835, 50.30358193333907], [3.596865731770423, 50.299709860404974], [3.587234070837199, 50.281475102048795]]]}",15494,381,50,1,59,31
72010,72430,ASNIERES-SUR-VEGRE,SARTHE,"PAYS DE LA LOIRE","Commune simple",51.0,1256.0,0.4,"47.886353314, -0.226358103893","{""type"": ""Polygon"", ""coordinates"": [[[-0.177805759161368, 47.88491203830794], [-0.184587119424967, 47.87608135987687], [-0.199856595268121, 47.875530722891035], [-0.208476577376109, 47.87195358102405], [-0.236941191937146, 47.8785935673062], [-0.252013139671457, 47.877212918454745], [-0.270620378862093, 47.88998162429146], [-0.271944470744302, 47.89364676500303], [-0.246786211260256, 47.89617405053984], [-0.236777080844981, 47.907745602162485], [-0.228258762568769, 47.904692584330334], [-0.227247796264988, 47.89467737612073], [-0.221167917568916, 47.88916989210992], [-0.21149233577315, 47.8875075811042], [-0.192150728029449, 47.89098970916188], [-0.177805759161368, 47.88491203830794]]]}",32920,010,27,1,72,52
08009,08210,AMBLIMONT,ARDENNES,CHAMPAGNE-ARDENNE,"Commune simple",223.0,744.0,0.1,"49.6301403979, 5.06216316575","{""type"": ""Polygon"", ""coordinates"": [[[5.089001813493802, 49.62125781941259], [5.063789687470091, 49.62052901993924], [5.033107039784461, 49.623832894616505], [5.031315406645898, 49.636591366580866], [5.03470846572165, 49.6387369207413], [5.085200888155138, 49.63871725007583], [5.092791370192123, 49.63410120483151], [5.089001813493802, 49.62125781941259]]]}",32187,009,18,3,08,21
55256,55160,JONVILLE-EN-WOEVRE,MEUSE,LORRAINE,"Commune simple",213.0,1086.0,0.1,"49.0653727638, 5.77605703237","{""type"": ""Polygon"", ""coordinates"": [[[5.777823218311963, 49.05225175195529], [5.766237553971735, 49.04650911455903], [5.744998447192728, 49.05976326958162], [5.745101396838628, 49.063260720793224], [5.756358934242948, 49.07414108817915], [5.776814764267534, 49.08379154941638], [5.798021269536385, 49.074464585006346], [5.808171557611039, 49.07577525525346], [5.80594418584966, 49.063465282099614], [5.791603078618119, 49.054199500299944], [5.777823218311963, 49.05225175195529]]]}",14563,256,27,2,55,41
51517,51600,SAINT-SOUPLET-SUR-PY,MARNE,CHAMPAGNE-ARDENNE,"Commune simple",142.0,2131.0,0.2,"49.2450297704, 4.46480167767","{""type"": ""Polygon"", ""coordinates"": [[[4.483411515307353, 49.206047777973176], [4.475921993247724, 49.20809095872456], [4.475190104903914, 49.21130098019806], [4.463049846245851, 49.21685297399146], [4.438998280320289, 49.21623438107977], [4.436271267542966, 49.21886547791812], [4.436424336197327, 49.22635360762384], [4.44147111995477, 49.22714756003627], [4.43897945911828, 49.240718440381436], [4.453824813850489, 49.26564407288134], [4.448369447923802, 49.27149099321311], [4.447217109954195, 49.27253879748844], [4.454542570969297, 49.276011190830744], [4.483839738321991, 49.28077943350495], [4.492719344625836, 49.28083176828548], [4.490782279773053, 49.270381002734716], [4.481134674842322, 49.25833465696358], [4.483411515307353, 49.206047777973176]]]}",14695,517,04,3,51,21
28140,28230,EPERNON,EURE-ET-LOIR,CENTRE,"Commune simple",141.0,659.0,5.3,"48.5941135535, 1.68537156703","{""type"": ""Polygon"", ""coordinates"": [[[1.698323768023026, 48.56879172314349], [1.694106825723814, 48.574818234580604], [1.6746885527446, 48.57819317879884], [1.681264476900103, 48.583574227413685], [1.676828006663083, 48.597091745511605], [1.665586634137821, 48.60391153482002], [1.666354498393681, 48.613708235132286], [1.682125995776505, 48.61885880254199], [1.690809696162537, 48.61724528867275], [1.683237939956231, 48.6151106415365], [1.689120799597955, 48.611541030232694], [1.685309632218289, 48.60555240467595], [1.689821857742979, 48.59979046452369], [1.688608712541495, 48.58973704252433], [1.701989054658109, 48.58499862181418], [1.710270999545133, 48.581274142546555], [1.70925278746701, 48.57802434626236], [1.698323768023026, 48.56879172314349]]]}",21179,140,18,1,28,24
72269,72120,SAINT-CALAIS,SARTHE,"PAYS DE LA LOIRE","Chef-lieu canton",138.0,2281.0,3.5,"47.9250578354, 0.747660967628","{""type"": ""Polygon"", ""coordinates"": [[[0.759800120809066, 47.898090367746164], [0.729279036166919, 47.901438417804705], [0.726712087544653, 47.904476896170074], [0.715694577724658, 47.909710093629286], [0.701442909795891, 47.90947697437252], [0.686636259123632, 47.91767642743333], [0.688587487599094, 47.920848038032794], [0.698729555327487, 47.92171346507749], [0.737978880139403, 47.93670104505427], [0.752333310461066, 47.934680771494186], [0.765709827030765, 47.93931144042622], [0.769064876985717, 47.956066748686155], [0.763816744880569, 47.965465103821245], [0.768534798561399, 47.966752152578884], [0.797567585029073, 47.943919295583356], [0.795943703008181, 47.940755822383615], [0.773494840374044, 47.92717006370167], [0.770119443047472, 47.91728361502161], [0.76228405680235, 47.91284904873226], [0.760897524368495, 47.90952743871403], [0.768068759181933, 47.90139901312021], [0.759800120809066, 47.898090367746164]]]}",8706,269,28,2,72,52
02514,02290,MONTIGNY-LENGRAIN,AISNE,PICARDIE,"Commune simple",110.0,1159.0,0.7,"49.3726900463, 3.09924630011","{""type"": ""Polygon"", ""coordinates"": [[[3.100161704096266, 49.34736243353097], [3.076880691014997, 49.355478444215116], [3.07753848892621, 49.37198134818688], [3.081093571429735, 49.37433404231551], [3.094357599831929, 49.37853109385037], [3.090826730381824, 49.39824558607676], [3.095632690751457, 49.39798121878601], [3.113941284447317, 49.40051806790163], [3.117886875129137, 49.39136406083912], [3.112280640785962, 49.365275477878264], [3.115025558716737, 49.3556369306741], [3.100161704096266, 49.34736243353097]]]}",26092,514,35,4,02,22
80683,80190,ROUY-LE-GRAND,SOMME,PICARDIE,"Commune simple",69.0,374.0,0.1,"49.7797743059, 2.94948921504","{""type"": ""Polygon"", ""coordinates"": [[[2.936077261382142, 49.769910393813326], [2.930028490596397, 49.77029341091677], [2.941646421730248, 49.7885830181607], [2.9670152923527, 49.786463207841294], [2.968377234184094, 49.78317525699657], [2.965800515316984, 49.77694829673385], [2.936077261382142, 49.769910393813326]]]}",26213,683,30,4,80,22
59028,59950,AUBY,NORD,NORD-PAS-DE-CALAIS,"Commune simple",23.0,717.0,7.6,"50.4142959158, 3.06115822735","{""type"": ""Polygon"", ""coordinates"": [[[3.091708297318234, 50.403827620525675], [3.086733334402331, 50.40233201239507], [3.066105797731209, 50.40681543177725], [3.04422064892537, 50.40713940451397], [3.029515784058171, 50.411542603956356], [3.03897938116258, 50.423183235869836], [3.06851938203504, 50.42564803627258], [3.073451096371593, 50.425187378734684], [3.068910174914961, 50.423690838204024], [3.085450263301242, 50.41603207300254], [3.091708297318234, 50.403827620525675]]]}",25567,028,77,3,59,31
82047,82500,CUMONT,TARN-ET-GARONNE,MIDI-PYRENEES,"Commune simple",182.0,743.0,0.1,"43.8703403158, 0.903369775759","{""type"": ""Polygon"", ""coordinates"": [[[0.923725565866807, 43.84763590473632], [0.912698416057606, 43.8484877201799], [0.904105900537197, 43.86095319534759], [0.886032894503401, 43.87224465346858], [0.882866109877535, 43.885831053679155], [0.885672009267915, 43.89140400181763], [0.900634078580641, 43.896851221002635], [0.896386714034701, 43.883391716718855], [0.91185339635628, 43.869906034281414], [0.920290136089522, 43.86649322598175], [0.925331695293934, 43.86095376566344], [0.923725565866807, 43.84763590473632]]]}",31147,047,02,1,82,73
04163,04150,REVEST-DU-BION,ALPES-DE-HAUTE-PROVENCE,"PROVENCE-ALPES-COTE D'AZUR","Commune simple",948.0,4377.0,0.6,"44.0940903498, 5.54050938545","{""type"": ""Polygon"", ""coordinates"": [[[5.555933686850995, 44.054760706887606], [5.54790253334943, 44.05777548756696], [5.544598165016951, 44.06989191567907], [5.517135064525006, 44.06343097078734], [5.502637180858649, 44.06344820436497], [5.498165293517721, 44.07309539208162], [5.498787806458753, 44.11571934778835], [5.507691851210901, 44.11780319992393], [5.511094943751295, 44.1241008491445], [5.542421282615012, 44.13355441815385], [5.551327343869811, 44.149791159265874], [5.547436396079822, 44.12939460968583], [5.556223977700198, 44.11350287693392], [5.575316320802947, 44.11363209957514], [5.58545632841807, 44.1205705230862], [5.590170268815799, 44.12004494797536], [5.589906148641521, 44.10656122333151], [5.575683953041043, 44.08145692302226], [5.576895837519507, 44.06159925748169], [5.573225178207019, 44.059407342041084], [5.555933686850995, 44.054760706887606]]]}",4141,163,03,4,04,93
18013,18200,ARPHEUILLES,CHER,CENTRE,"Commune simple",191.0,4769.0,0.3,"46.791585762, 2.56799217336","{""type"": ""Polygon"", ""coordinates"": [[[2.556394346420643, 46.7449513582146], [2.548158101411556, 46.74147064934267], [2.5384565837241, 46.74254859635593], [2.544622408656267, 46.752315736244235], [2.544314012648449, 46.7594007935429], [2.536891447326434, 46.78015267459234], [2.521890756333983, 46.798693741871645], [2.520899490514035, 46.81294305693851], [2.527202428508542, 46.822585450397774], [2.540566950521124, 46.82747475625724], [2.541556307646432, 46.83458285463993], [2.576087403884899, 46.83644401867182], [2.581388788695777, 46.83126814133893], [2.56751441669122, 46.827228059847435], [2.566072008902168, 46.82387314335314], [2.57204594740739, 46.818204994931016], [2.581857979961347, 46.81636824999247], [2.600775432065839, 46.80508141364406], [2.620906492247379, 46.80472635041494], [2.62669890599008, 46.78428814271737], [2.61012621785168, 46.772095632864385], [2.596555331068933, 46.76776284033094], [2.584371224421247, 46.75714857262487], [2.56161306095111, 46.75076107796285], [2.556394346420643, 46.7449513582146]]]}",2725,013,07,2,18,24
81061,81150,CASTANET,TARN,MIDI-PYRENEES,"Commune simple",239.0,713.0,0.2,"43.9734777518, 2.03636220381","{""type"": ""Polygon"", ""coordinates"": [[[2.048163559561255, 43.95992757195226], [2.034597978192167, 43.95972760153902], [2.01785410108304, 43.964654669207235], [2.02264545192909, 43.979557359246755], [2.018477784680308, 43.98851154883527], [2.026944582711345, 43.986193070091936], [2.035805616439651, 43.988530684509385], [2.050788966583915, 43.9811103553511], [2.059836546627699, 43.98272759655589], [2.060213409592556, 43.98255082689755], [2.049151460710664, 43.97241970401107], [2.048445255163108, 43.9691824126838], [2.056007395159668, 43.96555781347199], [2.052944895824093, 43.96312822666476], [2.048163559561255, 43.95992757195226]]]}",4381,061,12,1,81,73
30084,30200,CODOLET,GARD,LANGUEDOC-ROUSSILLON,"Commune simple",33.0,546.0,0.7,"44.1274492778, 4.70097099002","{""type"": ""Polygon"", ""coordinates"": [[[4.706068782051669, 44.107745253157425], [4.697389596767654, 44.10998663865989], [4.698785385755151, 44.116140762980855], [4.684593149402464, 44.12427309249955], [4.686153178594854, 44.132207402551074], [4.708699861552433, 44.143759841205586], [4.717483723419102, 44.1415159532479], [4.712251341167129, 44.13548495290953], [4.706068782051669, 44.107745253157425]]]}",36174,084,07,2,30,91
38304,38119,PIERRE-CHATEL,ISERE,RHONE-ALPES,"Commune simple",983.0,1237.0,1.3,"44.9565648579, 5.77432306035","{""type"": ""Polygon"", ""coordinates"": [[[5.789303259054405, 44.93592008672492], [5.781094609439632, 44.93638709367942], [5.76807964402803, 44.944838286054036], [5.746677504432093, 44.93989176027912], [5.753745248487722, 44.95982515163323], [5.759256975285456, 44.96558948079346], [5.76052105293786, 44.9757925263838], [5.76926407322873, 44.97677336909226], [5.786557800854656, 44.9730619807531], [5.793645509846298, 44.96935248762299], [5.796387077644622, 44.96020219193078], [5.797643235530955, 44.95028740201232], [5.790660954099385, 44.94586821302048], [5.789303259054405, 44.93592008672492]]]}",17480,304,20,1,38,82
2B245,20215,PORRI,HAUTE-CORSE,CORSE,"Commune simple",349.0,454.0,0.1,"42.4493786063, 9.44236110212","{""type"": ""Polygon"", ""coordinates"": [[[9.447894771894727, 42.43602718449487], [9.446319219228737, 42.43873811621436], [9.43496208483664, 42.44075153702046], [9.426675529167724, 42.45152472160673], [9.429310124953735, 42.45730887981794], [9.436081546532535, 42.4605070237416], [9.44440496753306, 42.45900214018917], [9.461986319765693, 42.44838468978583], [9.462210040779569, 42.44611635892557], [9.459348248701104, 42.44853588208864], [9.455979471977093, 42.44648564592026], [9.447894771894727, 42.43602718449487]]]}",25145,245,59,3,2B,94
60252,60130,FOURNIVAL,OISE,PICARDIE,"Commune simple",132.0,1110.0,0.5,"49.4639491439, 2.38160769117","{""type"": ""Polygon"", ""coordinates"": [[[2.376231021083302, 49.44363641812519], [2.369048269843785, 49.45271324627385], [2.354164210949592, 49.4621262584632], [2.358622850026497, 49.46839663847595], [2.356665764442458, 49.47160396693618], [2.367760148679219, 49.47789101021848], [2.391096962285692, 49.482747124210206], [2.391648201566278, 49.48279483171334], [2.403235218001964, 49.47216584437862], [2.405755081445202, 49.455802062119105], [2.401256305781872, 49.45732585987528], [2.397754477403622, 49.45493564119671], [2.392901041225767, 49.445599675437364], [2.380024194982233, 49.44458168549948], [2.376231021083302, 49.44363641812519]]]}",32583,252,33,2,60,22
10438,10110,VITRY-LE-CROISE,AUBE,CHAMPAGNE-ARDENNE,"Commune simple",289.0,3245.0,0.3,"48.1434911643, 4.57858150099","{""type"": ""Polygon"", ""coordinates"": [[[4.582520531324093, 48.109489286069596], [4.562265509176485, 48.11167649272668], [4.560230239697777, 48.12149564438676], [4.553494783790446, 48.12694864534541], [4.549015784012285, 48.147968636067546], [4.533925089579506, 48.16181864153927], [4.533258375418715, 48.168046187620824], [4.542640146271868, 48.17879569231902], [4.572649285583637, 48.17612276475511], [4.585740253431425, 48.17069169244558], [4.615671605563866, 48.142817558805426], [4.622988165941852, 48.1380370272955], [4.622539896645587, 48.13132003231325], [4.627804229678882, 48.125451318137344], [4.626179197129855, 48.11894852037821], [4.590283187744836, 48.11423597648929], [4.582520531324093, 48.109489286069596]]]}",27563,438,10,3,10,21
64221,64120,ETCHARRY,PYRENEES-ATLANTIQUES,AQUITAINE,"Commune simple",130.0,750.0,0.1,"43.3321625989, -0.927792287342","{""type"": ""Polygon"", ""coordinates"": [[[-0.911759565246854, 43.344039707042434], [-0.912221390916282, 43.33067465966772], [-0.930420165443296, 43.31132492243086], [-0.94128762037975, 43.31674754385705], [-0.940745236828076, 43.33045802820906], [-0.941064636490426, 43.339633645725215], [-0.932407548949595, 43.34965862777049], [-0.921962733827867, 43.34834469695504], [-0.911759565246854, 43.344039707042434]]]}",13433,221,36,1,64,72
62146,62175,BOIRY-SAINT-MARTIN,PAS-DE-CALAIS,NORD-PAS-DE-CALAIS,"Commune simple",103.0,354.0,0.3,"50.1926802634, 2.75913608882","{""type"": ""Polygon"", ""coordinates"": [[[2.752568643086346, 50.18143708719586], [2.739203507866728, 50.18332220768116], [2.74793267388423, 50.19128765199603], [2.746616187958058, 50.19441892108252], [2.766629916452867, 50.20430934316384], [2.774281924813352, 50.20141418458334], [2.777189473761863, 50.195600580737754], [2.752568643086346, 50.18143708719586]]]}",13495,146,10,1,62,31
16106,16500,CONFOLENS,CHARENTE,POITOU-CHARENTES,Sous-préfecture,177.0,1902.0,2.8,"46.0191386034, 0.658522279035","{""type"": ""Polygon"", ""coordinates"": [[[0.65008205397749, 45.989479103142166], [0.651105765885014, 45.99607684457084], [0.664390792003159, 46.006189257783205], [0.631657719516897, 46.02057264446096], [0.616385929114331, 46.03338756685468], [0.611457181474719, 46.03340091938406], [0.627282239091867, 46.0419585214612], [0.64306598915473, 46.04314365055883], [0.650978211800101, 46.03963225399955], [0.655240926048178, 46.04099076475508], [0.677128943500089, 46.036405483693144], [0.677417652919597, 46.0231414185804], [0.690989880914626, 46.019599065963064], [0.688891132525541, 45.99999821962828], [0.674987056008511, 45.99009224438255], [0.65008205397749, 45.989479103142166]]]}",13611,106,99,3,16,54
80511,80500,MARESTMONTIERS,SOMME,PICARDIE,"Commune simple",80.0,248.0,0.1,"49.6824759775, 2.52108959814","{""type"": ""Polygon"", ""coordinates"": [[[2.515044149144025, 49.673071426948475], [2.509473544301271, 49.682214579380975], [2.515054670501739, 49.69098000478277], [2.534977357139326, 49.68738262852003], [2.527575237324007, 49.676041108779856], [2.515044149144025, 49.673071426948475]]]}",23408,511,27,3,80,22
12273,12210,SOULAGES-BONNEVAL,AVEYRON,MIDI-PYRENEES,"Commune simple",873.0,1533.0,0.3,"44.6772152529, 2.77442908262","{""type"": ""Polygon"", ""coordinates"": [[[2.739120617381498, 44.65144662766694], [2.748813694056781, 44.66968169682473], [2.741719908057672, 44.68145908489385], [2.746236785805118, 44.68720435940416], [2.783850009965383, 44.692352817777426], [2.783999415641267, 44.70276045909318], [2.793468674921118, 44.702319379375105], [2.792369495373394, 44.69572720074035], [2.803785635471689, 44.690409317570165], [2.805231251060791, 44.673828639668066], [2.789977261328, 44.660287548007325], [2.766662449522786, 44.664328096580704], [2.739120617381498, 44.65144662766694]]]}",26066,273,14,2,12,73
27681,27200,VERNON,EURE,HAUTE-NORMANDIE,"Chef-lieu canton",94.0,3431.0,25.3,"49.0879728821, 1.48501282787","{""type"": ""Polygon"", ""coordinates"": [[[1.503287581685151, 49.059099070507486], [1.486533447494871, 49.051739586755836], [1.476459987223039, 49.053707668898674], [1.461451911226504, 49.06331899934761], [1.44727950476602, 49.05351389701089], [1.42553791679037, 49.06745827992409], [1.429298810281644, 49.07162638578791], [1.442231063144088, 49.077649248391516], [1.470089262398732, 49.102710670457604], [1.472532036211517, 49.105799277024786], [1.466922260953123, 49.11161815541154], [1.484058049137102, 49.120081646942594], [1.49355881459949, 49.132592748896556], [1.497903405179207, 49.13068670151243], [1.49651887519671, 49.12078658888212], [1.500457489573798, 49.11866853569117], [1.53817520611972, 49.12834113471622], [1.539815254436387, 49.124116610438115], [1.535135820160914, 49.11807070568624], [1.512208590108317, 49.10448017873579], [1.530082151666062, 49.09869286813924], [1.528696738036282, 49.09539357296634], [1.511266406422552, 49.087687979451445], [1.510255111853051, 49.08428513632119], [1.512821875232884, 49.07785101561992], [1.503287581685151, 49.059099070507486]]]}",7460,681,97,3,27,23
51329,51220,LOIVRE,MARNE,CHAMPAGNE-ARDENNE,"Commune simple",79.0,1023.0,1.1,"49.3456807799, 3.9750851292","{""type"": ""Polygon"", ""coordinates"": [[[3.968688612082337, 49.32606373696374], [3.953054681699816, 49.341929004895455], [3.950517896743072, 49.34462788036029], [3.958376294446423, 49.35659379548235], [3.952327894311825, 49.365163564310386], [3.960416675528295, 49.36935154780882], [3.965424633410185, 49.36847565416904], [3.987543854202735, 49.34971575121428], [4.002017855750596, 49.35104394107437], [4.003147769165912, 49.33131122258232], [3.998469310257584, 49.3298037380811], [3.991146543599479, 49.3345476924641], [3.968688612082337, 49.32606373696374]]]}",25555,329,05,3,51,21
80750,80200,TERTRY,SOMME,PICARDIE,"Commune simple",81.0,490.0,0.2,"49.8596732024, 3.07111098486","{""type"": ""Polygon"", ""coordinates"": [[[3.073649342486545, 49.838894955168584], [3.054435467363306, 49.875351795392525], [3.057552514289977, 49.87825202354533], [3.073939193608151, 49.87598835938502], [3.070905191546864, 49.87340291503946], [3.079469205664923, 49.865411277204316], [3.084399129917189, 49.84624575881778], [3.085713853392632, 49.84320831448365], [3.077623327766357, 49.83968307389863], [3.073649342486545, 49.838894955168584]]]}",9061,750,24,4,80,22
09230,09460,"LE PLA",ARIEGE,MIDI-PYRENEES,"Commune simple",1732.0,1320.0,0.1,"42.6879125968, 2.05616287931","{""type"": ""Polygon"", ""coordinates"": [[[2.04326960860997, 42.6574960280291], [2.027051835465352, 42.65262032679618], [2.018422598324003, 42.65365641104172], [2.032517960022374, 42.66747865299471], [2.045026926143975, 42.69670557079436], [2.077004662121155, 42.717244351082684], [2.079507964797271, 42.723964790222986], [2.087574978782886, 42.72281993062582], [2.088969086072617, 42.71166403547727], [2.04701939066479, 42.66358965489304], [2.04326960860997, 42.6574960280291]]]}",12252,230,13,1,09,73
54203,54330,FORCELLES-SAINT-GORGON,MEURTHE-ET-MOSELLE,LORRAINE,"Commune simple",320.0,531.0,0.1,"48.45687195, 6.10382987514","{""type"": ""Polygon"", ""coordinates"": [[[6.084787344215186, 48.44454940570842], [6.081632217056668, 48.44681917756902], [6.090467445761397, 48.454377068574175], [6.086984765205163, 48.47018707609118], [6.116561482388654, 48.46324692372843], [6.120978290255393, 48.46512955301997], [6.12620621539236, 48.459031802652184], [6.126025377750884, 48.45213104906417], [6.084787344215186, 48.44454940570842]]]}",12372,203,29,3,54,41
88145,88600,DOMFAING,VOSGES,LORRAINE,"Commune simple",409.0,394.0,0.2,"48.2408241172, 6.75106532043","{""type"": ""Polygon"", ""coordinates"": [[[6.752381439664638, 48.22385649744262], [6.743071978513765, 48.22640393599582], [6.739522019679569, 48.23280387219445], [6.739560157994613, 48.24322466116665], [6.744184636584235, 48.24928451018628], [6.759524308509645, 48.25880499990243], [6.763787647503391, 48.25900256400379], [6.76436917080153, 48.25109320499388], [6.764156821599975, 48.249253365345986], [6.74557903877292, 48.24043972303964], [6.762752578878203, 48.234308991133574], [6.752381439664638, 48.22385649744262]]]}",30026,145,02,3,88,41
71103,71710,CHARMOY,SAONE-ET-LOIRE,BOURGOGNE,"Commune simple",376.0,3929.0,0.3,"46.7692538445, 4.31625377039","{""type"": ""Polygon"", ""coordinates"": [[[4.34535137645095, 46.73237233815166], [4.285612314524102, 46.74331367333456], [4.274788293821587, 46.754870932301586], [4.272902974859474, 46.76498664319459], [4.270925068096312, 46.78292877344868], [4.266727758722982, 46.78844120870914], [4.29227738628147, 46.80097112892587], [4.306874874321251, 46.799419343445585], [4.316380675231569, 46.79180058269211], [4.340548956661019, 46.78929699837778], [4.357865277732053, 46.80068352511727], [4.367160251867961, 46.788614365610336], [4.370630072798161, 46.77598361511611], [4.357339217030333, 46.77076518947684], [4.355883469092703, 46.763911316446055], [4.343264362303302, 46.75336122448157], [4.342477463028777, 46.74644532236218], [4.349387509724666, 46.73351369053865], [4.34535137645095, 46.73237233815166]]]}",1150,103,32,1,71,26
64277,64240,ISTURITS,PYRENEES-ATLANTIQUES,AQUITAINE,"Commune simple",152.0,1373.0,0.4,"43.3700960955, -1.20346966918","{""type"": ""Polygon"", ""coordinates"": [[[-1.209670986716592, 43.35069374767265], [-1.221542247099305, 43.35298752360537], [-1.233098144886704, 43.35013925665135], [-1.23168433655623, 43.364158546994744], [-1.220248068719821, 43.37962356383319], [-1.20471085212735, 43.387913408502364], [-1.185536066464234, 43.389566963667036], [-1.170292580150139, 43.372867849665724], [-1.190612099846867, 43.35868627424976], [-1.203930799811089, 43.35610619526545], [-1.209670986716592, 43.35069374767265]]]}",28554,277,14,1,64,72
80667,80500,REMAUGIES,SOMME,PICARDIE,"Commune simple",100.0,417.0,0.1,"49.6270583774, 2.67048609499","{""type"": ""Polygon"", ""coordinates"": [[[2.687598966720607, 49.617752915382574], [2.672997761005687, 49.62139887811049], [2.653385471720286, 49.61706705733938], [2.653967205452819, 49.62719622628897], [2.670065292320081, 49.64076510655804], [2.688934160415827, 49.62565524903948], [2.687598966720607, 49.617752915382574]]]}",23675,667,27,3,80,22
16272,16230,PUYREAUX,CHARENTE,POITOU-CHARENTES,"Commune simple",81.0,818.0,0.5,"45.86360531, 0.210617195274","{""type"": ""Polygon"", ""coordinates"": [[[0.237294265383302, 45.85231988466114], [0.229325766423039, 45.854881904724955], [0.208325561271229, 45.849670352834444], [0.204116065459973, 45.85106198309242], [0.184779966112295, 45.867882129752005], [0.187548439060434, 45.87783574699301], [0.207250570600018, 45.87650424261085], [0.209625666043451, 45.87443642695149], [0.210297018178389, 45.867541915760306], [0.21439153008735, 45.86666079262813], [0.224925819367083, 45.87287595844144], [0.237566285386004, 45.86285072270176], [0.237294265383302, 45.85231988466114]]]}",1553,272,18,3,16,54
89074,89340,CHAMPIGNY,YONNE,BOURGOGNE,"Commune simple",120.0,2120.0,2.1,"48.3042190014, 3.13177066366","{""type"": ""Polygon"", ""coordinates"": [[[3.122701309230277, 48.27221868924393], [3.11248333740697, 48.27135609314736], [3.1009364577472, 48.2801480138546], [3.10610542810688, 48.289932642986244], [3.100769733077319, 48.298700698690176], [3.123531861304361, 48.33331828395428], [3.136747459987115, 48.3354630565239], [3.136313658114195, 48.32948050013937], [3.140912026747382, 48.32853042180735], [3.150337803695096, 48.32669241609555], [3.159612891212802, 48.3287676070877], [3.159659470507533, 48.31743114251672], [3.174004923559858, 48.31933632301499], [3.163337780567161, 48.30300356542679], [3.136645104866187, 48.28562756455544], [3.126962693725989, 48.27322190803645], [3.122701309230277, 48.27221868924393]]]}",17481,074,22,3,89,26
24559,24620,TURSAC,DORDOGNE,AQUITAINE,"Commune simple",138.0,1816.0,0.3,"44.9720327079, 1.04234396021","{""type"": ""Polygon"", ""coordinates"": [[[1.07485851511178, 44.96635980936005], [1.051993694457891, 44.94893958319109], [1.038551675572568, 44.944902538290975], [1.030093221698046, 44.94777912382623], [1.024851576663743, 44.960844536215916], [1.014047897169694, 44.9671638068541], [1.010396031691571, 44.97711379676806], [1.01365747598285, 44.98354872344404], [1.02754199690793, 44.986407675335], [1.04188315437311, 45.000206803192775], [1.0554641223729, 45.00392146702024], [1.053483103748188, 44.98713479642645], [1.075757260657329, 44.969743734764585], [1.07485851511178, 44.96635980936005]]]}",21729,559,32,4,24,72
62069,62310,AZINCOURT,PAS-DE-CALAIS,NORD-PAS-DE-CALAIS,"Commune simple",122.0,861.0,0.3,"50.4588971511, 2.11716559112","{""type"": ""Polygon"", ""coordinates"": [[[2.088417462840784, 50.43647194175986], [2.085045518655029, 50.43870934056291], [2.088291472960642, 50.44810565594624], [2.100728333056434, 50.453951122032436], [2.108242868555978, 50.47269576088251], [2.113783595595885, 50.47597623545421], [2.120273603115791, 50.472467696150524], [2.137864031796135, 50.47778014850942], [2.145750172317096, 50.47729623350751], [2.141542961918973, 50.46827227040079], [2.146182778573529, 50.46255911202136], [2.130614743092203, 50.45520616878462], [2.131426864357632, 50.452141690108554], [2.088417462840784, 50.43647194175986]]]}",18340,069,39,4,62,31
68289,68270,RUELISHEIM,HAUT-RHIN,ALSACE,"Commune simple",226.0,716.0,2.4,"47.8223744559, 7.35273202444","{""type"": ""Polygon"", ""coordinates"": [[[7.354148768470997, 47.80520751859964], [7.350773264720354, 47.8077757418312], [7.352725265997826, 47.814454549455945], [7.344135360201152, 47.82641922433237], [7.324317487511416, 47.82944194108418], [7.314596801196449, 47.82742981670762], [7.306382776441708, 47.83144560377774], [7.311172392550744, 47.83636203844397], [7.315515568247524, 47.83610299535302], [7.329377861568679, 47.83273427128568], [7.374387244983483, 47.83163914948396], [7.372661726249635, 47.82482599486691], [7.377810136144273, 47.80787674765936], [7.354148768470997, 47.80520751859964]]]}",28569,289,31,4,68,42
41119,41370,LORGES,LOIR-ET-CHER,CENTRE,"Commune simple",130.0,1356.0,0.4,"47.8211948112, 1.49873755779","{""type"": ""Polygon"", ""coordinates"": [[[1.491781864681222, 47.79005411135335], [1.481486351274333, 47.790398223078874], [1.47539061228237, 47.79474799357703], [1.497915048612304, 47.80938779058726], [1.49780206126399, 47.81291503183319], [1.486113510517205, 47.82448491900254], [1.462098403238806, 47.83817904758167], [1.473440187113301, 47.84735589168794], [1.490106823907598, 47.8387230472573], [1.510509033526681, 47.83779574765826], [1.521297209602164, 47.83015490487245], [1.531379319729074, 47.828607324947235], [1.527171854576799, 47.819318875783466], [1.525785148709152, 47.812451171110666], [1.500161761895135, 47.80126994916632], [1.499766213757817, 47.79445050627512], [1.491781864681222, 47.79005411135335]]]}",21864,119,08,1,41,24
21355,21600,LONGVIC,COTE-D'OR,BOURGOGNE,"Commune simple",231.0,1040.0,9.3,"47.285832398, 5.05278368483","{""type"": ""Polygon"", ""coordinates"": [[[5.04836612535656, 47.26820244781631], [5.036097531518859, 47.27123720006819], [5.026950116942229, 47.27882691883734], [5.030162503114538, 47.28434511308792], [5.028706681122397, 47.29660892509514], [5.056214223938936, 47.30111378933174], [5.089575536565229, 47.28648720953707], [5.089399691985411, 47.28298719528084], [5.069135901768764, 47.28086484510718], [5.05438158175539, 47.2712029681781], [5.049277982312722, 47.271644467590306], [5.04836612535656, 47.26820244781631]]]}",24123,355,38,2,21,26
64204,64440,EAUX-BONNES,PYRENEES-ATLANTIQUES,AQUITAINE,"Commune simple",1605.0,3791.0,0.4,"42.9515491129, -0.358104565434","{""type"": ""Polygon"", ""coordinates"": [[[-0.326875042893179, 42.91686813493813], [-0.33526951424443, 42.925275530999414], [-0.34933456150183, 42.92725901915007], [-0.35378399328488, 42.933456873564936], [-0.358079041229448, 42.93506887215896], [-0.372447724340904, 42.93589680879783], [-0.39914394361254, 42.94387650248405], [-0.402853684001902, 42.94612640615085], [-0.412780029010867, 42.95822454215599], [-0.410693172201316, 42.97920154161178], [-0.41412507284066, 42.985636834805774], [-0.333060728767805, 42.96761305536574], [-0.322582962049778, 42.960376573919454], [-0.297784694745637, 42.930978593335276], [-0.313023688749684, 42.918565528634815], [-0.326875042893179, 42.91686813493813]]]}",8880,204,16,2,64,72
04065,04230,CRUIS,ALPES-DE-HAUTE-PROVENCE,"PROVENCE-ALPES-COTE D'AZUR","Commune simple",1057.0,3663.0,0.6,"44.0831626991, 5.83846949092","{""type"": ""Polygon"", ""coordinates"": [[[5.802953848567707, 44.04743421431095], [5.797772343656852, 44.0609044530653], [5.808587381201527, 44.06671548638099], [5.807825244296123, 44.10493863458746], [5.812698396420269, 44.122096488442295], [5.833171678974598, 44.11520156535598], [5.864338257940243, 44.11249079467537], [5.882755639276234, 44.06719204690749], [5.864638151421696, 44.06236303454284], [5.838033562023273, 44.04705240150355], [5.824303283745245, 44.05041560666537], [5.814961095464406, 44.05845542392229], [5.802953848567707, 44.04743421431095]]]}",3141,065,23,4,04,93
16306,16420,SAINT-CHRISTOPHE,CHARENTE,POITOU-CHARENTES,"Commune simple",257.0,2330.0,0.3,"46.0040190503, 0.849752490764","{""type"": ""Polygon"", ""coordinates"": [[[0.860505415253915, 45.98289387082306], [0.831331160755779, 45.97034882535209], [0.826497296706879, 45.97105786828733], [0.822152269383728, 45.97116354377374], [0.815389185796042, 45.97815886674115], [0.8208367906505, 45.98350670345215], [0.818864108164688, 45.99708936525839], [0.830685845963328, 46.01852197850189], [0.828984782452803, 46.02427274281932], [0.845226245592802, 46.03650066602272], [0.856265036320784, 46.029719584723196], [0.861549017768961, 46.01689261017677], [0.866517055807094, 46.01648180152748], [0.886178743674435, 46.03173175748921], [0.893184648147254, 46.028457131502776], [0.894051788150372, 46.022699042372246], [0.888290621640626, 46.01344856986637], [0.893996879686259, 46.0079246998572], [0.891207734458989, 46.0051433531321], [0.876799166043038, 46.00568495991465], [0.868972261332643, 46.00183562778138], [0.861660717777982, 45.99306796467954], [0.860505415253915, 45.98289387082306]]]}",8335,306,15,3,16,54
76549,76730,SAANE-SAINT-JUST,SEINE-MARITIME,HAUTE-NORMANDIE,"Commune simple",102.0,678.0,0.1,"49.7568971698, 0.923549334119","{""type"": ""Polygon"", ""coordinates"": [[[0.91748460560358, 49.732074336602764], [0.908567819423528, 49.74056812377553], [0.906259937293504, 49.75527780560128], [0.911459101428579, 49.765208741646255], [0.91708055042541, 49.76993364481562], [0.927248166061042, 49.769352003454664], [0.934266941829247, 49.778009427627424], [0.940619094916949, 49.774674645453764], [0.942824983673766, 49.76193140427191], [0.938003715079937, 49.75280818160363], [0.91929199252464, 49.74730403706339], [0.923581831145398, 49.73764320280749], [0.918511096613755, 49.73240646899856], [0.91748460560358, 49.732074336602764]]]}",27889,549,03,1,76,23
46252,46360,SAINT-CERNIN,LOT,MIDI-PYRENEES,"Commune simple",355.0,1628.0,0.2,"44.5992781487, 1.58540945458","{""type"": ""Polygon"", ""coordinates"": [[[1.592941365938897, 44.577831540510985], [1.578021371907621, 44.578009650393845], [1.571851652694429, 44.5828642119986], [1.55866236488234, 44.58526805849952], [1.554898629107921, 44.597923543740905], [1.562330148793365, 44.60103682429981], [1.558154176665243, 44.61008551171255], [1.563565056880103, 44.614405881638525], [1.577115455330209, 44.61743542309952], [1.596361430454973, 44.61658298930742], [1.603033172208597, 44.62154767565579], [1.614416292439463, 44.61133636325091], [1.616030635573694, 44.604621641868356], [1.60984354951756, 44.59996999348619], [1.607061338443836, 44.58658216909002], [1.592941365938897, 44.577831540510985]]]}",11357,252,16,1,46,73
09216,09240,NESCUS,ARIEGE,MIDI-PYRENEES,"Commune simple",498.0,301.0,0.1,"42.9917806971, 1.43531153938","{""type"": ""Polygon"", ""coordinates"": [[[1.451179690042934, 42.9995559756382], [1.448234464118355, 42.98963685405042], [1.437206502394528, 42.983738288713894], [1.420277993883337, 42.988105448707365], [1.417431771716895, 42.99317286935023], [1.423960819701936, 42.99550854650971], [1.451179690042934, 42.9995559756382]]]}",11477,216,02,1,09,73
56108,56230,LARRE,MORBIHAN,BRETAGNE,"Commune simple",75.0,1712.0,0.8,"47.7158136416, -2.49456221297","{""type"": ""Polygon"", ""coordinates"": [[[-2.44701948117789, 47.71240221675772], [-2.466391270053015, 47.7081229590757], [-2.477173952906995, 47.7008059366619], [-2.479579853292575, 47.6912014890288], [-2.484602482275979, 47.691831829385606], [-2.493920717328205, 47.703393719410165], [-2.527794356380657, 47.70612622525986], [-2.53684478327167, 47.70921641483158], [-2.538912805761913, 47.71880885560205], [-2.524328170465971, 47.726816817097955], [-2.522666057159378, 47.732832261516975], [-2.484919281707201, 47.730568105276205], [-2.471824292030039, 47.72455974240716], [-2.457382470540383, 47.72481115191618], [-2.443389925641122, 47.71481789792019], [-2.44701948117789, 47.71240221675772]]]}",12302,108,29,3,56,53
14327,14200,HEROUVILLE-SAINT-CLAIR,CALVADOS,BASSE-NORMANDIE,"Chef-lieu canton",32.0,1064.0,21.9,"49.2073560619, -0.331022626025","{""type"": ""Polygon"", ""coordinates"": [[[-0.315437400510802, 49.18597659287596], [-0.323151730847636, 49.18895831532035], [-0.329195488634427, 49.184742080435676], [-0.33354839637964, 49.18582741505906], [-0.338280582476432, 49.195126600773214], [-0.359927591028821, 49.21279121620787], [-0.351207849386091, 49.22384095271646], [-0.341518568892232, 49.221653581477135], [-0.326447367368426, 49.223339362345754], [-0.32128969725598, 49.22388656007528], [-0.313448990950666, 49.21944148552889], [-0.304895897457711, 49.21092136436232], [-0.312285938617807, 49.206435283062106], [-0.315437400510802, 49.18597659287596]]]}",32575,327,93,2,14,25
50438,50490,"LA RONDE-HAYE",MANCHE,BASSE-NORMANDIE,"Commune simple",62.0,694.0,0.3,"49.1268697579, -1.44258497048","{""type"": ""Polygon"", ""coordinates"": [[[-1.433166904952274, 49.10854462890232], [-1.451674412070449, 49.10778827152722], [-1.464377363191523, 49.11209881853288], [-1.46052745624519, 49.1213912556255], [-1.441432356579449, 49.13742519891664], [-1.446323513236792, 49.14355694882372], [-1.440414489355071, 49.15291535794005], [-1.424888830146814, 49.145545353755104], [-1.435082907987475, 49.11538094372634], [-1.433166904952274, 49.10854462890232]]]}",3070,438,40,3,50,25
48153,48700,SAINT-GAL,LOZERE,LANGUEDOC-ROUSSILLON,"Commune simple",1083.0,984.0,0.1,"44.6677397831, 3.41592493596","{""type"": ""Polygon"", ""coordinates"": [[[3.430119374366841, 44.656157689338194], [3.413660280613335, 44.64944132204624], [3.404476002370735, 44.661332026946035], [3.395118521376657, 44.65987136747814], [3.387405282012717, 44.66816327066211], [3.397393408094722, 44.68195630822713], [3.404834979378163, 44.68320775495616], [3.413534553168551, 44.67528002610883], [3.434892176605314, 44.67969061863442], [3.442819295258374, 44.67682325836664], [3.442071735568138, 44.6667789897825], [3.430119374366841, 44.656157689338194]]]}",3197,153,19,2,48,91
62676,62120,QUERNES,PAS-DE-CALAIS,NORD-PAS-DE-CALAIS,"Commune simple",42.0,279.0,0.4,"50.602495211, 2.36795171734","{""type"": ""Polygon"", ""coordinates"": [[[2.355920586856514, 50.59368387131448], [2.346436918727227, 50.60085021284061], [2.358475471658695, 50.60782375910258], [2.384880181249252, 50.60877417723473], [2.389682913118622, 50.60584515516672], [2.387519602731146, 50.60167012632805], [2.380763706461987, 50.59717601757289], [2.378977393987779, 50.60023654077246], [2.373906828985463, 50.59975333091319], [2.355920586856514, 50.59368387131448]]]}",25953,676,38,2,62,31
76362,76940,HEURTEAUVILLE,SEINE-MARITIME,HAUTE-NORMANDIE,"Commune simple",4.0,737.0,0.3,"49.4532160211, 0.801910726458","{""type"": ""Polygon"", ""coordinates"": [[[0.802839511712878, 49.42731894362482], [0.799721871978051, 49.427370204356926], [0.784814444264071, 49.459863298911905], [0.804426781982857, 49.475118859909294], [0.813243155565544, 49.46669178115099], [0.816693720261355, 49.446496692650825], [0.802816783909831, 49.43366658015718], [0.802839511712878, 49.42731894362482]]]}",12383,362,10,3,76,23
91468,91540,ORMOY,ESSONNE,ILE-DE-FRANCE,"Commune simple",64.0,185.0,1.8,"48.5732357153, 2.45777798707","{""type"": ""Polygon"", ""coordinates"": [[[2.456355291836143, 48.5638753819719], [2.442294558670131, 48.57719579971013], [2.469570036691401, 48.578552898720865], [2.473848917558094, 48.57770832140336], [2.456355291836143, 48.5638753819719]]]}",16001,468,16,2,91,11
87132,87120,SAINT-AMAND-LE-PETIT,HAUTE-VIENNE,LIMOUSIN,"Commune simple",546.0,1539.0,0.1,"45.7692929778, 1.76751945612","{""type"": ""Polygon"", ""coordinates"": [[[1.770312612541808, 45.743996355387026], [1.774878771372617, 45.756771482090585], [1.764095776680993, 45.763741560326004], [1.731028023718468, 45.75862824402684], [1.722516713327348, 45.76670967836375], [1.734142713187479, 45.77655825431713], [1.732299632349735, 45.78284180066198], [1.74170476942529, 45.785288633520196], [1.766588330263375, 45.7840863543914], [1.783412400349992, 45.776478821541986], [1.803069186848653, 45.776896183569455], [1.809438400188619, 45.77159604046738], [1.819195541837098, 45.77329262158355], [1.804020104004842, 45.75972296728266], [1.79500138056403, 45.75910464149904], [1.770312612541808, 45.743996355387026]]]}",12528,132,09,2,87,74
67392,67340,REIPERTSWILLER,BAS-RHIN,ALSACE,"Commune simple",305.0,1930.0,0.9,"48.9475831775, 7.44744692113","{""type"": ""Polygon"", ""coordinates"": [[[7.45948084668061, 48.925248624562236], [7.454356035810171, 48.92525929818254], [7.453801317291121, 48.93473721587462], [7.418059969759168, 48.93643971154991], [7.392312327872098, 48.952715919527485], [7.404510922668964, 48.9582031668742], [7.429246229055973, 48.9608576651091], [7.451631009566657, 48.96797173304053], [7.457806579732403, 48.96294155742545], [7.477938528915777, 48.96147915915283], [7.487019386004498, 48.950060827602194], [7.489045992807008, 48.93711381264674], [7.470031127144146, 48.92665652345626], [7.466805863166718, 48.92920881590579], [7.45948084668061, 48.925248624562236]]]}",7394,392,17,4,67,42
49048,49125,BRIOLLAY,MAINE-ET-LOIRE,"PAYS DE LA LOIRE","Commune simple",28.0,1445.0,2.6,"47.57639762, -0.497931074064","{""type"": ""Polygon"", ""coordinates"": [[[-0.50102504433085, 47.55742525616817], [-0.505195963995452, 47.55120899636157], [-0.514459731680954, 47.54939829228432], [-0.523431204340942, 47.55224500843535], [-0.528968711511766, 47.55789817517657], [-0.534015345497313, 47.55792549765111], [-0.533292246013674, 47.56128124852706], [-0.518619197276006, 47.563247766241666], [-0.516844496172241, 47.56641886039141], [-0.521721508483937, 47.57597568380605], [-0.521185227267756, 47.57935268772753], [-0.508378824691541, 47.58954165787285], [-0.512104845415242, 47.59941270951077], [-0.506109443769009, 47.601629306803154], [-0.499040828817552, 47.59723740072571], [-0.48914854379575, 47.59690298143394], [-0.480793328872169, 47.58847599872452], [-0.456444700366181, 47.592128239406286], [-0.46790141180795, 47.57371430817804], [-0.492496970284739, 47.569700580234894], [-0.50102504433085, 47.55742525616817]]]}",6069,048,33,1,49,52
64511,64230,SAUVAGNON,PYRENEES-ATLANTIQUES,AQUITAINE,"Commune simple",203.0,1673.0,3.0,"43.3933131319, -0.389091623871","{""type"": ""Polygon"", ""coordinates"": [[[-0.396826516110692, 43.359641207325744], [-0.419195356119765, 43.36786883960635], [-0.413105724561156, 43.37674156959509], [-0.409731257227025, 43.405843057096774], [-0.400769399650455, 43.40529657345484], [-0.388855049168682, 43.41060483931563], [-0.374165301291985, 43.42359825383076], [-0.369703606995443, 43.423989340523946], [-0.360772054927743, 43.41681110837164], [-0.354363363757863, 43.400963797824886], [-0.361395532499648, 43.396405452699334], [-0.384639938208514, 43.39438430343748], [-0.385783344442901, 43.374781714912494], [-0.396826516110692, 43.359641207325744]]]}",11724,511,19,3,64,72
61320,61120,ORVILLE,ORNE,BASSE-NORMANDIE,"Commune simple",197.0,723.0,0.1,"48.8900927801, 0.286603341231","{""type"": ""Polygon"", ""coordinates"": [[[0.294471033440725, 48.87574988452733], [0.284143702648901, 48.8762808046869], [0.275721559140894, 48.884457847826035], [0.256062915451604, 48.881039272822726], [0.255940938515156, 48.88387098202234], [0.269573387262281, 48.8931990912589], [0.275307045682853, 48.901761079321425], [0.285105682517041, 48.902568552946896], [0.31401304425978, 48.89809165456606], [0.294471033440725, 48.87574988452733]]]}",14863,320,36,2,61,25
60617,60400,SERMAIZE,OISE,PICARDIE,"Commune simple",61.0,513.0,0.2,"49.6168772777, 2.95323666872","{""type"": ""Polygon"", ""coordinates"": [[[2.958225720515067, 49.606581915060325], [2.947003625527051, 49.60056566180537], [2.939932992018746, 49.60515440720913], [2.945869721156516, 49.6138110063497], [2.93059002833197, 49.62228622750489], [2.946877438258536, 49.628971136652986], [2.96482287020939, 49.62498781638692], [2.966235656166413, 49.62221149481834], [2.983927612184396, 49.62029207948407], [2.966143711941772, 49.61481581973341], [2.958225720515067, 49.606581915060325]]]}",31048,617,18,3,60,22
76156,76450,CANOUVILLE,SEINE-MARITIME,HAUTE-NORMANDIE,"Commune simple",88.0,451.0,0.3,"49.8064199555, 0.597683771595","{""type"": ""Polygon"", ""coordinates"": [[[0.577072443084617, 49.79487536629564], [0.571155788034539, 49.802793432659115], [0.572073023955439, 49.80424086791169], [0.60355920058203, 49.815739451081306], [0.616718314823727, 49.821003653622526], [0.617071591419787, 49.82087573149466], [0.615931373422864, 49.802148876729895], [0.611948755551508, 49.79941039539817], [0.591035860350546, 49.79970019508128], [0.577072443084617, 49.79487536629564]]]}",26855,156,09,1,76,23
39445,39570,PUBLY,JURA,FRANCHE-COMTE,"Commune simple",542.0,1526.0,0.3,"46.6295899553, 5.65124745442","{""type"": ""Polygon"", ""coordinates"": [[[5.659867316666364, 46.6013273928321], [5.647811735521976, 46.615481213626246], [5.622969168811318, 46.61762937586586], [5.621968506581466, 46.63972493517017], [5.627625205560511, 46.645262188083755], [5.641129820091079, 46.648582524899], [5.643030584814879, 46.64973694577051], [5.665569936394695, 46.64728699235416], [5.679946773190007, 46.639843286178056], [5.675751578990964, 46.61520135574159], [5.666459242219035, 46.61554417301064], [5.668989206232391, 46.60901646321767], [5.659867316666364, 46.6013273928321]]]}",19094,445,11,2,39,43
50373,50480,NEUVILLE-AU-PLAIN,MANCHE,BASSE-NORMANDIE,"Commune simple",14.0,468.0,0.1,"49.4241715154, -1.33468334659","{""type"": ""Polygon"", ""coordinates"": [[[-1.312142408576279, 49.4299449319229], [-1.313539098265373, 49.42355803191534], [-1.335480571614389, 49.4138976285827], [-1.358259837959035, 49.421720479291075], [-1.35869030011825, 49.424684583491654], [-1.336701784450489, 49.43281147980107], [-1.312142408576279, 49.4299449319229]]]}",20610,373,37,2,50,25
13079,13114,PUYLOUBIER,BOUCHES-DU-RHONE,"PROVENCE-ALPES-COTE D'AZUR","Commune simple",395.0,4094.0,1.8,"43.5186378192, 5.67758737833","{""type"": ""Polygon"", ""coordinates"": [[[5.698803014601386, 43.482179118539655], [5.654308173473657, 43.49071341821493], [5.628240893803043, 43.51037870060884], [5.63560465780104, 43.51425093927829], [5.637728502957193, 43.52063583766945], [5.622086216119041, 43.525660183905096], [5.618537306686825, 43.53166931500226], [5.626236026768653, 43.53578627569234], [5.669609017801605, 43.54008414904934], [5.687765450444388, 43.545415510821954], [5.70669159711099, 43.55623435733303], [5.716863913684382, 43.55119977070818], [5.725073869430211, 43.551273007114], [5.717834879041315, 43.53510579272744], [5.714278015305105, 43.50121962517869], [5.703217740953055, 43.49534737026252], [5.698803014601386, 43.482179118539655]]]}",3976,079,34,1,13,93
32106,32430,COLOGNE,GERS,MIDI-PYRENEES,"Chef-lieu canton",177.0,665.0,0.8,"43.7176064858, 0.975053061253","{""type"": ""Polygon"", ""coordinates"": [[[0.995892880026925, 43.70303393468428], [0.987541446982383, 43.705544159309774], [0.974621961270237, 43.702820133113576], [0.959324691976239, 43.718115606246045], [0.953016872433939, 43.7359100042807], [0.968943913315893, 43.72858408081769], [0.97377155318394, 43.72896208544598], [0.986561593175754, 43.72600391043812], [0.99010359289642, 43.72021852079386], [0.987882131058672, 43.71385858927664], [0.998084294972055, 43.70778188345638], [0.995892880026925, 43.70303393468428]]]}",19716,106,05,1,32,73
59198,59132,EPPE-SAUVAGE,NORD,NORD-PAS-DE-CALAIS,"Commune simple",202.0,1686.0,0.3,"50.1185512931, 4.16530475504","{""type"": ""Polygon"", ""coordinates"": [[[4.17160164194329, 50.093932558777944], [4.154265901529565, 50.101533834465215], [4.156609963994767, 50.10819424971371], [4.153460888054673, 50.110972296431825], [4.13268914303801, 50.113958988611245], [4.124846095797834, 50.11867459636466], [4.118381029257861, 50.121958034326894], [4.121520558380844, 50.130012772391694], [4.126910928068251, 50.134921198361766], [4.146143290588303, 50.12895917915176], [4.163105036287866, 50.1350598487316], [4.195247103726411, 50.134598622954485], [4.203383522426598, 50.1153163729083], [4.197643808416873, 50.10944449701496], [4.192533254981334, 50.10949424314844], [4.183466116611115, 50.10157913881189], [4.181462634173847, 50.09529311372343], [4.17160164194329, 50.093932558777944]]]}",2327,198,64,1,59,31
14653,14770,SAINT-PIERRE-LA-VIEILLE,CALVADOS,BASSE-NORMANDIE,"Commune simple",212.0,1250.0,0.4,"48.9204195438, -0.580711888534","{""type"": ""Polygon"", ""coordinates"": [[[-0.569316230350873, 48.89638595102374], [-0.592989320361054, 48.900907841911966], [-0.597555125906658, 48.89960040597], [-0.598875624933664, 48.90230637608156], [-0.600202164481221, 48.90628145244487], [-0.593953450655775, 48.925931647661336], [-0.596430872349788, 48.928962945971996], [-0.59857325536002, 48.93997994728459], [-0.593282244576428, 48.94488274561252], [-0.575065589593817, 48.94548178132501], [-0.56883442753025, 48.93951941634584], [-0.563813257239055, 48.92368178761983], [-0.560721702786007, 48.90406861832578], [-0.569316230350873, 48.89638595102374]]]}",16796,653,12,4,14,25
43267,43800,VOREY,HAUTE-LOIRE,AUVERGNE,"Chef-lieu canton",698.0,3949.0,1.4,"45.1929802448, 3.90530679663","{""type"": ""Polygon"", ""coordinates"": [[[3.860200269421989, 45.16770670486174], [3.852780590104693, 45.17114038525861], [3.859018553736038, 45.18025931915335], [3.860269569064794, 45.1903889794187], [3.858100387346632, 45.193422248089604], [3.844217121773508, 45.193293944802605], [3.843386786366951, 45.203241414145715], [3.870949371948869, 45.21786072985722], [3.885084965576211, 45.21904632632259], [3.888440153735219, 45.20571061578147], [3.894135513729532, 45.200235286947766], [3.906260293240068, 45.21039402414632], [3.906898212865344, 45.22064533670384], [3.910377614609576, 45.2230483449926], [3.921989020530707, 45.21785638565512], [3.926617760252736, 45.21194693080886], [3.950495441847761, 45.21366434798436], [3.955023225366541, 45.21247310633272], [3.961601492731448, 45.20756304076681], [3.965270344922736, 45.19799523395356], [3.970087585615147, 45.1981606051914], [3.954267803448606, 45.185428989727036], [3.953594626961199, 45.17210762299199], [3.933589049380783, 45.1687018388438], [3.917303411126568, 45.17618473653385], [3.899708706431945, 45.16986253091174], [3.860200269421989, 45.16770670486174]]]}",8680,267,28,2,43,83
32035,32410,BEAUCAIRE,GERS,MIDI-PYRENEES,"Commune simple",131.0,1598.0,0.3,"43.8370869594, 0.375982093244","{""type"": ""Polygon"", ""coordinates"": [[[0.393149736433536, 43.81175419220306], [0.388325896487461, 43.820453479963206], [0.389200786891729, 43.82389590699851], [0.385384777009638, 43.82602842180853], [0.352544759247554, 43.828054188484344], [0.333640103816249, 43.83791225587339], [0.33289583071768, 43.849059269883895], [0.346490626483595, 43.8464735069613], [0.381717795665352, 43.85503235354185], [0.399496493739164, 43.85153189802222], [0.403055170410124, 43.8452328714699], [0.400557660574251, 43.839149737521154], [0.408251984660406, 43.831049308975096], [0.41048279558123, 43.81832590996077], [0.399208567063429, 43.817958477294276], [0.397129064443635, 43.812560586725], [0.393149736433536, 43.81175419220306]]]}",657,035,28,2,32,73
54089,54770,BOUXIERES-AUX-CHENES,MEURTHE-ET-MOSELLE,LORRAINE,"Commune simple",292.0,1993.0,1.4,"48.7728236838, 6.27141981463","{""type"": ""Polygon"", ""coordinates"": [[[6.255236102335297, 48.74731640752099], [6.239499211457432, 48.74816771770499], [6.23411647125719, 48.770475485636766], [6.228641164899403, 48.77552043820375], [6.228667808296509, 48.77749101827048], [6.242538467694854, 48.7806527199106], [6.25307801993914, 48.78737818035548], [6.268154685237203, 48.787542659130835], [6.300485249825215, 48.794926029551995], [6.313299236422572, 48.78474144998159], [6.318944904995158, 48.77820243178197], [6.310214546282976, 48.7696230347183], [6.262561130529513, 48.756055083147665], [6.259565349312274, 48.7532113859313], [6.26214047394611, 48.750197464481836], [6.255236102335297, 48.74731640752099]]]}",3918,089,42,3,54,41
39550,39570,VERGES,JURA,FRANCHE-COMTE,"Commune simple",528.0,644.0,0.2,"46.6591469123, 5.68477020801","{""type"": ""Polygon"", ""coordinates"": [[[5.679946773190007, 46.639843286178056], [5.665569936394695, 46.64728699235416], [5.667476437341065, 46.65761242745571], [5.679032661881031, 46.669073181491335], [5.696594346709794, 46.675625816124544], [5.706721838825285, 46.6750268410233], [5.708860474416767, 46.67145362940811], [5.696154613385153, 46.66069848049221], [5.691165933673875, 46.650860241549175], [5.679946773190007, 46.639843286178056]]]}",15932,550,11,2,39,43
73034,73270,BEAUFORT,SAVOIE,RHONE-ALPES,"Chef-lieu canton",1754.0,15275.0,2.2,"45.6857270362, 6.6034275098","{""type"": ""Polygon"", ""coordinates"": [[[6.56239755324034, 45.6198228186035], [6.552122336507304, 45.62364526168107], [6.550184574636396, 45.62127269744154], [6.543253598654753, 45.62979306936119], [6.525894585605124, 45.633394270651884], [6.520075548390208, 45.638263684483434], [6.526547158020249, 45.64323490420663], [6.523039776147954, 45.6527371601138], [6.510478288698985, 45.65651892723386], [6.501345711252316, 45.6673855295251], [6.492202524365999, 45.679973225811516], [6.502312661263105, 45.686112955303436], [6.511273659811905, 45.68728505642959], [6.530512503570641, 45.702178230913816], [6.534506462748232, 45.7187737118308], [6.551234248642569, 45.730975364367886], [6.55235337207235, 45.737772693207404], [6.571320915507998, 45.734874578105014], [6.582024966923955, 45.74233205635962], [6.614581338461663, 45.73304445382875], [6.627550749745725, 45.73805431728461], [6.641394623561104, 45.7338307530444], [6.668608471425551, 45.74198963316421], [6.686999351782747, 45.75403706136512], [6.69843763042268, 45.74350268823238], [6.689598381288519, 45.72816993205789], [6.711938518958688, 45.72291967208872], [6.708350985387855, 45.712995335522514], [6.692006807219792, 45.70584271918875], [6.694726561256391, 45.68262176689588], [6.670666680670404, 45.6660017189089], [6.663808669472286, 45.65563312731972], [6.645226427673356, 45.63034726175524], [6.630629385914766, 45.62935008386983], [6.61196776540723, 45.6329977714064], [6.603547460240212, 45.620891388128214], [6.598765432963356, 45.62182876018617], [6.582523961051439, 45.639041419800556], [6.56239755324034, 45.6198228186035]]]}",460,034,06,1,73,82
07032,07580,BERZEME,ARDECHE,RHONE-ALPES,"Commune simple",717.0,1817.0,0.2,"44.6552336996, 4.57203294139","{""type"": ""Polygon"", ""coordinates"": [[[4.560365175762787, 44.62491776571803], [4.563438709630602, 44.638452985047465], [4.552968643997484, 44.64568699706244], [4.543354890117817, 44.64651491550975], [4.541970317653176, 44.64984785271363], [4.54703971296408, 44.663121661097804], [4.55096543169264, 44.67510571698358], [4.56199016415287, 44.67947992855151], [4.585129271959143, 44.67787223520487], [4.596233069217088, 44.667105174735575], [4.600066163136406, 44.657676021782684], [4.588634400163795, 44.64866516858744], [4.601448004842757, 44.64104262486367], [4.602252042443681, 44.640931928316256], [4.594050442339643, 44.63366677176449], [4.585930067767618, 44.63638583306673], [4.577351677127575, 44.63448253455268], [4.576815168557658, 44.62837617597797], [4.560365175762787, 44.62491776571803]]]}",2679,032,29,1,07,82
80576,80400,MOYENCOURT,SOMME,PICARDIE,"Commune simple",64.0,422.0,0.3,"49.7241561473, 2.94715623094","{""type"": ""Polygon"", ""coordinates"": [[[2.964283831436071, 49.72367681953429], [2.958677631458286, 49.715085236762896], [2.953981157848546, 49.71381663808882], [2.93072240595819, 49.718864290036905], [2.927601276604843, 49.73079468952078], [2.933601085871658, 49.732514248030185], [2.947548688693574, 49.73013103346331], [2.960811278263122, 49.733676121463205], [2.965527630730956, 49.72896939169981], [2.964283831436071, 49.72367681953429]]]}",33604,576,38,3,80,22
15218,15380,SAINT-VINCENT-DE-SALERS,CANTAL,AUVERGNE,"Commune simple",948.0,1883.0,0.1,"45.2074874318, 2.53894340125","{""type"": ""Polygon"", ""coordinates"": [[[2.588613036465715, 45.20546986655026], [2.580830608169493, 45.19697686708261], [2.561868846196004, 45.196814045251955], [2.550429233797268, 45.1908887538447], [2.547359640617572, 45.184690386438916], [2.54259661168219, 45.18481504521614], [2.528280361785595, 45.19441713258424], [2.489480786311701, 45.20933785504748], [2.486828271447781, 45.21935661794772], [2.515560400596418, 45.21911571464878], [2.525113553883821, 45.226864498161945], [2.534458153659198, 45.22479679118272], [2.547866100725615, 45.21492001690708], [2.570203417067733, 45.220897040601244], [2.588613036465715, 45.20546986655026]]]}",33748,218,22,2,15,83
32116,32170,DUFFORT,GERS,MIDI-PYRENEES,"Commune simple",262.0,998.0,0.1,"43.3407927968, 0.419689843256","{""type"": ""Polygon"", ""coordinates"": [[[0.442971318432993, 43.32792557960325], [0.418737842865454, 43.328078820495534], [0.395822786013895, 43.33424391170381], [0.393631312606116, 43.33744040660599], [0.39867157205799, 43.3514410844712], [0.410109143803731, 43.35464982947342], [0.4268673652773, 43.35696693615316], [0.425485334452828, 43.35035445692268], [0.445969528659415, 43.34400854427449], [0.444980087163144, 43.34073593354656], [0.442971318432993, 43.32792557960325]]]}",16194,116,17,3,32,73
24532,24500,SERRES-ET-MONTGUYARD,DORDOGNE,AQUITAINE,"Commune simple",78.0,686.0,0.2,"44.6757898351, 0.44420320019","{""type"": ""Polygon"", ""coordinates"": [[[0.451989305550315, 44.65558843537128], [0.447880639134833, 44.661600735823534], [0.435420508694142, 44.66555504556356], [0.423520927409882, 44.685914874353216], [0.434059349422154, 44.70125651514221], [0.438862216161823, 44.70117860162562], [0.441246580633293, 44.694568132543125], [0.434669904573675, 44.67815719015844], [0.436953466470742, 44.67513854708219], [0.450580228095048, 44.677804373521234], [0.462836542058911, 44.67364546269552], [0.466611713723133, 44.674470590406706], [0.470530109430123, 44.66957916232141], [0.451989305550315, 44.65558843537128]]]}",23190,532,12,1,24,72
24366,24200,SAINT-ANDRE-D'ALLAS,DORDOGNE,AQUITAINE,"Commune simple",198.0,2947.0,0.8,"44.8912301574, 1.1476803246","{""type"": ""Polygon"", ""coordinates"": [[[1.186045746587778, 44.85610564690111], [1.179931109854305, 44.86076959340702], [1.166740408766257, 44.859498850251136], [1.155384916818931, 44.864435042619114], [1.147112915495885, 44.86644067694019], [1.139134834348527, 44.87407932127611], [1.126398036301685, 44.876593920492276], [1.11415556028523, 44.890751238221945], [1.102389563194051, 44.895882413177986], [1.106330561561578, 44.916519579621706], [1.108571177453759, 44.9184850522803], [1.117845936531437, 44.91935402428559], [1.125143734746741, 44.92362920126454], [1.144419183940304, 44.91001142551429], [1.162552885492929, 44.92052557579631], [1.172974847708556, 44.913447640864916], [1.166022484957649, 44.90551594597314], [1.182329379984068, 44.88838463673804], [1.18342743586193, 44.87481283176027], [1.195254607343286, 44.86385658985276], [1.186045746587778, 44.85610564690111]]]}",4133,366,36,4,24,72
11055,11190,BUGARACH,AUDE,LANGUEDOC-ROUSSILLON,"Commune simple",625.0,2756.0,0.2,"42.8784709373, 2.35059589731","{""type"": ""Polygon"", ""coordinates"": [[[2.370849056676687, 42.84634991145081], [2.354351616584446, 42.86058610766726], [2.341671050415925, 42.86421406200176], [2.328339358522493, 42.86269263661884], [2.301406867133222, 42.88524555146229], [2.298099884450374, 42.89882133660188], [2.313149232521543, 42.900546370038185], [2.332169034578154, 42.89960514722894], [2.344157559375089, 42.89409440147805], [2.390644704017046, 42.8884958972271], [2.412740096286236, 42.894896016357826], [2.408989053176699, 42.888508500120246], [2.400943942308206, 42.88475887896729], [2.380578909677268, 42.865641663160034], [2.382155245591476, 42.84846589853559], [2.370849056676687, 42.84634991145081]]]}",19272,055,13,2,11,91
89395,89190,"LES SIEGES",YONNE,BOURGOGNE,"Commune simple",189.0,2379.0,0.4,"48.1724461499, 3.53441319941","{""type"": ""Polygon"", ""coordinates"": [[[3.574727324759956, 48.14656829823042], [3.559486603741138, 48.145966666901444], [3.506379351171066, 48.15478202625205], [3.497087206723254, 48.173412054051894], [3.498736343065541, 48.17994681858829], [3.500469559122561, 48.18963053579743], [3.521243425242709, 48.19744104420815], [3.524871820820355, 48.199593522872206], [3.53807220330314, 48.1979414548802], [3.566687126241556, 48.19050109954085], [3.568432291167105, 48.18760428441693], [3.563297092089821, 48.186828050812665], [3.561496794952455, 48.16937996439549], [3.574727324759956, 48.14656829823042]]]}",34930,395,36,3,89,26
81082,81340,"LE DOURN",TARN,MIDI-PYRENEES,"Commune simple",468.0,934.0,0.1,"44.0155897925, 2.47073380785","{""type"": ""Polygon"", ""coordinates"": [[[2.461585411349022, 44.001121711758415], [2.457529070502525, 44.00810378368009], [2.443479442188211, 44.023018568936955], [2.455714405970394, 44.02837225659582], [2.469929503074773, 44.03032308475601], [2.484887808175977, 44.02468835741063], [2.495397630303636, 44.011210046162624], [2.491762407559631, 44.00352510675547], [2.461585411349022, 44.001121711758415]]]}",35151,082,33,1,81,73
61448,61340,SAINT-PIERRE-LA-BRUYERE,ORNE,BASSE-NORMANDIE,"Commune simple",162.0,638.0,0.4,"48.35901525, 0.799156524403","{""type"": ""Polygon"", ""coordinates"": [[[0.788026905059542, 48.34132179568077], [0.788228387680204, 48.37604017971928], [0.793764109815897, 48.38062551359045], [0.813299807520976, 48.361475048844234], [0.814534374769846, 48.35158844529126], [0.818405234941422, 48.34941871504749], [0.788026905059542, 48.34132179568077]]]}",35214,448,26,3,61,25
66204,66500,TAURINYA,PYRENEES-ORIENTALES,LANGUEDOC-ROUSSILLON,"Commune simple",1312.0,1368.0,0.3,"42.5592864302, 2.44208129657","{""type"": ""Polygon"", ""coordinates"": [[[2.460082229745264, 42.51661248437811], [2.451715071718177, 42.53286815358826], [2.455320099727957, 42.538622094664476], [2.447278410612367, 42.550851955468914], [2.420270372879811, 42.563411645803264], [2.419522045859258, 42.57017712627345], [2.406138392405127, 42.583759678084185], [2.411745884073535, 42.58988610800214], [2.419895567567338, 42.588887784964534], [2.427462217234681, 42.591481838460204], [2.432943475311663, 42.58711481395554], [2.438961141434727, 42.57368824369482], [2.463020203971706, 42.556568964974616], [2.469921199604999, 42.543828773865755], [2.465294652888215, 42.533943881357104], [2.472135354846506, 42.524835372611086], [2.460082229745264, 42.51661248437811]]]}",6735,204,10,3,66,91
60575,60730,SAINTE-GENEVIEVE,OISE,PICARDIE,"Commune simple",199.0,803.0,2.8,"49.2889931714, 2.19808421262","{""type"": ""Polygon"", ""coordinates"": [[[2.204114449011617, 49.26973708716099], [2.187920394049495, 49.276497596022864], [2.185830792996688, 49.282668640716416], [2.178973121289551, 49.287018279793415], [2.17153734092123, 49.290491529522804], [2.175114732068473, 49.302292746137894], [2.194148526245399, 49.301800982281854], [2.197592364647906, 49.30399944281555], [2.230139938194281, 49.286932934771784], [2.224557705129519, 49.28161113119628], [2.215333829419465, 49.28272920001104], [2.207366858021273, 49.27892832564623], [2.204114449011617, 49.26973708716099]]]}",19005,575,28,1,60,22
16173,16230,JUILLE,CHARENTE,POITOU-CHARENTES,"Commune simple",87.0,869.0,0.2,"45.9263168412, 0.141585678419","{""type"": ""Polygon"", ""coordinates"": [[[0.141422723926698, 45.911279913113525], [0.120362474726948, 45.91559339006839], [0.119299592764064, 45.929253910265366], [0.12582900985027, 45.93775509736237], [0.146514189367735, 45.940585521488934], [0.153883348860272, 45.9401944623187], [0.166728096214832, 45.92675749675439], [0.162753048688476, 45.91694426899932], [0.148173332631094, 45.91628016609741], [0.141422723926698, 45.911279913113525]]]}",14757,173,18,3,16,54
39059,39220,BOIS-D'AMONT,JURA,FRANCHE-COMTE,"Commune simple",1152.0,1037.0,1.7,"46.5361950227, 6.1273377518","{""type"": ""Polygon"", ""coordinates"": [[[6.120829572760029, 46.516941576071254], [6.107131868929351, 46.518468143015276], [6.097685906410483, 46.530268065786565], [6.131093383689035, 46.553572142722864], [6.13810854702927, 46.557660399034035], [6.155487235736187, 46.54555741857396], [6.146652071068936, 46.5303098858701], [6.13717796340953, 46.52972311050137], [6.120829572760029, 46.516941576071254]]]}",14992,059,19,3,39,43
80590,80132,NEUILLY-L'HOPITAL,SOMME,PICARDIE,"Commune simple",62.0,777.0,0.3,"50.1693770105, 1.88017182256","{""type"": ""Polygon"", ""coordinates"": [[[1.88698549212203, 50.160087626664804], [1.852609907395577, 50.161244429586525], [1.850396113214612, 50.167627276688734], [1.845402283109888, 50.168334883380645], [1.849459801983121, 50.17500092547019], [1.861963155005413, 50.177434384198754], [1.871219367474469, 50.17563371512078], [1.900109060097379, 50.17960465888756], [1.911452372179055, 50.1743440288021], [1.913806959420646, 50.16626404528826], [1.88698549212203, 50.160087626664804]]]}",20238,590,31,1,80,22
39342,39230,MONAY,JURA,FRANCHE-COMTE,"Commune simple",269.0,244.0,0.1,"46.838724975, 5.59503528853","{""type"": ""Polygon"", ""coordinates"": [[[5.599394025435953, 46.82989540699356], [5.581911735507797, 46.836261939317346], [5.581886360952588, 46.840136224295335], [5.582796326859591, 46.8432508016773], [5.600094788402173, 46.84641054711876], [5.609121283381183, 46.83917937706617], [5.599394025435953, 46.82989540699356]]]}",20370,342,30,2,39,43
25186,25870,CUSSEY-SUR-L'OGNON,DOUBS,FRANCHE-COMTE,"Commune simple",227.0,746.0,0.9,"47.3277456972, 5.94001490559","{""type"": ""Polygon"", ""coordinates"": [[[5.927308928980882, 47.31043083855267], [5.921984046746479, 47.31869972280876], [5.926441345419705, 47.3270734279508], [5.930662395578508, 47.328912774301656], [5.92520929008807, 47.33825694921097], [5.926703695997409, 47.34475940849836], [5.938583281988738, 47.342414468089665], [5.941769149744891, 47.34419855551106], [5.942989187685423, 47.341311948897314], [5.963676072788999, 47.337209367019895], [5.944816464879616, 47.31182564042382], [5.927308928980882, 47.31043083855267]]]}",31067,186,13,1,25,43
23008,23200,AUBUSSON,CREUSE,LIMOUSIN,Sous-préfecture,525.0,1925.0,4.0,"45.9509017497, 2.16588054786","{""type"": ""Polygon"", ""coordinates"": [[[2.142523024472319, 45.920696340194816], [2.137378400722978, 45.93034711106963], [2.120665664275606, 45.93762998403048], [2.123930941899847, 45.944139255356525], [2.133555194739226, 45.945321013458035], [2.146536615055195, 45.95981035743118], [2.141859523623873, 45.967447653695125], [2.153817118997051, 45.97339118306082], [2.156419280727813, 45.96961930690503], [2.179825938593062, 45.970997987061224], [2.180186143448123, 45.96762356601762], [2.184798960519365, 45.96658522613136], [2.198554195747763, 45.96911487721523], [2.196268480741814, 45.95937285177658], [2.199187020176522, 45.956682910878946], [2.208316060581776, 45.9584401305279], [2.219451229185904, 45.95352847611487], [2.216203864355037, 45.947652547329795], [2.206472291166614, 45.94571162268581], [2.173733924376883, 45.94406351492851], [2.166495056126459, 45.93960678285034], [2.164912936641232, 45.933282312416196], [2.155892569812554, 45.934899403488195], [2.142523024472319, 45.920696340194816]]]}",7595,008,02,1,23,74
47222,47700,"LA REUNION",LOT-ET-GARONNE,AQUITAINE,"Commune simple",113.0,2817.0,0.5,"44.2830696786, 0.118267808801","{""type"": ""Polygon"", ""coordinates"": [[[0.105951588800262, 44.24750605106815], [0.080454893003507, 44.25645084493236], [0.084121344059959, 44.27313974386106], [0.088934047527336, 44.28268908610123], [0.097193412308908, 44.286186292069175], [0.110491108149717, 44.30033604122009], [0.109583102853987, 44.313715177038254], [0.113399352774263, 44.31982340887263], [0.137278431615358, 44.31802481429019], [0.144861161002352, 44.309710121028566], [0.152685534794064, 44.3012841629819], [0.146189471132151, 44.28881184704236], [0.148152759636447, 44.272217652845484], [0.14236721445302, 44.26712240260279], [0.129303385793736, 44.26395351279107], [0.105951588800262, 44.24750605106815]]]}",16885,222,07,4,47,72
64192,64330,CONCHEZ-DE-BEARN,PYRENEES-ATLANTIQUES,AQUITAINE,"Commune simple",168.0,454.0,0.1,"43.546390844, -0.168607821774","{""type"": ""Polygon"", ""coordinates"": [[[-0.169648271520818, 43.53250643578824], [-0.177935766788033, 43.5411424224861], [-0.184465351898643, 43.55531334860113], [-0.172012339992649, 43.55872164568572], [-0.163277552792612, 43.55727473723495], [-0.15871966898911, 43.56287328981134], [-0.162712478602433, 43.553536297087355], [-0.150762080397598, 43.53679347598201], [-0.15904504353761, 43.536840729783016], [-0.169648271520818, 43.53250643578824]]]}",26187,192,11,3,64,72
38391,38650,SAINT-GUILLAUME,ISERE,RHONE-ALPES,"Commune simple",980.0,1348.0,0.3,"44.9453659385, 5.59084549964","{""type"": ""Polygon"", ""coordinates"": [[[5.589300555310369, 44.925770012327035], [5.58520719473768, 44.93187392293527], [5.560787854682284, 44.93394372823885], [5.562570635290741, 44.949919458129614], [5.568586146312607, 44.96159963461707], [5.569328083513447, 44.96117711258646], [5.575291526168543, 44.956480873131994], [5.611955031887794, 44.9634899780088], [5.61629832482596, 44.9573160697837], [5.619081241104714, 44.936774075723605], [5.589300555310369, 44.925770012327035]]]}",22809,391,18,1,38,82
22357,22650,TREGON,COTES-D'ARMOR,BRETAGNE,"Commune simple",28.0,586.0,0.2,"48.5667372061, -2.1838363617","{""type"": ""Polygon"", ""coordinates"": [[[-2.175477619212829, 48.55727450025203], [-2.191668037899548, 48.551140906829005], [-2.199560469699214, 48.55964842131864], [-2.198941157596393, 48.57282837537488], [-2.186742911625559, 48.58133058001441], [-2.184332415697147, 48.578668231842094], [-2.16711023067735, 48.57720074171378], [-2.166593355699123, 48.56467475872456], [-2.175477619212829, 48.55727450025203]]]}",19854,357,37,1,22,53
61037,61360,BELLAVILLIERS,ORNE,BASSE-NORMANDIE,"Commune simple",186.0,1590.0,0.2,"48.4176974835, 0.490691078997","{""type"": ""Polygon"", ""coordinates"": [[[0.488696587842425, 48.39853202615168], [0.467934962836162, 48.400205644792905], [0.463284314438532, 48.41338299769723], [0.448558689002925, 48.42287833401894], [0.450034044890715, 48.425916445898814], [0.464127642298599, 48.42336528424935], [0.477135379224649, 48.433822850871685], [0.502901188532812, 48.43555616493954], [0.512109612244254, 48.443616353245304], [0.520539865213041, 48.42351398965184], [0.511651086946815, 48.39904311333627], [0.488696587842425, 48.39853202615168]]]}",31234,037,28,3,61,25
55170,55150,ECUREY-EN-VERDUNOIS,MEUSE,LORRAINE,"Commune simple",299.0,691.0,0.1,"49.3568005016, 5.34054044125","{""type"": ""Polygon"", ""coordinates"": [[[5.377639850785291, 49.35472791338031], [5.345780083303599, 49.35403761871082], [5.325087271580655, 49.34361023550594], [5.309925884968356, 49.34681471377372], [5.308803812466451, 49.35341882240611], [5.325162788721982, 49.36635136142505], [5.332817629090683, 49.36237299630292], [5.356467468836309, 49.36649150527926], [5.375724404304464, 49.36484656117948], [5.377639850785291, 49.35472791338031]]]}",32996,170,06,3,55,41
55387,55230,NOUILLONPONT,MEUSE,LORRAINE,"Commune simple",247.0,1013.0,0.2,"49.3572202791, 5.66034226167","{""type"": ""Polygon"", ""coordinates"": [[[5.646200748980717, 49.33729081608912], [5.633764093094983, 49.35357178834514], [5.642688736671052, 49.364646178275464], [5.641632274761402, 49.37117173863723], [5.655610732649266, 49.376504504023046], [5.664511535838611, 49.36856500874007], [5.68952856501063, 49.365267768601896], [5.696006594104486, 49.35984396419315], [5.694239798224247, 49.3566005500681], [5.688933332847222, 49.35702454575031], [5.677923499840495, 49.34970508152051], [5.646200748980717, 49.33729081608912]]]}",32159,387,19,3,55,41
76741,76280,VILLAINVILLE,SEINE-MARITIME,HAUTE-NORMANDIE,"Commune simple",103.0,354.0,0.3,"49.6596668934, 0.239594399689","{""type"": ""Polygon"", ""coordinates"": [[[0.235079087985221, 49.64445872332127], [0.223193504419388, 49.6483868007363], [0.231092386707178, 49.655715130929345], [0.230668200175032, 49.66151386355901], [0.237792969056265, 49.665784919865786], [0.239930244729645, 49.67805241596844], [0.248783214559194, 49.67755167670337], [0.247715160411169, 49.66725966595924], [0.252320931496281, 49.65732065070321], [0.243554897317905, 49.65369654335035], [0.242035722394196, 49.64692755878103], [0.235079087985221, 49.64445872332127]]]}",29324,741,12,2,76,23
32018,32450,AURIMONT,GERS,MIDI-PYRENEES,"Commune simple",191.0,814.0,0.2,"43.5649829798, 0.828905981101","{""type"": ""Polygon"", ""coordinates"": [[[0.827040338457666, 43.54960808202724], [0.814189129091587, 43.5536704051529], [0.80558058154657, 43.564225726745306], [0.808605073765735, 43.56638402741975], [0.822278806710957, 43.57890038238489], [0.827939543948846, 43.58275814430322], [0.836622132030587, 43.575784755712554], [0.852804312857883, 43.57178557185614], [0.843957370724636, 43.55584991196236], [0.827040338457666, 43.54960808202724]]]}",29564,018,27,1,32,73
58099,58120,DOMMARTIN,NIEVRE,BOURGOGNE,"Commune simple",323.0,1353.0,0.2,"47.0718096664, 3.84542104585","{""type"": ""Polygon"", ""coordinates"": [[[3.858144090736179, 47.04065978106924], [3.851448089390292, 47.043671582801736], [3.847265734702577, 47.04994194982978], [3.828478904230346, 47.060972711306896], [3.828936817472384, 47.074483959027695], [3.822905595794701, 47.07998326958991], [3.829615257428523, 47.09888792455922], [3.843197298663573, 47.100662428845865], [3.851680340075972, 47.09845739981483], [3.849447918796094, 47.09652003646264], [3.853153023982612, 47.092369094053566], [3.854561493904744, 47.07559386585863], [3.872715997339288, 47.0556229580858], [3.8644629722339, 47.04704137587323], [3.855741972597068, 47.043666863191746], [3.858144090736179, 47.04065978106924]]]}",34428,099,03,1,58,26
51204,51480,DAMERY,MARNE,CHAMPAGNE-ARDENNE,"Commune simple",149.0,1543.0,1.5,"49.080484604, 3.87786708147","{""type"": ""Polygon"", ""coordinates"": [[[3.895534299905257, 49.05823191361851], [3.87408421133637, 49.06336248162063], [3.869794224556577, 49.06213472854912], [3.854654707813996, 49.065129798209355], [3.850069162527516, 49.070899191529215], [3.856049582110653, 49.083319489679106], [3.850268759519102, 49.09226238175485], [3.850841847167766, 49.1054940879209], [3.857515849492953, 49.11073375290823], [3.861031094141731, 49.11044788292736], [3.87648452347516, 49.09285640923685], [3.898842474985345, 49.084913404402066], [3.907427162996642, 49.08811295591666], [3.912004364190688, 49.087592759206395], [3.92048496283089, 49.08100000310125], [3.917278821991875, 49.07541353509648], [3.903304486673943, 49.074647154649185], [3.903547947733019, 49.065050854463905], [3.895534299905257, 49.05823191361851]]]}",9163,204,37,2,51,21
89325,89170,RONCHERES,YONNE,BOURGOGNE,"Commune simple",226.0,1134.0,0.1,"47.6589905273, 3.12087826286","{""type"": ""Polygon"", ""coordinates"": [[[3.137729560611672, 47.63782162512424], [3.12679908533319, 47.644773751888735], [3.119981655550542, 47.639749408996025], [3.114935584031186, 47.6404205545129], [3.106739971097961, 47.644604777912285], [3.099937866871226, 47.653854753082584], [3.09919745300975, 47.67119106198477], [3.106469453157239, 47.675910095794876], [3.125578383740744, 47.68071556164788], [3.146832565001108, 47.654939357976694], [3.138899050837576, 47.65223077838852], [3.142672929597, 47.64376534137611], [3.137729560611672, 47.63782162512424]]]}",12101,325,24,1,89,26
59397,59470,MERCKEGHEM,NORD,NORD-PAS-DE-CALAIS,"Commune simple",17.0,1076.0,0.6,"50.8699396008, 2.27783454706","{""type"": ""Polygon"", ""coordinates"": [[[2.278225661800489, 50.847277320389914], [2.25448549193643, 50.876932247440564], [2.241676823342169, 50.880946010044056], [2.251212992880675, 50.89470262128224], [2.274199092863897, 50.88937494825558], [2.273459692493523, 50.88267812336955], [2.260424056122536, 50.87808002717615], [2.262737705392765, 50.87504345531513], [2.294317398255759, 50.87688571766768], [2.29744076940873, 50.87963958439235], [2.311219649940283, 50.85735064205065], [2.299617186360051, 50.850835439760075], [2.289932891925925, 50.85314920643172], [2.278225661800489, 50.847277320389914]]]}",17777,397,68,4,59,31
89109,89420,CISERY,YONNE,BOURGOGNE,"Commune simple",228.0,473.0,0.1,"47.514748364, 4.07194538359","{""type"": ""Polygon"", ""coordinates"": [[[4.079300293470279, 47.51025408721874], [4.064560742148899, 47.50269262396649], [4.055093037082139, 47.5029227773117], [4.054166792676998, 47.50311120850389], [4.056081413580681, 47.51665142485395], [4.065728503683175, 47.51930032344151], [4.076131762943918, 47.5271177883875], [4.092828149553871, 47.522695348094885], [4.087305215031433, 47.513825646297676], [4.079300293470279, 47.51025408721874]]]}",9181,109,17,2,89,26
51355,51800,MASSIGES,MARNE,CHAMPAGNE-ARDENNE,"Commune simple",156.0,812.0,0.0,"49.1936279449, 4.73839071461","{""type"": ""Polygon"", ""coordinates"": [[[4.737969968070539, 49.17898561274533], [4.725367086857953, 49.18936438408614], [4.706457565460602, 49.19341058193605], [4.705044230498791, 49.19965332661382], [4.755192392177999, 49.20752096193687], [4.762960463843359, 49.18214749178618], [4.737969968070539, 49.17898561274533]]]}",22615,355,32,5,51,21
23173,23250,SOUBREBOST,CREUSE,LIMOUSIN,"Commune simple",585.0,2095.0,0.1,"45.9625506165, 1.83880495702","{""type"": ""Polygon"", ""coordinates"": [[[1.870123901168735, 45.94490702127913], [1.851058566625328, 45.94419274686311], [1.826754488635851, 45.933082272179455], [1.821173398685087, 45.93876104604597], [1.807029596930279, 45.940981397792], [1.806185649311026, 45.94120665332313], [1.806113147198242, 45.95110343524507], [1.814169672881005, 45.95470044107426], [1.821775056345188, 45.96675774172039], [1.809979294861565, 45.97653191823657], [1.81165801667965, 45.982538499878196], [1.820298674357607, 45.98382661964322], [1.861763267536081, 45.98715980675677], [1.871316493404428, 45.986877159074346], [1.871844071824606, 45.98004697942728], [1.864958025282249, 45.975078990255824], [1.866536753524899, 45.96490017605648], [1.858972528745605, 45.95600745422136], [1.870123901168735, 45.94490702127913]]]}",7539,173,07,2,23,74
59391,59172,MASTAING,NORD,NORD-PAS-DE-CALAIS,"Commune simple",46.0,628.0,0.9,"50.3064012156, 3.29792589761","{""type"": ""Polygon"", ""coordinates"": [[[3.285491473572257, 50.29702624627451], [3.268307691265979, 50.30773136019047], [3.273114155990817, 50.307307796788926], [3.276329197586677, 50.31583912748079], [3.280583492879834, 50.31433012901244], [3.299744593915601, 50.317993117757105], [3.309043574602996, 50.316030834513654], [3.321161661523132, 50.30326838481899], [3.330587488187876, 50.301950555695996], [3.330930568356928, 50.29868142489243], [3.285491473572257, 50.29702624627451]]]}",34483,391,11,6,59,31
79208,79200,"LA PEYRATTE",DEUX-SEVRES,POITOU-CHARENTES,"Commune simple",150.0,4757.0,1.1,"46.664567255, -0.158712807616","{""type"": ""Polygon"", ""coordinates"": [[[-0.161695569411553, 46.62391290095389], [-0.166831395111865, 46.62989886957812], [-0.188927957311715, 46.63818939239747], [-0.200396909019499, 46.64965685358964], [-0.206444621800736, 46.661887843010156], [-0.217820203908575, 46.65881149143852], [-0.223842527489019, 46.667221424643095], [-0.221646251638674, 46.6763218969582], [-0.214073309932576, 46.684861186848984], [-0.207034213628958, 46.68052541968246], [-0.177566582640067, 46.69338508666962], [-0.149414297310277, 46.690989574154926], [-0.143833225374595, 46.700451353307606], [-0.141023247562709, 46.69127374990577], [-0.132102054268589, 46.6932659016968], [-0.11986670303167, 46.68841792965587], [-0.102896392383146, 46.68247140704462], [-0.09924974949622, 46.67638839125242], [-0.108560869384621, 46.657447137098224], [-0.105449017530797, 46.64788049191987], [-0.114957989466091, 46.64712680593418], [-0.115947737242137, 46.640882126100365], [-0.125592306413724, 46.64273711332097], [-0.132639259598444, 46.63787680314369], [-0.151822030261664, 46.63567460186244], [-0.161695569411553, 46.62391290095389]]]}",9934,208,30,3,79,54
59186,59740,ECCLES,NORD,NORD-PAS-DE-CALAIS,"Commune simple",206.0,355.0,0.1,"50.1988413348, 4.09813341605","{""type"": ""Polygon"", ""coordinates"": [[[4.078491043979616, 50.18871212217283], [4.091405003125542, 50.20704438911884], [4.104911907499676, 50.209133033382635], [4.117141839817446, 50.20402940366761], [4.116539416243282, 50.20081981597205], [4.098978837905033, 50.18978804906535], [4.078491043979616, 50.18871212217283]]]}",981,186,59,1,59,31
15152,15230,PIERREFORT,CANTAL,AUVERGNE,"Chef-lieu canton",985.0,2459.0,0.9,"44.9288418231, 2.83819601697","{""type"": ""Polygon"", ""coordinates"": [[[2.860245293825351, 44.896109597441814], [2.855103767605392, 44.90543063482717], [2.831143820586784, 44.90632416816954], [2.807566087754138, 44.90267542392192], [2.805378008955723, 44.91625794654432], [2.81219049894466, 44.925264228611816], [2.81040865906538, 44.94249409356516], [2.818522612180233, 44.946298160123824], [2.817346513181481, 44.95316601188452], [2.825414618471107, 44.95605113594409], [2.847748024144905, 44.959622390520266], [2.857213361092407, 44.952657118486144], [2.866194429284683, 44.951065640759815], [2.862545257049149, 44.94487569934953], [2.867039689459797, 44.92612668472022], [2.863729115339388, 44.916813000723884], [2.868194726192366, 44.90381730056162], [2.860245293825351, 44.896109597441814]]]}",11564,152,13,3,15,83
15233,15250,TEISSIERES-DE-CORNET,CANTAL,AUVERGNE,"Commune simple",683.0,929.0,0.2,"44.9756690067, 2.36199545657","{""type"": ""Polygon"", ""coordinates"": [[[2.321986404347944, 44.95951465205622], [2.32204109821607, 44.96023530347014], [2.323430600654967, 44.96699675257744], [2.336646261430301, 44.97668361431037], [2.350889043592468, 44.97695671476416], [2.355286052196086, 44.98289790853787], [2.381186806278888, 44.99149072385982], [2.394599563096237, 44.98908840855915], [2.396712612067569, 44.986101560625244], [2.38834822535148, 44.97825845530826], [2.379153356845408, 44.97574943934871], [2.377835213035687, 44.96879102209435], [2.371768562912182, 44.96347160804467], [2.343074914220739, 44.96719554485643], [2.321986404347944, 44.95951465205622]]]}",3386,233,27,1,15,83
46307,46700,SOTURAC,LOT,MIDI-PYRENEES,"Commune simple",137.0,1968.0,0.7,"44.5081490577, 1.023587785","{""type"": ""Polygon"", ""coordinates"": [[[1.0506203383937, 44.48038807081599], [1.037860507589689, 44.47512804878191], [1.023009281037117, 44.47543907306224], [1.009025081962437, 44.48005010828014], [1.014644286565568, 44.48980472511933], [1.016295031301639, 44.50370210752654], [0.981507059196262, 44.54444088396551], [0.993167136392604, 44.54940824080823], [1.006566664150015, 44.54761582342896], [1.013166329264731, 44.5361361417194], [1.007936105299545, 44.53057574446962], [1.017257917628202, 44.51964933484361], [1.04029680926684, 44.52166379905696], [1.051909916203918, 44.51632236583488], [1.051679313549862, 44.50695315395573], [1.0506203383937, 44.48038807081599]]]}",1048,307,23,1,46,73
32024,32410,AYGUETINTE,GERS,MIDI-PYRENEES,"Commune simple",136.0,628.0,0.2,"43.8324278378, 0.418923178256","{""type"": ""Polygon"", ""coordinates"": [[[0.431783082483463, 43.82636589935414], [0.432462219708939, 43.817063057213296], [0.41048279558123, 43.81832590996077], [0.408251984660406, 43.831049308975096], [0.400557660574251, 43.839149737521154], [0.403055170410124, 43.8452328714699], [0.424669798065768, 43.846501722643694], [0.425824909622188, 43.84543952350541], [0.434682131847693, 43.834924684078864], [0.431783082483463, 43.82636589935414]]]}",28304,024,28,2,32,73
60065,60370,BERTHECOURT,OISE,PICARDIE,"Commune simple",73.0,710.0,1.6,"49.3451833083, 2.22291035284","{""type"": ""Polygon"", ""coordinates"": [[[2.222129985014526, 49.32237303568794], [2.208079871878689, 49.335496332086805], [2.20749851075505, 49.342000863894214], [2.205656188325797, 49.35175120158846], [2.216814946152475, 49.35815246099916], [2.226383532662104, 49.36339185123819], [2.234352306094122, 49.36248074021214], [2.241348266148384, 49.353769361386995], [2.233925042029798, 49.33843169924459], [2.224465738897129, 49.32434777651582], [2.222129985014526, 49.32237303568794]]]}",16148,065,28,1,60,22
50283,50680,"LA LUZERNE",MANCHE,BASSE-NORMANDIE,"Commune simple",121.0,189.0,0.0,"49.1413998381, -1.04606238276","{""type"": ""Polygon"", ""coordinates"": [[[-1.046792014008022, 49.1322416223421], [-1.050091198673235, 49.137586154398115], [-1.058575417806437, 49.13904660068904], [-1.059661370742359, 49.14397041892143], [-1.049648004801947, 49.14682876356256], [-1.029757132450143, 49.14516526721269], [-1.046792014008022, 49.1322416223421]]]}",15211,283,35,4,50,25
14761,14370,VIMONT,CALVADOS,BASSE-NORMANDIE,"Commune simple",9.0,890.0,0.7,"49.1416235427, -0.194706905612","{""type"": ""Polygon"", ""coordinates"": [[[-0.204347551979824, 49.117134687379085], [-0.204831357363285, 49.124068542893575], [-0.196049724861784, 49.13662088077284], [-0.210221672685438, 49.13936585571776], [-0.22455572964484, 49.13675985513531], [-0.22145597289724, 49.142043930633044], [-0.211290897416129, 49.148866411348486], [-0.20968237056643, 49.1583213596068], [-0.206041592164444, 49.160011072371375], [-0.193654217291805, 49.15737113161841], [-0.178726853560396, 49.15400525175095], [-0.166459564275622, 49.151485370264666], [-0.183090015922288, 49.133716218090996], [-0.189646719337622, 49.12061201744158], [-0.191153830957988, 49.117926518592974], [-0.203955100738936, 49.11721713358988], [-0.204347551979824, 49.117134687379085]]]}",15475,761,34,2,14,25
17129,17130,COURPIGNAC,CHARENTE-MARITIME,POITOU-CHARENTES,"Commune simple",54.0,1493.0,0.4,"45.3142239112, -0.50021379321","{""type"": ""Polygon"", ""coordinates"": [[[-0.513430040465009, 45.286384907518865], [-0.521179600767479, 45.305763095018264], [-0.518016339249825, 45.312099888514815], [-0.522214824124297, 45.321927516946886], [-0.514050854595443, 45.3304315072478], [-0.502890167011766, 45.344968470146625], [-0.496705791724572, 45.33604945944203], [-0.487593597953116, 45.334819646256115], [-0.476596137292825, 45.328564277070114], [-0.473633321976242, 45.32326645311916], [-0.482053839487986, 45.31449621326334], [-0.486020064944697, 45.293579278556344], [-0.513430040465009, 45.286384907518865]]]}",10108,129,16,1,17,54
24450,24250,SAINT-MARTIAL-DE-NABIRAT,DORDOGNE,AQUITAINE,"Commune simple",184.0,1570.0,0.7,"44.7473185081, 1.24789673551","{""type"": ""Polygon"", ""coordinates"": [[[1.264720916053112, 44.726263801329345], [1.260213594307077, 44.73068665423752], [1.256961998802515, 44.728807480378656], [1.248285713509339, 44.72630222704562], [1.231187548567915, 44.7305510778666], [1.226488842314342, 44.73614023970493], [1.226885957847063, 44.74278348216748], [1.216920060759263, 44.74984578228201], [1.22399371172351, 44.759955315112755], [1.241892602792217, 44.77002051484361], [1.259952331352894, 44.76569482498875], [1.276335212138977, 44.747526205365524], [1.273036189891984, 44.734381327528546], [1.264720916053112, 44.726263801329345]]]}",30774,450,10,4,24,72
14693,14290,TORDOUET,CALVADOS,BASSE-NORMANDIE,"Commune simple",153.0,690.0,0.3,"49.0426598297, 0.321923890389","{""type"": ""Polygon"", ""coordinates"": [[[0.307722020309626, 49.027074365612314], [0.303582271406071, 49.0327575183495], [0.306723687513234, 49.046314411191815], [0.32058786888743, 49.060632497780105], [0.32556121171997, 49.05923189896064], [0.334630284455396, 49.05484520294341], [0.341384465205822, 49.04191370576748], [0.327323597469026, 49.02768336866137], [0.309690524169486, 49.02974562616757], [0.307722020309626, 49.027074365612314]]]}",30894,693,26,3,14,25
33079,33750,CADARSAC,GIRONDE,AQUITAINE,"Commune simple",17.0,228.0,0.3,"44.8620505289, -0.283663613137","{""type"": ""Polygon"", ""coordinates"": [[[-0.277806649149308, 44.85267287191514], [-0.290440815997434, 44.854903106571214], [-0.291336443065202, 44.86110327245122], [-0.295385568750361, 44.86230774067887], [-0.285067639045313, 44.87219257589739], [-0.274122114034626, 44.866388447994325], [-0.277806649149308, 44.85267287191514]]]}",15015,079,30,5,33,72
42122,42600,LEZIGNEUX,LOIRE,RHONE-ALPES,"Commune simple",577.0,1480.0,1.6,"45.5599481407, 4.05663327551","{""type"": ""Polygon"", ""coordinates"": [[[4.065490482012915, 45.53815063858339], [4.050010109048221, 45.546941668798546], [4.036289359648362, 45.550689247860376], [4.017074320780746, 45.54850535727906], [4.024429152833616, 45.560884135332316], [4.039291500715994, 45.57341846720978], [4.061660088241021, 45.57973849735719], [4.079115109199313, 45.58045487857048], [4.079504930618962, 45.57412920950985], [4.068573451316107, 45.563823201645164], [4.072135182235651, 45.561709000017125], [4.085989525679414, 45.56280075852725], [4.092519722921021, 45.55847782980952], [4.091328759919963, 45.55528340909151], [4.07988907747474, 45.54973841085349], [4.070377762215701, 45.53906777790208], [4.065490482012915, 45.53815063858339]]]}",3250,122,09,1,42,82
07200,07560,"LE ROUX",ARDECHE,RHONE-ALPES,"Commune simple",1068.0,1659.0,0.0,"44.7211157335, 4.14333586468","{""type"": ""Polygon"", ""coordinates"": [[[4.139961341900978, 44.69697605551969], [4.117067416626838, 44.70995880451753], [4.113480010393389, 44.72009722110825], [4.120110355702533, 44.73280684121327], [4.131140679621853, 44.739870870900425], [4.140937955927121, 44.73895104372272], [4.144399195383678, 44.73707853779525], [4.150531518468812, 44.741057792535344], [4.159289544953965, 44.743046410147684], [4.168232824360544, 44.7405393957555], [4.169991013783972, 44.723629402427825], [4.166190074673747, 44.71024466176523], [4.152091488475834, 44.70124434418858], [4.139961341900978, 44.69697605551969]]]}",31114,200,12,1,07,82
25022,25750,ARCEY,DOUBS,FRANCHE-COMTE,"Commune simple",390.0,1250.0,1.4,"47.5194914432, 6.65186946515","{""type"": ""Polygon"", ""coordinates"": [[[6.674116634384345, 47.5010041461692], [6.660789688193557, 47.50543391222782], [6.634917501300484, 47.50534325288714], [6.617816981881989, 47.52737597548409], [6.617904196118365, 47.53102269268155], [6.62700482292525, 47.529847650948604], [6.648108404433427, 47.53611825771102], [6.654297284391413, 47.54178152329063], [6.669141856849474, 47.525788802759976], [6.681378248613842, 47.52149185839165], [6.681789756681042, 47.520127157159344], [6.684181359590979, 47.51603248636595], [6.674116634384345, 47.5010041461692]]]}",21870,022,10,2,25,43
77003,77760,AMPONVILLE,SEINE-ET-MARNE,ILE-DE-FRANCE,"Commune simple",116.0,1193.0,0.4,"48.2874371683, 2.53069073747","{""type"": ""Polygon"", ""coordinates"": [[[2.539562830828042, 48.265456703537936], [2.537341645191159, 48.268255300655326], [2.519647351176609, 48.27110899278888], [2.502977495230316, 48.28518434132208], [2.502591434828553, 48.28752208043458], [2.50759751363259, 48.28850575617569], [2.52168077130576, 48.306945332590196], [2.522495728808872, 48.31375063803327], [2.538821994779292, 48.30238869847927], [2.556305158415698, 48.296904124822554], [2.55057784869319, 48.29017040330157], [2.554077375920945, 48.28131209552797], [2.545126675527632, 48.2781648632525], [2.548701870285748, 48.26835318024587], [2.539562830828042, 48.265456703537936]]]}",33536,003,03,4,77,11
67519,67610,"LA WANTZENAU",BAS-RHIN,ALSACE,"Commune simple",132.0,2532.0,6.0,"48.6593283518, 7.83143435964","{""type"": ""Polygon"", ""coordinates"": [[[7.793407228857268, 48.63618737976019], [7.792398382038019, 48.63348851127519], [7.784961910860958, 48.639879546017156], [7.783963144007504, 48.65080546066272], [7.797128451414585, 48.6696229969301], [7.817831245849983, 48.68742263782892], [7.834952217385769, 48.680213606725786], [7.851905090742946, 48.66772788988775], [7.857149240078219, 48.66779343379372], [7.862388409074045, 48.673797690871325], [7.872444314287466, 48.675405279577845], [7.886157927736249, 48.674356715888806], [7.896251455199657, 48.6672101555282], [7.880970888679, 48.65831196210266], [7.845043728482677, 48.64553204403574], [7.835922776649396, 48.633674012774826], [7.825959444874657, 48.63311428203438], [7.812847279680859, 48.63792592898151], [7.809963778653829, 48.6442695368999], [7.79598866052657, 48.64209404609229], [7.793407228857268, 48.63618737976019]]]}",4427,519,05,6,67,42
37100,37150,EPEIGNE-LES-BOIS,INDRE-ET-LOIRE,CENTRE,"Commune simple",114.0,1461.0,0.4,"47.2765013353, 1.12347391282","{""type"": ""Polygon"", ""coordinates"": [[[1.112335113138964, 47.253243155801314], [1.111596543017797, 47.25657203602374], [1.103649146792776, 47.25989131076897], [1.095309380713544, 47.2891833387502], [1.10812676557236, 47.29840704373414], [1.131214444338408, 47.29453979952537], [1.162064210858613, 47.272205091773635], [1.1571027514595, 47.27182020255811], [1.152442636219897, 47.26613596828429], [1.112335113138964, 47.253243155801314]]]}",25162,100,03,2,37,24
21295,21220,GEVREY-CHAMBERTIN,COTE-D'OR,BOURGOGNE,"Chef-lieu canton",300.0,2500.0,3.1,"47.2200822946, 4.98301612333","{""type"": ""Polygon"", ""coordinates"": [[[4.995413227107389, 47.200359488229566], [4.941164248080884, 47.211484485148915], [4.931582983143317, 47.20891597842996], [4.923292989366686, 47.21508750723134], [4.929663473603183, 47.222456052986914], [4.926025381965268, 47.22384936943465], [4.930671933894, 47.22514086557195], [4.929809554695606, 47.232053324731204], [4.935855962674159, 47.23695045864874], [4.961315502101815, 47.23568496352583], [4.980394283732851, 47.23100191289509], [5.025089560809407, 47.23508359488618], [5.030451857026721, 47.235277962809505], [5.029732570057254, 47.22533033831263], [5.04981650928343, 47.21708782008176], [5.039215384012387, 47.205918666372256], [5.02464480026959, 47.20255394544269], [5.02641134822208, 47.2126184407788], [5.015364485512865, 47.21867379607342], [4.995413227107389, 47.200359488229566]]]}",10296,295,15,2,21,26
2A310,20143,SANTA-MARIA-FIGANIELLA,CORSE-DU-SUD,CORSE,"Commune simple",571.0,1313.0,0.1,"41.725389582, 9.00886511105","{""type"": ""Polygon"", ""coordinates"": [[[9.020396485838756, 41.7091990573756], [9.014815948815164, 41.70421298736014], [8.987047105801512, 41.70441040548745], [8.984570391120084, 41.711045538007745], [8.98860984298874, 41.72800159649826], [9.00606469318827, 41.738833568576624], [9.01888001599531, 41.7528201556135], [9.026561202684947, 41.75182209243293], [9.035965419536305, 41.750148129877964], [9.01879607447139, 41.72298213822349], [9.025415367825467, 41.718567770375074], [9.020396485838756, 41.7091990573756]]]}",6228,310,30,4,2A,94
48144,48110,SAINTE-CROIX-VALLEE-FRANCAISE,LOZERE,LANGUEDOC-ROUSSILLON,"Commune simple",543.0,1874.0,0.3,"44.1863337479, 3.74222985458","{""type"": ""Polygon"", ""coordinates"": [[[3.755263746531932, 44.15141120834138], [3.734985142389033, 44.157138647965255], [3.725623736760082, 44.16424882929077], [3.732954701015741, 44.17323722223946], [3.734299014928439, 44.183390559164515], [3.720100661944533, 44.184294762291714], [3.718598000866697, 44.191091519670856], [3.716729061414125, 44.217477483865025], [3.728314046678372, 44.2229460844906], [3.730542592755401, 44.216171257260726], [3.74443560181699, 44.20665353173874], [3.746251701021561, 44.196298712084605], [3.748073317129449, 44.19306385783918], [3.75268806166378, 44.191988158627964], [3.764665522301622, 44.20257189230858], [3.772658409555146, 44.19868135666187], [3.775892442732925, 44.18995429015762], [3.767518706121345, 44.18129096864157], [3.754594977694373, 44.17637594203732], [3.752962472015771, 44.173047720863934], [3.761228255525292, 44.160839126016945], [3.755263746531932, 44.15141120834138]]]}",27859,144,02,1,48,91
60446,60440,NANTEUIL-LE-HAUDOUIN,OISE,PICARDIE,"Chef-lieu canton",111.0,2110.0,3.4,"49.1369195797, 2.81079341188","{""type"": ""Polygon"", ""coordinates"": [[[2.813591513040641, 49.113619067529335], [2.79876057412177, 49.12360217310195], [2.76705599171119, 49.124677828028055], [2.763168493603305, 49.126989907586186], [2.765001630451496, 49.133619813764966], [2.786143008278033, 49.153645790176874], [2.816596221499517, 49.15860494781872], [2.821564600929544, 49.16483392831313], [2.823518004321222, 49.15485719206545], [2.858485221846062, 49.139897816349475], [2.862340115374622, 49.13830192128777], [2.860812947842331, 49.135486031565925], [2.844893250049972, 49.13014396434147], [2.830549761475719, 49.11718662132523], [2.813591513040641, 49.113619067529335]]]}",16705,446,25,4,60,22
26366,26600,VEAUNES,DROME,RHONE-ALPES,"Commune simple",200.0,420.0,0.3,"45.0834329281, 4.92543213622","{""type"": ""Polygon"", ""coordinates"": [[[4.933564365502406, 45.06966221782986], [4.924230199161295, 45.070256142371164], [4.913032293828911, 45.07619517362684], [4.918475432022223, 45.08146050955142], [4.913858205185369, 45.096247691093176], [4.921477367107062, 45.097053296021144], [4.936516542104051, 45.09142504382599], [4.933564365502406, 45.06966221782986]]]}",17754,366,28,3,26,82
32170,32400,LABARTHETE,GERS,MIDI-PYRENEES,"Commune simple",152.0,1107.0,0.1,"43.6283080545, -0.164158807539","{""type"": ""Polygon"", ""coordinates"": [[[-0.145199613071675, 43.62052702203549], [-0.158951410388477, 43.610951971225916], [-0.180793112305532, 43.61595167918575], [-0.191124165217498, 43.63054315838194], [-0.190458403082546, 43.63840623931144], [-0.165937484780711, 43.63916843717143], [-0.160203588260875, 43.64424312075122], [-0.146974261902786, 43.6436004312436], [-0.137457269334928, 43.62854013975468], [-0.145199613071675, 43.62052702203549]]]}",4440,170,24,3,32,73
59271,59760,GRANDE-SYNTHE,NORD,NORD-PAS-DE-CALAIS,"Chef-lieu canton",4.0,2108.0,20.9,"51.0167874642, 2.29071143357","{""type"": ""Polygon"", ""coordinates"": [[[2.288123812636092, 50.98015594916739], [2.269042638789573, 51.00134901800477], [2.27243812016732, 51.007324577602944], [2.264132264237771, 51.02004845916901], [2.264226884021357, 51.04444508554019], [2.30242120903183, 51.05101358766255], [2.306891272534654, 51.03758501102634], [2.296214265446169, 51.03109463461738], [2.302633795979716, 51.0256862707346], [2.317114367752634, 51.02136220261768], [2.3219903446913, 51.015226805166826], [2.324540569028876, 51.008567377134746], [2.315479820627113, 51.00060706022553], [2.317187714488339, 50.99734249878602], [2.317963687442742, 50.99672782874176], [2.288123812636092, 50.98015594916739]]]}",33476,271,73,4,59,31
83002,83630,AIGUINES,VAR,"PROVENCE-ALPES-COTE D'AZUR","Commune simple",913.0,11638.0,0.3,"43.7284369506, 6.30439429944","{""type"": ""Polygon"", ""coordinates"": [[[6.313208805924953, 43.6710984843051], [6.30456139904127, 43.67218120909938], [6.29842189533604, 43.68514712000831], [6.28842947231422, 43.69245640208677], [6.269713462630857, 43.69116545939974], [6.263357039190137, 43.703982674114584], [6.247017904650335, 43.71028941512673], [6.243153396090354, 43.73017276640241], [6.22070750185338, 43.733856318702514], [6.223548439272371, 43.743939961454146], [6.214788052473588, 43.78413200045468], [6.224189193150727, 43.79984030196467], [6.249629933917979, 43.80157929812563], [6.257112987786638, 43.79760016425795], [6.267786672999542, 43.77854710230032], [6.312809353433157, 43.758804586635655], [6.329213127147378, 43.74622645276305], [6.354497498362533, 43.73651566514576], [6.37145321438244, 43.74262967422092], [6.378913493299763, 43.739372082988595], [6.383540942281304, 43.734436749140016], [6.387910606013327, 43.73292278138844], [6.387946552709892, 43.72597749085852], [6.414437733389967, 43.69287840524131], [6.425078761187642, 43.685671727851755], [6.41819371773261, 43.68385287926755], [6.366211004581155, 43.68372725427544], [6.352238493974122, 43.68184428194473], [6.340903161186226, 43.67579875399573], [6.313208805924953, 43.6710984843051]]]}",8142,002,01,3,83,93
28376,28330,SOIZE,EURE-ET-LOIR,CENTRE,"Commune simple",222.0,1836.0,0.3,"48.1691325251, 0.890518984946","{""type"": ""Polygon"", ""coordinates"": [[[0.911464849544539, 48.146968335965944], [0.884452315201135, 48.161843422347935], [0.860644930787424, 48.1666530190996], [0.840574406645134, 48.16553132752104], [0.836559897908199, 48.167618155869], [0.840961975016617, 48.17645718991616], [0.854060369667185, 48.185643410040726], [0.85390705070422, 48.191401462059275], [0.869102175723004, 48.19082156986467], [0.873912408025686, 48.18469742486606], [0.899375384741486, 48.181408764583324], [0.907020927608678, 48.17663891454821], [0.935654347270224, 48.167133878979456], [0.945968218497205, 48.15968984177045], [0.944020319581699, 48.15650548781486], [0.911464849544539, 48.146968335965944]]]}",3672,376,03,4,28,24
55563,55150,VILLERS-LES-MANGIENNES,MEUSE,LORRAINE,"Commune simple",213.0,855.0,0.1,"49.3574782476, 5.50300806274","{""type"": ""Polygon"", ""coordinates"": [[[5.497704868894659, 49.33205259960484], [5.473696767484972, 49.34220559077154], [5.478491389258845, 49.34803393209493], [5.495284711522151, 49.35513476064367], [5.499761684845866, 49.374782367968976], [5.517928428044863, 49.37958541399526], [5.531448929742045, 49.37554390201418], [5.527399542646312, 49.369081537484746], [5.518563770346208, 49.36524597207189], [5.513394255186253, 49.35185458243562], [5.50149869286232, 49.34530243169687], [5.497704868894659, 49.33205259960484]]]}",15810,563,19,3,55,41
09313,09230,TOURTOUSE,ARIEGE,MIDI-PYRENEES,"Commune simple",428.0,1197.0,0.2,"43.090555845, 1.13719287262","{""type"": ""Polygon"", ""coordinates"": [[[1.140118605378274, 43.07025797139075], [1.125749018487111, 43.073292560901606], [1.119033891608965, 43.09187049075967], [1.106801182104274, 43.09618156432687], [1.11120171042807, 43.09751835518167], [1.112018130471246, 43.10447819157427], [1.124954076354865, 43.10881562793045], [1.156399367671777, 43.101171227365505], [1.160221856178338, 43.09756593435466], [1.161937303578781, 43.08414532182026], [1.150798698747319, 43.07358167305989], [1.141585081691893, 43.07350403538414], [1.140118605378274, 43.07025797139075]]]}",24492,313,14,3,09,73
62144,62128,BOIRY-BECQUERELLE,PAS-DE-CALAIS,NORD-PAS-DE-CALAIS,"Commune simple",81.0,460.0,0.4,"50.2137016789, 2.82007955522","{""type"": ""Polygon"", ""coordinates"": [[[2.839942412665254, 50.19561742439385], [2.822190342773091, 50.2077246726148], [2.80699630970809, 50.20739646770553], [2.801343707393396, 50.225211916672215], [2.81310904049185, 50.23062697892017], [2.813345785953949, 50.2309595756275], [2.834557866790152, 50.208146008875765], [2.839653321188461, 50.20740744291945], [2.844998090588428, 50.19829987659212], [2.839942412665254, 50.19561742439385]]]}",29613,144,20,1,62,31
89223,89160,LEZINNES,YONNE,BOURGOGNE,"Commune simple",201.0,1620.0,0.7,"47.8039171738, 4.07106558888","{""type"": ""Polygon"", ""coordinates"": [[[4.105543443240817, 47.788694794037035], [4.075008790539444, 47.78067992473406], [4.071580577497115, 47.782862599264895], [4.06810532648584, 47.79269650415195], [4.048956973676189, 47.8031756240403], [4.016721806176988, 47.810300389938746], [4.018015305980405, 47.81365548947468], [4.045028803605351, 47.82356176614546], [4.057149084456372, 47.81741351082818], [4.077691155733149, 47.81685742701654], [4.090695537589186, 47.811723612129796], [4.100097752061973, 47.81342694496856], [4.11068574088719, 47.80661233313069], [4.105543443240817, 47.788694794037035]]]}",31532,223,02,2,89,26
76709,76580,"LE TRAIT",SEINE-MARITIME,HAUTE-NORMANDIE,"Commune simple",55.0,1768.0,5.3,"49.4842765452, 0.81921057836","{""type"": ""Polygon"", ""coordinates"": [[[0.844393979764997, 49.46569469827615], [0.831376472982779, 49.46066104845557], [0.826288951724862, 49.46092949188816], [0.823042203354679, 49.46724592113726], [0.813243155565544, 49.46669178115099], [0.804426781982857, 49.475118859909294], [0.780568622375226, 49.48026764112287], [0.774910707721835, 49.48569341880697], [0.773953696693618, 49.487078455085], [0.786281984624834, 49.49853407489882], [0.806453137422887, 49.50266798179325], [0.836526327028307, 49.49860518666746], [0.850347780209174, 49.50347233863835], [0.84733668335725, 49.483396363816546], [0.86031835990862, 49.478186807103995], [0.844393979764997, 49.46569469827615]]]}",31652,709,16,3,76,23
11030,11410,BELFLOU,AUDE,LANGUEDOC-ROUSSILLON,"Commune simple",246.0,934.0,0.1,"43.3189976269, 1.798174168","{""type"": ""Polygon"", ""coordinates"": [[[1.809363422259952, 43.304660850992704], [1.787172167926713, 43.307814960511735], [1.768320398710496, 43.31774128926498], [1.780821611675796, 43.332565913480174], [1.791021264974282, 43.326949359543754], [1.795347693469044, 43.32750146201524], [1.799440246692195, 43.32863559332176], [1.803227662445873, 43.337350603641205], [1.824273766908479, 43.32075727028674], [1.821037661477102, 43.309683000821316], [1.817355820476977, 43.31079437443732], [1.809363422259952, 43.304660850992704]]]}",22746,030,29,1,11,91
37220,37500,SAINT-GERMAIN-SUR-VIENNE,INDRE-ET-LOIRE,CENTRE,"Commune simple",57.0,1338.0,0.4,"47.1805914468, 0.110524551892","{""type"": ""Polygon"", ""coordinates"": [[[0.102434574479883, 47.16133573096675], [0.097376113095433, 47.1674521708043], [0.083202414918563, 47.17158230426318], [0.080535432090094, 47.17837091137904], [0.08150071186604, 47.18517900858312], [0.096266165442569, 47.19488349171744], [0.094713143188464, 47.200880473405185], [0.095359698213059, 47.20579750095691], [0.127379890856295, 47.19089391620887], [0.124850033230406, 47.184570027468226], [0.138653001307913, 47.18169588011701], [0.157256078315445, 47.17921736674634], [0.148512566005764, 47.17142599127827], [0.13509222572493, 47.17635570862373], [0.127146878714712, 47.16753735172759], [0.114602690722905, 47.16275687766206], [0.102434574479883, 47.16133573096675]]]}",19825,220,07,1,37,24
51078,51400,BOUY,MARNE,CHAMPAGNE-ARDENNE,"Commune simple",122.0,2263.0,0.5,"49.0872445057, 4.36349504242","{""type"": ""Polygon"", ""coordinates"": [[[4.347702121187724, 49.05689715983951], [4.331964948441748, 49.064311853452956], [4.328060213923567, 49.07002048395125], [4.314942389863404, 49.077889407231424], [4.33351722449977, 49.09488750978794], [4.386738141378179, 49.11105647277423], [4.390684247758498, 49.11722467247091], [4.399798902114927, 49.11840486018654], [4.403510402980204, 49.112291715180014], [4.421206583163833, 49.10672435977812], [4.403256211754186, 49.09986701910646], [4.382422672745486, 49.0802166786275], [4.383079824083723, 49.074058089128975], [4.370156475744067, 49.06828888801594], [4.347702121187724, 49.05689715983951]]]}",15927,078,27,1,51,21
60628,60510,THERDONNE,OISE,PICARDIE,"Commune simple",72.0,908.0,0.9,"49.4231387844, 2.15300884654","{""type"": ""Polygon"", ""coordinates"": [[[2.159287672970388, 49.40216316591266], [2.140066913865022, 49.42151581278635], [2.125963293766126, 49.419527155692364], [2.131643833348911, 49.43810263993268], [2.141580712878744, 49.44478005466124], [2.144258375067452, 49.445410222476696], [2.148551091132103, 49.43591265646067], [2.153472908884817, 49.43499438138891], [2.182133516795412, 49.420701761035055], [2.169837224222642, 49.406514697719565], [2.159287672970388, 49.40216316591266]]]}",18756,628,27,1,60,22
27247,27380,FLIPOU,EURE,HAUTE-NORMANDIE,"Commune simple",127.0,698.0,0.3,"49.3128587162, 1.28416486322","{""type"": ""Polygon"", ""coordinates"": [[[1.298901030297646, 49.29751399352397], [1.288675440598433, 49.29658720874076], [1.25530739294818, 49.32143846763699], [1.27727548801089, 49.32798474125367], [1.287449761409825, 49.32152086963987], [1.296457131628001, 49.32199890977096], [1.300862227890411, 49.31813179403262], [1.30463036771504, 49.3118638883122], [1.303357086203703, 49.30164981483173], [1.298901030297646, 49.29751399352397]]]}",35410,247,18,1,27,23
57011,57670,ALBESTROFF,MOSELLE,LORRAINE,"Chef-lieu canton",237.0,1899.0,0.6,"48.929810647, 6.8693705224","{""type"": ""Polygon"", ""coordinates"": [[[6.867054200587011, 48.909292418082124], [6.866447758313793, 48.9125262787315], [6.854537139051856, 48.918249446104035], [6.830571206056804, 48.91596654573463], [6.820556022142865, 48.92783770659834], [6.828239153413316, 48.93104954348528], [6.833139535229089, 48.936168649955654], [6.83866226955504, 48.9421139141374], [6.86389192405955, 48.947253828147076], [6.885022066443114, 48.94923536967169], [6.905708963359777, 48.93801955803233], [6.91494460221986, 48.91928746818037], [6.924135087008787, 48.916879675969184], [6.92372654529918, 48.91617276070383], [6.893412977367277, 48.91964750380077], [6.8817969392194, 48.912830831593205], [6.867054200587011, 48.909292418082124]]]}",19629,011,01,2,57,41
17145,17800,ECHEBRUNE,CHARENTE-MARITIME,POITOU-CHARENTES,"Commune simple",59.0,1728.0,0.5,"45.5887183751, -0.452205793733","{""type"": ""Polygon"", ""coordinates"": [[[-0.437876096754879, 45.570763271373565], [-0.451332941149399, 45.575830833134376], [-0.486199479101031, 45.57595328039414], [-0.494428863742614, 45.580060227997485], [-0.485315705235241, 45.5880227807763], [-0.482820154969661, 45.59835754444032], [-0.47247650920877, 45.60581622929372], [-0.457794682950384, 45.61356961537306], [-0.45882539552954, 45.60395664071258], [-0.444428758535185, 45.603100723912554], [-0.427690900307323, 45.596149313670885], [-0.409974575622192, 45.59346142534611], [-0.413852764915451, 45.57743543852589], [-0.431946740597328, 45.57552327651823], [-0.437876096754879, 45.570763271373565]]]}",18787,145,20,4,17,54
02064,02200,BELLEU,AISNE,PICARDIE,"Commune simple",105.0,461.0,3.9,"49.3567574344, 3.34051688283","{""type"": ""Polygon"", ""coordinates"": [[[3.366244265920907, 49.348233320986495], [3.342119414456832, 49.349463593845066], [3.333515853471388, 49.34883144717833], [3.321864249224238, 49.35139791814628], [3.322932783702096, 49.35723785255026], [3.329477733705776, 49.36931913868136], [3.350752737837221, 49.36253567080708], [3.366244265920907, 49.348233320986495]]]}",34049,064,41,4,02,22
77136,77390,COURQUETAINE,SEINE-ET-MARNE,ILE-DE-FRANCE,"Commune simple",100.0,783.0,0.2,"48.6799468611, 2.74754781347","{""type"": ""Polygon"", ""coordinates"": [[[2.744390994217037, 48.661990457386906], [2.737956025604709, 48.66990086022675], [2.726093672876228, 48.67378689550857], [2.727078037078403, 48.68034626800146], [2.737787690045034, 48.687224196471476], [2.722384758198089, 48.694483930264035], [2.732483958755247, 48.69629691994623], [2.757262261934734, 48.69143890357546], [2.773057875450736, 48.680010899404955], [2.761739760956663, 48.66887139927419], [2.744390994217037, 48.661990457386906]]]}",18205,136,28,2,77,11
02711,02220,SERCHES,AISNE,PICARDIE,"Commune simple",139.0,906.0,0.3,"49.3320664098, 3.44951495068","{""type"": ""Polygon"", ""coordinates"": [[[3.470744393975463, 49.319726360497725], [3.461190590373489, 49.32010480908329], [3.452930721405169, 49.312809759101434], [3.448707814312755, 49.31418291483776], [3.434226155142615, 49.31872151814289], [3.429048887213512, 49.321203082382056], [3.431671633782619, 49.34376553313991], [3.441089617089177, 49.34627542758852], [3.445708593109243, 49.3522002208618], [3.466001841515379, 49.34580439741419], [3.470744393975463, 49.319726360497725]]]}",18325,711,04,4,02,22
16399,16130,VERRIERES,CHARENTE,POITOU-CHARENTES,"Commune simple",57.0,1342.0,0.4,"45.5635438011, -0.262225205266","{""type"": ""Polygon"", ""coordinates"": [[[-0.259563904981121, 45.5401628723603], [-0.272876256517881, 45.553636858241255], [-0.295919494462152, 45.564490182523926], [-0.284881851075329, 45.58089182332423], [-0.228294961913757, 45.57229357633583], [-0.228645723147349, 45.56575860987907], [-0.241487718126138, 45.56309971247197], [-0.241165055455248, 45.55341175986804], [-0.244490855661121, 45.54733155907041], [-0.259563904981121, 45.5401628723603]]]}",18483,399,27,2,16,54
90043,90100,FAVEROIS,"TERRITOIRE DE BELFORT",FRANCHE-COMTE,"Commune simple",391.0,652.0,0.5,"47.5283156243, 7.03649746611","{""type"": ""Polygon"", ""coordinates"": [[[7.026514037113076, 47.51169318425653], [7.019705859960491, 47.52004929745299], [7.02822130801705, 47.541585026117104], [7.039594618292377, 47.54623864756549], [7.050653943369084, 47.53952740179372], [7.050968168579406, 47.522255964865884], [7.045877435565465, 47.51617765781629], [7.026514037113076, 47.51169318425653]]]}",18636,043,02,1,90,43
45092,45700,CHEVILLON-SUR-HUILLARD,LOIRET,CENTRE,"Commune simple",94.0,1952.0,1.3,"47.9668347404, 2.62231250927","{""type"": ""Polygon"", ""coordinates"": [[[2.579928643338961, 47.9435016051642], [2.571074762035794, 47.96174762078021], [2.576081447328566, 47.96734543138048], [2.580591963944658, 47.971420339789056], [2.605213402931081, 47.97101961559811], [2.627850482196074, 47.97833791607324], [2.649874341995869, 47.99014061503383], [2.659368293380716, 47.9918513490696], [2.666328759411514, 47.987200689537964], [2.676106003246363, 47.98642708531546], [2.673717540057374, 47.98027397689408], [2.649512735409151, 47.96170164998097], [2.642878359470175, 47.95203428264955], [2.629439382032105, 47.95619543307178], [2.602912594332611, 47.94898122473453], [2.579928643338961, 47.9435016051642]]]}",34931,092,32,1,45,24
84061,84290,LAGARDE-PAREOL,VAUCLUSE,"PROVENCE-ALPES-COTE D'AZUR","Commune simple",143.0,932.0,0.3,"44.2272154512, 4.85109427827","{""type"": ""Polygon"", ""coordinates"": [[[4.867513313636476, 44.21167447095136], [4.840466076718099, 44.21526449629394], [4.825014194563399, 44.222148966056416], [4.825546135241647, 44.22856855617279], [4.857094248225011, 44.245992552082654], [4.861787180512678, 44.24586808085058], [4.860652393897258, 44.24258299473014], [4.867274040044116, 44.23789678558976], [4.871639522128433, 44.22824267211845], [4.867513313636476, 44.21167447095136]]]}",19989,061,06,2,84,93
05150,05150,SAINTE-MARIE,HAUTES-ALPES,"PROVENCE-ALPES-COTE D'AZUR","Commune simple",858.0,742.0,0.0,"44.4639998729, 5.47415675357","{""type"": ""Polygon"", ""coordinates"": [[[5.495489993854012, 44.43880274473438], [5.46851781419331, 44.44639927093452], [5.463823167849742, 44.45205224749114], [5.460217308780596, 44.46858745033388], [5.466821825890221, 44.47351948353459], [5.460352353234245, 44.48613798983578], [5.486912173260317, 44.47957982789231], [5.481637763373461, 44.448275117193745], [5.495489993854012, 44.43880274473438]]]}",19441,150,17,2,05,93
52249,52190,ISOMES,HAUTE-MARNE,CHAMPAGNE-ARDENNE,"Commune simple",272.0,1072.0,0.1,"47.6383926135, 5.30585029521","{""type"": ""Polygon"", ""coordinates"": [[[5.306144532601323, 47.61408012603011], [5.293003463409853, 47.62500072961799], [5.277891156299956, 47.62794391950386], [5.291807739188094, 47.64926506102546], [5.303260020802088, 47.65555926378757], [5.328147226605068, 47.65627263914476], [5.329962742093519, 47.64474627144781], [5.306144532601323, 47.61408012603011]]]}",18706,249,23,2,52,21
82003,82210,ANGEVILLE,TARN-ET-GARONNE,MIDI-PYRENEES,"Commune simple",130.0,835.0,0.2,"43.9938181839, 1.03112257966","{""type"": ""Polygon"", ""coordinates"": [[[1.031405159624076, 43.968641692920514], [1.028535277959915, 43.974855756858275], [1.009698563678697, 43.98914377798947], [1.01803872643686, 44.00246624978266], [1.02029625976645, 44.00928622063205], [1.04309811982655, 44.00711274672715], [1.058594675524752, 44.00001572536238], [1.0376778565867, 43.987029705533544], [1.033556373350563, 43.9774669128196], [1.034970091900736, 43.97081243160436], [1.031405159624076, 43.968641692920514]]]}",34467,003,21,1,82,73
59167,59268,CUVILLERS,NORD,NORD-PAS-DE-CALAIS,"Commune simple",67.0,286.0,0.2,"50.2219798771, 3.23832511042","{""type"": ""Polygon"", ""coordinates"": [[[3.230344344386031, 50.20965796175851], [3.22042548416697, 50.22294794427509], [3.250522647113174, 50.23251633120683], [3.256740172973505, 50.2273942285112], [3.249370578539505, 50.22029761930903], [3.230344344386031, 50.20965796175851]]]}",18972,167,14,2,59,31
34099,34190,FERRIERES-LES-VERRERIES,HERAULT,LANGUEDOC-ROUSSILLON,"Commune simple",289.0,1734.0,0.1,"43.8675537207, 3.80028962389","{""type"": ""Polygon"", ""coordinates"": [[[3.835417665016222, 43.83958787660084], [3.824740769959718, 43.85361846558963], [3.806837834661332, 43.85666818759248], [3.793635401888119, 43.8544071148327], [3.791171110099004, 43.85158114502907], [3.770159272971526, 43.85934511134676], [3.766447106447957, 43.869117823156294], [3.762150200315293, 43.870596854233845], [3.76090841604239, 43.873566401752065], [3.766013828088671, 43.878552509547504], [3.777982820200832, 43.88767458193007], [3.799542497074467, 43.8908217423945], [3.805467884007557, 43.87859250862888], [3.822361443591258, 43.87408367537523], [3.830797043559706, 43.8664240348707], [3.843035279819755, 43.857006514868964], [3.842963498786112, 43.8504553318669], [3.835417665016222, 43.83958787660084]]]}",31845,099,09,3,34,91
14689,14220,THURY-HARCOURT,CALVADOS,BASSE-NORMANDIE,"Chef-lieu canton",68.0,486.0,2.0,"48.9864514562, -0.485109067102","{""type"": ""Polygon"", ""coordinates"": [[[-0.483274876828867, 48.97712428721923], [-0.485891777004911, 48.98005454323632], [-0.511605472432494, 48.97790892607543], [-0.512979899839975, 48.980640995862366], [-0.495464696763809, 48.987786673485815], [-0.493189203318765, 48.99767295476272], [-0.484162892141159, 48.994848251879546], [-0.47662588436107, 48.999135340487186], [-0.464733832923116, 48.9863564009368], [-0.468846268578532, 48.98015292325363], [-0.483274876828867, 48.97712428721923]]]}",34664,689,31,2,14,25
81095,81170,FRAUSSEILLES,TARN,MIDI-PYRENEES,"Commune simple",269.0,585.0,0.1,"44.0296677126, 1.92883903661","{""type"": ""Polygon"", ""coordinates"": [[[1.929901901294969, 44.01518697210111], [1.912654535168496, 44.02162355156065], [1.904783216717604, 44.03007790925117], [1.90838131776254, 44.03306616359683], [1.917581453697237, 44.032140437133116], [1.924863109025535, 44.04030404690846], [1.93774067983477, 44.04362511078384], [1.946635806831327, 44.041712863663754], [1.944371680469861, 44.02518343157618], [1.929901901294969, 44.01518697210111]]]}",18394,095,09,1,81,73
80570,80110,MOREUIL,SOMME,PICARDIE,"Chef-lieu canton",79.0,2365.0,4.0,"49.7762271653, 2.48422182173","{""type"": ""Polygon"", ""coordinates"": [[[2.479979536774137, 49.740524405202244], [2.492499689827482, 49.75025411294634], [2.483871555528961, 49.75328176245271], [2.483876533067713, 49.76378516796843], [2.467117540890076, 49.77739693153303], [2.461851038703796, 49.77816445910974], [2.439533732519739, 49.76992369329813], [2.425516139607017, 49.78284146158928], [2.429500750703855, 49.78886193417691], [2.449038253440049, 49.79936488144053], [2.460627123038956, 49.792911861515606], [2.485764069672056, 49.796784950033945], [2.510970413894555, 49.79379793263155], [2.525931357494644, 49.78038010550821], [2.526225807542548, 49.77106409865593], [2.521172160174062, 49.76556362760109], [2.52444562934109, 49.759610495328495], [2.524103416214169, 49.75912397544991], [2.515892053260659, 49.75626138972409], [2.513574591472401, 49.75057366532425], [2.508901975316912, 49.75051000018042], [2.498329123000913, 49.744060600848734], [2.479979536774137, 49.740524405202244]]]}",3323,570,28,3,80,22
12107,12310,GAILLAC-D'AVEYRON,AVEYRON,MIDI-PYRENEES,"Commune simple",680.0,2899.0,0.3,"44.3616362767, 2.90279259177","{""type"": ""Polygon"", ""coordinates"": [[[2.904470502099495, 44.32776298002507], [2.885381156593391, 44.34189509821013], [2.871447899611462, 44.34095254432904], [2.868021396535864, 44.34732157729573], [2.879415096889601, 44.36927154452391], [2.858851812471018, 44.37741160769755], [2.876355820462959, 44.39676834676098], [2.885916362062496, 44.39379908595755], [2.888038010513852, 44.387491050334596], [2.905850832950002, 44.38759773820492], [2.919859577686422, 44.37919223877685], [2.92412297631662, 44.372858087390796], [2.947319444752377, 44.36839781623152], [2.952488280878996, 44.35503278880255], [2.938926229467556, 44.35486406993652], [2.928311105603656, 44.336008451336724], [2.915119601387732, 44.33436079296585], [2.904470502099495, 44.32776298002507]]]}",27917,107,15,2,12,73
51224,51300,ECRIENNES,MARNE,CHAMPAGNE-ARDENNE,"Commune simple",120.0,635.0,0.2,"48.6922657647, 4.68742317989","{""type"": ""Polygon"", ""coordinates"": [[[4.703541647571094, 48.68129891185594], [4.694982961373312, 48.68509152356601], [4.686498092096827, 48.68152322244474], [4.671040691456464, 48.68164190540274], [4.661425790164057, 48.68861365063799], [4.662745863870763, 48.6920948935578], [4.682329663590824, 48.70144649312475], [4.702195658320522, 48.70463728797698], [4.709267752448113, 48.70476106992546], [4.703541647571094, 48.68129891185594]]]}",36178,224,28,4,51,21
86254,86500,SAULGE,VIENNE,POITOU-CHARENTES,"Commune simple",142.0,6259.0,1.0,"46.3667330907, 0.865861579177","{""type"": ""Polygon"", ""coordinates"": [[[0.940731710787726, 46.38254797065434], [0.933041633489534, 46.37801310745681], [0.930386644275386, 46.36804741640259], [0.924127658520402, 46.36256501364089], [0.915715678998107, 46.358646297009116], [0.900677529057404, 46.3579200187494], [0.8979688077939, 46.35494255255542], [0.898707758172068, 46.33064386703599], [0.894049781126671, 46.32091940440219], [0.904926063021101, 46.31360731548378], [0.90853593688406, 46.303512730186775], [0.900042601348583, 46.301978251276886], [0.874164298583688, 46.312379878676595], [0.872878889276964, 46.32939000743456], [0.878811519620058, 46.338364425963654], [0.87092339902278, 46.34154129721075], [0.867603480912261, 46.33895699970487], [0.848089282397837, 46.33975228334273], [0.834785834745497, 46.34495924621895], [0.814868338248969, 46.3463357697017], [0.802324053289843, 46.357129644197805], [0.79212338280678, 46.357139756766166], [0.787474798801298, 46.36269779882816], [0.81102479693938, 46.375079087649375], [0.844860689914267, 46.41242204726312], [0.879371438468619, 46.415473577406914], [0.879337277088328, 46.40193410649242], [0.885613554587782, 46.39654676478792], [0.930638132384345, 46.38168072322368], [0.940731710787726, 46.38254797065434]]]}",34210,254,17,2,86,54
87063,87220,EYJEAUX,HAUTE-VIENNE,LIMOUSIN,"Commune simple",357.0,2420.0,1.2,"45.7748713426, 1.37728404596","{""type"": ""Polygon"", ""coordinates"": [[[1.391882975353781, 45.74764678000212], [1.377533752095859, 45.750008177304856], [1.369577556567926, 45.74190440244225], [1.356210550412774, 45.73763924418569], [1.349826589859778, 45.74251776714925], [1.357554210729289, 45.76514766848545], [1.35628428656847, 45.76847070875364], [1.343841199753778, 45.773557740811135], [1.352461369894478, 45.79266139573887], [1.366953668766793, 45.791971339690136], [1.36904416958208, 45.79835137837342], [1.359486346250781, 45.805832660198334], [1.376047445486195, 45.811980581449426], [1.380467777962035, 45.810575967848976], [1.377899274864794, 45.79717299615496], [1.384447795787692, 45.79252034099798], [1.403103096750538, 45.802792330630105], [1.41507753415451, 45.797466994531796], [1.405973925403937, 45.79033155666875], [1.408462781157454, 45.78393587961779], [1.413252500343598, 45.78390425738745], [1.405368186779645, 45.77519168980476], [1.406008828875952, 45.7650321500034], [1.390219137068264, 45.75795378718351], [1.391882975353781, 45.74764678000212]]]}",4341,063,21,2,87,74
72011,72130,ASSE-LE-BOISNE,SARTHE,"PAYS DE LA LOIRE","Commune simple",136.0,2884.0,0.9,"48.3216528559, -0.00324343366865","{""type"": ""Polygon"", ""coordinates"": [[[0.010108681168898, 48.277059479832985], [0.00329594039812, 48.27423085051931], [-0.009160537891229, 48.27553518105422], [-0.00640283849546, 48.28819281621758], [-0.016127111107013, 48.2947341504491], [-0.015762748051032, 48.30180246330666], [-0.0249740119903, 48.3103910394682], [-0.020541783502916, 48.32747632682549], [-0.035814243650931, 48.33710670320668], [-0.039250117426732, 48.3437532902138], [-0.043285903864594, 48.346044592371236], [-0.048163076257893, 48.34466761422218], [-0.055790041435475, 48.348549682838296], [-0.043073658512499, 48.35264971393453], [-0.042697230627179, 48.36178902044321], [-0.032684021977329, 48.361757737948935], [-0.013775518841896, 48.349842641709074], [0.001906465901107, 48.34913333182663], [0.017181248415123, 48.34678208575314], [0.032491327305979, 48.33707403467525], [0.025654230517229, 48.33260780408876], [0.032449187879507, 48.32010148050427], [0.015675388126812, 48.30784889996259], [0.025772812882792, 48.296821604873884], [0.029535819961671, 48.29565565162519], [0.027944230104221, 48.2903845205527], [0.008235569694381, 48.283440860333556], [0.010108681168898, 48.277059479832985]]]}",8205,011,12,2,72,52
22236,22290,PLUDUAL,COTES-D'ARMOR,BRETAGNE,"Commune simple",66.0,957.0,0.7,"48.6666296854, -2.98679017544","{""type"": ""Polygon"", ""coordinates"": [[[-2.951683819701305, 48.65509983837322], [-2.961951482743494, 48.64867724298971], [-2.966849447236689, 48.64841358791591], [-2.979841596173165, 48.65772891955538], [-2.985241435310379, 48.652333611027295], [-2.994681596430619, 48.65913797684511], [-3.016010381388764, 48.66615301272033], [-3.021421699527441, 48.678472405578454], [-2.995732601971131, 48.67860574443203], [-2.988328521359363, 48.683407604054004], [-2.974259594785671, 48.67915340157973], [-2.975416564139836, 48.67248333307335], [-2.951683819701305, 48.65509983837322]]]}",582,236,39,4,22,53
89138,89120,DICY,YONNE,BOURGOGNE,"Commune simple",157.0,1018.0,0.3,"47.9278357238, 3.0943130992","{""type"": ""Polygon"", ""coordinates"": [[[3.109396264160434, 47.91377408412267], [3.091209324795597, 47.909253814413134], [3.082122626731171, 47.91061946118492], [3.06521387711607, 47.93051907789733], [3.078729426133035, 47.93327364284893], [3.083926475061281, 47.94243149575544], [3.088682586121705, 47.94318395535222], [3.096150306320601, 47.947146827625794], [3.105258597550679, 47.94694103630113], [3.116112958501729, 47.93668044893556], [3.115824855381662, 47.9274022525622], [3.109396264160434, 47.91377408412267]]]}",15747,138,10,1,89,26
02003,02200,ACY,AISNE,PICARDIE,"Commune simple",120.0,1159.0,0.9,"49.3471963534, 3.41817609834","{""type"": ""Polygon"", ""coordinates"": [[[3.429048887213512, 49.321203082382056], [3.426115904778698, 49.3224000471012], [3.392209715669549, 49.33589078267798], [3.39229446374713, 49.33980076236491], [3.399302462504257, 49.34767018548125], [3.396337096270969, 49.35389132509301], [3.404247378194827, 49.35715507795656], [3.404520664879976, 49.36041713425537], [3.415896455344199, 49.36485499112792], [3.413821825114129, 49.370453156084054], [3.427906602764906, 49.372516498560586], [3.432835639499081, 49.3742787335077], [3.427874088530299, 49.365280616022204], [3.441424854117074, 49.35490364364117], [3.445708593109243, 49.3522002208618], [3.441089617089177, 49.34627542758852], [3.431671633782619, 49.34376553313991], [3.429048887213512, 49.321203082382056]]]}",15867,003,04,4,02,22
70274,70120,GRANDECOURT,HAUTE-SAONE,FRANCHE-COMTE,"Commune simple",233.0,333.0,0.0,"47.6362713068, 5.85990201791","{""type"": ""Polygon"", ""coordinates"": [[[5.857093709139669, 47.624168549879016], [5.854647038549815, 47.62649814457041], [5.848572722586593, 47.63325755247331], [5.850227763623491, 47.64478195084232], [5.868352650244752, 47.64624768608567], [5.871911218753906, 47.63164106486113], [5.857093709139669, 47.624168549879016]]]}",24295,274,06,2,70,43
68228,68250,MUNWILLER,HAUT-RHIN,ALSACE,"Commune simple",207.0,668.0,0.5,"47.9342627737, 7.34739203519","{""type"": ""Polygon"", ""coordinates"": [[[7.333097762907857, 47.92230660306802], [7.328409741297462, 47.93715282580839], [7.334744421110692, 47.94868105441416], [7.343425085513928, 47.94819802840749], [7.360357473442047, 47.94120714954389], [7.369694279828705, 47.93405498584945], [7.370695513504226, 47.9278165610627], [7.352713188924025, 47.92277045225151], [7.333097762907857, 47.92230660306802]]]}",32434,228,06,3,68,42
53263,53110,THUBOEUF,MAYENNE,"PAYS DE LA LOIRE","Commune simple",132.0,1417.0,0.3,"48.4958782313, -0.453905832076","{""type"": ""Polygon"", ""coordinates"": [[[-0.453615464815173, 48.47332908964158], [-0.45836913850366, 48.47436127323626], [-0.458915106362798, 48.48099984428702], [-0.462997121078694, 48.482924886223785], [-0.476800840193445, 48.48110761372728], [-0.490087126876883, 48.485166071142785], [-0.489232378988815, 48.49145853237333], [-0.478211661079758, 48.50157000950117], [-0.466117492119437, 48.512521997545036], [-0.450727770554125, 48.51281705221183], [-0.446882697373074, 48.514936684099986], [-0.424486439486492, 48.50819198118345], [-0.42544860618686, 48.507362847316614], [-0.420419104046735, 48.49195727289179], [-0.424753690880392, 48.486141492707425], [-0.434396931809028, 48.48674533453611], [-0.447383550231299, 48.482154747498534], [-0.453615464815173, 48.47332908964158]]]}",598,263,16,3,53,52
02246,02480,CUGNY,AISNE,PICARDIE,"Commune simple",81.0,941.0,0.6,"49.7031009123, 3.15424498862","{""type"": ""Polygon"", ""coordinates"": [[[3.143842209072155, 49.681878158891294], [3.145944581805988, 49.69556056271422], [3.143598288143767, 49.69860940557629], [3.133447940099222, 49.70005861630675], [3.129834328515241, 49.70634327530205], [3.139369342775336, 49.71756429430537], [3.144285382356272, 49.71630962691244], [3.153027065855865, 49.72011765962359], [3.163030093044805, 49.7279037694021], [3.16620877049959, 49.73784590449763], [3.163061542583295, 49.72472300146594], [3.170753091890211, 49.71620351032292], [3.167422178489393, 49.70617159727443], [3.172254404419328, 49.692884455845636], [3.167084266983636, 49.68328615754911], [3.143842209072155, 49.681878158891294]]]}",702,246,29,3,02,22
63020,63210,AURIERES,PUY-DE-DOME,AUVERGNE,"Commune simple",993.0,1102.0,0.3,"45.6818392854, 2.91546780422","{""type"": ""Polygon"", ""coordinates"": [[[2.91082550787407, 45.66092252784737], [2.896094877260314, 45.67509251840423], [2.892227104228722, 45.68898336461204], [2.894596951730049, 45.69946725883236], [2.900691423362253, 45.70487571058215], [2.907389699871115, 45.69582252678709], [2.919926098030438, 45.69057329941669], [2.929509277269946, 45.69218256580574], [2.940873783273289, 45.698771648783044], [2.939564587164329, 45.685560840589645], [2.942744312504485, 45.67942119898263], [2.934282065904432, 45.67653503120707], [2.929981334012617, 45.66437591266748], [2.921566736480037, 45.666207352353304], [2.91082550787407, 45.66092252784737]]]}",17161,020,35,2,63,83
74095,74150,CREMPIGNY-BONNEGUETE,HAUTE-SAVOIE,RHONE-ALPES,"Commune simple",532.0,593.0,0.3,"45.9467841367, 5.90312519314","{""type"": ""Polygon"", ""coordinates"": [[[5.912107057754733, 45.93148637367866], [5.908411172776569, 45.92948189431207], [5.901237644705179, 45.933522838272864], [5.898208134952551, 45.942458310062726], [5.880192083347872, 45.94595508192174], [5.893898014359038, 45.96317675020496], [5.912987287530783, 45.95496454899217], [5.919487842403321, 45.94745298588463], [5.92107678869264, 45.938445936843635], [5.912107057754733, 45.93148637367866]]]}",31715,095,18,1,74,82
2A017,20167,APPIETTO,CORSE-DU-SUD,CORSE,"Commune simple",250.0,3459.0,1.4,"42.0032023283, 8.73355643393","{""type"": ""Polygon"", ""coordinates"": [[[8.788208220698444, 41.969473481418], [8.783614607879224, 41.97026561738653], [8.771267049540498, 41.989101686828974], [8.757111305891089, 41.98893712142413], [8.749886608657206, 41.992600524621785], [8.735949873566756, 41.99394353853511], [8.686226187392059, 41.984975047661834], [8.669041511010496, 41.99018609376083], [8.667411353774458, 41.99306587745406], [8.659055291230604, 41.992558926187634], [8.654614102472253, 42.0012456997277], [8.656559105024488, 42.00401502169867], [8.670678674036091, 42.00541119641258], [8.704344092387158, 42.01841768158828], [8.727462396012369, 42.02197802245614], [8.732213522621743, 42.02213488357474], [8.740587876773661, 42.018815768764206], [8.745357315744057, 42.018790864059824], [8.782888767936747, 42.01997835307578], [8.79630546613279, 42.02359479482513], [8.803080084063748, 42.012790769827454], [8.80751753722278, 42.00928581420777], [8.799730029007065, 42.00565049167109], [8.786604982605974, 42.00667627188551], [8.77981926143722, 42.00215593631668], [8.781611777320961, 41.99201336784382], [8.788178768996016, 41.983158812244596], [8.788208220698444, 41.969473481418]]]}",966,017,73,1,2A,94
48100,48170,MONTBEL,LOZERE,LANGUEDOC-ROUSSILLON,"Commune simple",1263.0,2362.0,0.1,"44.5963342329, 3.71249068186","{""type"": ""Polygon"", ""coordinates"": [[[3.726042406449788, 44.57394480651414], [3.715558357207385, 44.579522936700045], [3.708385740503026, 44.576094075478956], [3.703668376849138, 44.580616625009924], [3.671385744092598, 44.58188885256911], [3.664070089112727, 44.5789441446243], [3.664049511882818, 44.58575937473965], [3.67233431825629, 44.59383881653827], [3.674634335902325, 44.60389899067383], [3.688076916267431, 44.606706048323204], [3.691467151770923, 44.62316924889513], [3.70444969840742, 44.62100760770429], [3.730808180553525, 44.60544145334037], [3.769897095300056, 44.60612139772098], [3.772769012357324, 44.603256415564275], [3.7535118584559, 44.59370222654165], [3.748133419291213, 44.58432174456219], [3.730502062816327, 44.57985727323358], [3.726042406449788, 44.57394480651414]]]}",1058,100,06,2,48,91
01196,01340,JAYAT,AIN,RHONE-ALPES,"Commune simple",199.0,1627.0,1.0,"46.3660828991, 5.11429701617","{""type"": ""Polygon"", ""coordinates"": [[[5.132767736213057, 46.34280547508462], [5.102859184969105, 46.347720972409846], [5.089535909344076, 46.34967745032457], [5.083789836722472, 46.35489006371868], [5.091403796120466, 46.36755980609011], [5.093556039649058, 46.38094198975977], [5.097628187555531, 46.379200728564264], [5.106313542877857, 46.381670972988495], [5.111910560090345, 46.39413347087175], [5.115974949438157, 46.39587775821487], [5.123881767681674, 46.392298841005484], [5.133329941638739, 46.38154724343122], [5.137146211473547, 46.3719633959206], [5.134202221808039, 46.36222686417763], [5.139532030461234, 46.35312799765744], [5.132767736213057, 46.34280547508462]]]}",1205,196,21,2,01,82
15060,15110,DEUX-VERGES,CANTAL,AUVERGNE,"Commune simple",1127.0,1130.0,0.1,"44.7997732435, 3.01819855071","{""type"": ""Polygon"", ""coordinates"": [[[3.010162588577009, 44.776534212941854], [2.999077050319959, 44.79037249974396], [2.998836611851129, 44.800942226864535], [3.009486808799747, 44.81674247266407], [3.017317692242078, 44.82032481858254], [3.031220074519411, 44.82060988155601], [3.037993221530126, 44.80992092638157], [3.037281065853102, 44.804051073714184], [3.027671619267751, 44.78178004790472], [3.010162588577009, 44.776534212941854]]]}",35845,060,05,3,15,83
19032,19120,BRIVEZAC,CORREZE,LIMOUSIN,"Commune simple",237.0,835.0,0.2,"45.0208648286, 1.83761486045","{""type"": ""Polygon"", ""coordinates"": [[[1.832560379389302, 44.99827088370657], [1.829499657259218, 45.00019275960447], [1.835041513582954, 45.00468123821753], [1.825784375835192, 45.00729438825093], [1.818767875328422, 45.01617990226109], [1.826749175630112, 45.02486388365628], [1.825953852190507, 45.03554421629573], [1.833705268880499, 45.03959679690175], [1.852607894831028, 45.040648611106754], [1.852316067412449, 45.0276246902225], [1.843027917727811, 45.019919530121655], [1.851789484076798, 45.011815930056876], [1.851266152913576, 45.00514703760346], [1.832560379389302, 44.99827088370657]]]}",14739,032,03,1,19,74
37061,37290,CHARNIZAY,INDRE-ET-LOIRE,CENTRE,"Commune simple",131.0,5324.0,0.5,"46.9160338109, 0.990841161121","{""type"": ""Polygon"", ""coordinates"": [[[1.025219212955012, 46.879754483558536], [1.011377343309844, 46.87575148454538], [1.001776897595986, 46.87822418786869], [0.952332279858135, 46.87695909511956], [0.940087388476912, 46.883603822865624], [0.954862288910867, 46.909076950403595], [0.951861753835548, 46.92272276478009], [0.957435732175049, 46.92828872164297], [0.949877711687119, 46.94454653319088], [0.957512044522565, 46.95272490542211], [0.97320277836988, 46.959414428842166], [0.971804784724753, 46.9658204661427], [0.980926336583336, 46.963945076623666], [0.987903766254462, 46.95497954481847], [1.025441185775295, 46.950368808501594], [1.032438467991662, 46.94204949995927], [1.037435068498582, 46.94206262891478], [1.033831650557846, 46.90735362205155], [1.025219212955012, 46.879754483558536]]]}",1445,061,18,3,37,24
50121,50800,"LA CHAPELLE-CECELIN",MANCHE,BASSE-NORMANDIE,"Commune simple",207.0,518.0,0.2,"48.8078496044, -1.16781595111","{""type"": ""Polygon"", ""coordinates"": [[[-1.150210863798481, 48.79485530892157], [-1.165396995954302, 48.7960557091239], [-1.173418571701081, 48.80021570035708], [-1.188123053613078, 48.80862613624216], [-1.175989022890699, 48.824127251603244], [-1.157376701296228, 48.8130865711464], [-1.147431067429439, 48.79709534924716], [-1.150210863798481, 48.79485530892157]]]}",21225,121,39,1,50,25
52127,52240,CHOISEUL,HAUTE-MARNE,CHAMPAGNE-ARDENNE,"Commune simple",349.0,865.0,0.1,"48.0528969056, 5.57184637406","{""type"": ""Polygon"", ""coordinates"": [[[5.582384782491992, 48.03271371173236], [5.569542412685676, 48.02754757174738], [5.561738117682496, 48.03158930803228], [5.550949225642047, 48.04308715674975], [5.558425742150677, 48.05137923709964], [5.555338172419579, 48.06113405681661], [5.569159046485471, 48.06529005385152], [5.573866381445732, 48.07480298359307], [5.586735862811958, 48.078356536016614], [5.594361376016034, 48.077414526477696], [5.596599030323064, 48.07263836033405], [5.576210809854689, 48.056735686247976], [5.582384782491992, 48.03271371173236]]]}",21481,127,09,1,52,21
02535,02140,NAMPCELLES-LA-COUR,AISNE,PICARDIE,"Commune simple",170.0,1103.0,0.1,"49.7765756098, 4.00209910519","{""type"": ""Polygon"", ""coordinates"": [[[3.986865707251043, 49.76154788604733], [3.972370993504066, 49.77470207415479], [3.969858098167475, 49.7812004247934], [3.974533649108244, 49.786985524485324], [3.995402103953638, 49.78679002329954], [3.997488942213547, 49.789899799715265], [4.001509036277865, 49.78470039092459], [4.011892457130373, 49.791874681513], [4.026593021618057, 49.79406999510468], [4.030581044923323, 49.78465584265124], [4.019765300178763, 49.7614298292712], [3.986865707251043, 49.76154788604733]]]}",15807,535,34,5,02,22
91098,91150,BOUTERVILLIERS,ESSONNE,ILE-DE-FRANCE,"Commune simple",145.0,711.0,0.4,"48.4555830213, 2.05114682408","{""type"": ""Polygon"", ""coordinates"": [[[2.063366858899248, 48.44306293278502], [2.051643425535985, 48.44677553855288], [2.038487964945083, 48.445877957119286], [2.029559325458036, 48.45264296876209], [2.020849900537043, 48.45405593781041], [2.020279297525266, 48.45709218891815], [2.02506315666499, 48.46170199338048], [2.03411525149435, 48.46157805420931], [2.034182880095194, 48.46452057415383], [2.070364849228193, 48.464071657399465], [2.082204203427861, 48.45928750866476], [2.078499451232458, 48.45765737475227], [2.063366858899248, 48.44306293278502]]]}",19256,098,08,1,91,11
62455,62850,HOCQUINGHEN,PAS-DE-CALAIS,NORD-PAS-DE-CALAIS,"Commune simple",82.0,198.0,0.1,"50.7669354784, 1.93243678254","{""type"": ""Polygon"", ""coordinates"": [[[1.946043057655309, 50.75837882578694], [1.936762430247486, 50.76371981839634], [1.928077230327559, 50.76164428023852], [1.926971268600487, 50.76439854692946], [1.918623717607072, 50.76242396599208], [1.916841301662308, 50.76502869310966], [1.926354250093411, 50.77403949840738], [1.944242438115667, 50.76997503918297], [1.946043057655309, 50.75837882578694]]]}",34176,455,25,6,62,31
59403,59178,MILLONFOSSE,NORD,NORD-PAS-DE-CALAIS,"Commune simple",17.0,343.0,0.7,"50.4291924594, 3.37701536636","{""type"": ""Polygon"", ""coordinates"": [[[3.405392248735887, 50.428341705922065], [3.378615866698988, 50.425823276956486], [3.357293918206538, 50.415311706111126], [3.352174049554455, 50.41649343521595], [3.351050770559104, 50.42063509203758], [3.373120218950996, 50.42947568771966], [3.362813115361521, 50.43648146859926], [3.386017527533169, 50.439984005633576], [3.405392248735887, 50.428341705922065]]]}",15821,403,56,6,59,31
38067,38460,CHAMAGNIEU,ISERE,RHONE-ALPES,"Commune simple",225.0,1376.0,1.5,"45.6881616804, 5.16661541737","{""type"": ""Polygon"", ""coordinates"": [[[5.149829508323702, 45.654356978422165], [5.144222090111686, 45.656499768643016], [5.146881711971387, 45.68003243905115], [5.153996670099893, 45.69972362218553], [5.155183856562432, 45.7018178463739], [5.167656950750983, 45.706803339037855], [5.179999567979553, 45.72081633166149], [5.189098617088835, 45.72227947697137], [5.187777934838695, 45.712954485058894], [5.181314775139957, 45.708188275679106], [5.191871987172507, 45.70172261736953], [5.192962842998109, 45.691621075736016], [5.179025360625267, 45.69381031367557], [5.180082753511059, 45.68052066391188], [5.164918359975908, 45.66771523816466], [5.157826948365194, 45.65850987158384], [5.149829508323702, 45.654356978422165]]]}",12366,067,08,2,38,82
54382,54350,MONT-SAINT-MARTIN,MEURTHE-ET-MOSELLE,LORRAINE,"Chef-lieu canton",306.0,877.0,8.1,"49.545958519, 5.77946566153","{""type"": ""Polygon"", ""coordinates"": [[[5.785680231502339, 49.53164623555384], [5.76734526565007, 49.53265953624795], [5.762213640132963, 49.53692209845034], [5.757155410124223, 49.542567575717946], [5.757181631751646, 49.55644224022462], [5.769396515059252, 49.56225186291044], [5.796197373408721, 49.55099013832094], [5.811851203443743, 49.54835319173717], [5.814842846308022, 49.54544213306716], [5.810547565971551, 49.54347341946855], [5.787079233612145, 49.535022314173325], [5.785680231502339, 49.53164623555384]]]}",34745,382,32,1,54,41
2B120,20600,FURIANI,HAUTE-CORSE,CORSE,"Commune simple",203.0,1898.0,5.1,"42.6523411195, 9.4172647007","{""type"": ""Polygon"", ""coordinates"": [[[9.394510149003814, 42.63474890403934], [9.392237923151294, 42.63786164573332], [9.386294608021855, 42.64259218254308], [9.380275665157631, 42.65811483842463], [9.38202691162103, 42.66739109925601], [9.393186314757983, 42.67461621430614], [9.413344455821795, 42.66652469992162], [9.44919723751077, 42.66224499234996], [9.462848257927323, 42.63924631632572], [9.44016640012592, 42.63621560223033], [9.41714315019382, 42.639145095863995], [9.394510149003814, 42.63474890403934]]]}",34865,120,71,2,2B,94
2B207,20213,PENTA-DI-CASINCA,HAUTE-CORSE,CORSE,"Commune simple",120.0,1858.0,2.9,"42.4548433729, 9.49604243043","{""type"": ""Polygon"", ""coordinates"": [[[9.54087606040079, 42.4416238931867], [9.508506641597773, 42.44051582094945], [9.462210040779569, 42.44611635892557], [9.461986319765693, 42.44838468978583], [9.44440496753306, 42.45900214018917], [9.436081546532535, 42.4605070237416], [9.435648931551624, 42.464203864260405], [9.453641082834014, 42.46872403357875], [9.464565417983291, 42.47551083640282], [9.467032902671582, 42.46534959445846], [9.478601057780882, 42.4601543250249], [9.506214322189164, 42.462113254243846], [9.536057443705, 42.470467586900064], [9.541639493988772, 42.45799286405914], [9.54087606040079, 42.4416238931867]]]}",9822,207,59,3,2B,94
32342,32230,RICOURT,GERS,MIDI-PYRENEES,"Commune simple",205.0,796.0,0.1,"43.4886092256, 0.178113627524","{""type"": ""Polygon"", ""coordinates"": [[[0.181479916700721, 43.47067885452516], [0.177804602417751, 43.47756021142232], [0.174205173940782, 43.476845247488455], [0.165824712598632, 43.47932722665309], [0.164664385533726, 43.48906481621742], [0.154650735223783, 43.495266458237126], [0.153514708475195, 43.498477658237114], [0.158640125179099, 43.50386975630977], [0.165594296227686, 43.499793426048626], [0.175426384530174, 43.50582979109165], [0.178998624315723, 43.50386114489145], [0.191721238673964, 43.49483758688634], [0.201058533076983, 43.47298676691877], [0.193048270744652, 43.47476015558126], [0.181479916700721, 43.47067885452516]]]}",19066,342,14,3,32,73
01387,01340,SAINT-SULPICE,AIN,RHONE-ALPES,"Commune simple",207.0,514.0,0.1,"46.3209806116, 5.04148389346","{""type"": ""Polygon"", ""coordinates"": [[[5.05471997070676, 46.31836873018121], [5.049404125484843, 46.30869103960448], [5.040471905348146, 46.30653638913561], [5.025970941782932, 46.31578489967502], [5.025981711501115, 46.31923465603988], [5.034954270394872, 46.33256831777224], [5.043662357332853, 46.335925513749714], [5.04811736967813, 46.33438629063418], [5.053689485809878, 46.32866517694278], [5.05471997070676, 46.31836873018121]]]}",35227,387,21,2,01,82
27219,27110,EPEGARD,EURE,HAUTE-NORMANDIE,"Commune simple",141.0,439.0,0.5,"49.1824523923, 0.874988545882","{""type"": ""Polygon"", ""coordinates"": [[[0.892668090920314, 49.17351077862613], [0.859392210595072, 49.17777142852749], [0.850545393321593, 49.17806352239639], [0.846452380849508, 49.184115151871374], [0.847461937859777, 49.184582887931484], [0.862227316724164, 49.18618595292983], [0.870174573946365, 49.19011307929581], [0.889210316855391, 49.190691008824366], [0.895989951874758, 49.18627687672192], [0.892668090920314, 49.17351077862613]]]}",19206,219,24,3,27,23
91161,91380,CHILLY-MAZARIN,ESSONNE,ILE-DE-FRANCE,"Chef-lieu canton",78.0,564.0,18.4,"48.7077663127, 2.3111122334","{""type"": ""Polygon"", ""coordinates"": [[[2.316143346863166, 48.69199204055646], [2.314140344624053, 48.68932705722793], [2.309906996699242, 48.69097568070157], [2.302807251874709, 48.70276257327464], [2.293806596796809, 48.70511123471632], [2.293929238042677, 48.71212785468337], [2.301738756650032, 48.71967536970686], [2.324102230699077, 48.72057766744396], [2.325042593640293, 48.71092273556821], [2.32194027417233, 48.69757493824626], [2.316143346863166, 48.69199204055646]]]}",19619,161,28,3,91,11
34301,34200,SETE,HERAULT,LANGUEDOC-ROUSSILLON,"Chef-lieu canton",7.0,4179.0,42.5,"43.3917705831, 3.64705148296","{""type"": ""Polygon"", ""coordinates"": [[[3.566688734040306, 43.326158205798286], [3.554645149532845, 43.337213876451244], [3.556979857198078, 43.34031455032171], [3.615899067809234, 43.38213409611006], [3.593957569129082, 43.38946290286817], [3.63753153846974, 43.412012591299], [3.661764837066363, 43.42451672003635], [3.672382967547623, 43.43002039142288], [3.7219357258126, 43.42218012800909], [3.724916480407943, 43.41579944733529], [3.725367533459512, 43.40164448494938], [3.689356095155073, 43.39180344088966], [3.665732303691058, 43.39294989386013], [3.652846936825781, 43.388098219749196], [3.61948040736764, 43.36762937074524], [3.566688734040306, 43.326158205798286]]]}",32977,301,97,3,34,91
78455,78590,NOISY-LE-ROI,YVELINES,ILE-DE-FRANCE,"Commune simple",137.0,559.0,7.9,"48.8465154476, 2.05479110499","{""type"": ""Polygon"", ""coordinates"": [[[2.059396427905741, 48.82939919892332], [2.052683140560541, 48.83074928537893], [2.051618411436283, 48.83685679531598], [2.041544969402519, 48.843045322515145], [2.035476598494873, 48.84550586856871], [2.044011732312562, 48.86382296757656], [2.059741674656759, 48.85557433909657], [2.069626391123451, 48.8546263063427], [2.071589705978324, 48.83928895411326], [2.059396427905741, 48.82939919892332]]]}",30994,455,22,3,78,11
77530,77560,VOULTON,SEINE-ET-MARNE,ILE-DE-FRANCE,"Commune simple",163.0,2630.0,0.3,"48.6116398027, 3.3397616891","{""type"": ""Polygon"", ""coordinates"": [[[3.35671365725527, 48.592450631236694], [3.343125936759522, 48.58204694773834], [3.332827585782578, 48.582894775980975], [3.321305324403763, 48.58982588902303], [3.311074545235646, 48.59095049735078], [3.294591124893771, 48.60877605723952], [3.303607671942729, 48.622156175743044], [3.313070298289265, 48.629930405657205], [3.3252146092002, 48.62543631740718], [3.339154550511951, 48.63455440631493], [3.341959109878226, 48.64422499353196], [3.351445002411717, 48.645933417840695], [3.357821773707991, 48.64747056428259], [3.358963041455446, 48.62783103145513], [3.361821170494673, 48.62514184671778], [3.380882717336485, 48.62479457475067], [3.385702373586284, 48.623330850425056], [3.385595125814903, 48.619823092609835], [3.374708864727859, 48.60392732908412], [3.366602817996061, 48.59492128873809], [3.35671365725527, 48.592450631236694]]]}",31113,530,29,3,77,11
60087,60300,BOREST,OISE,PICARDIE,"Commune simple",83.0,1282.0,0.4,"49.1886146842, 2.67197292503","{""type"": ""Polygon"", ""coordinates"": [[[2.714321161111066, 49.20027449012214], [2.691283297077575, 49.19386148824246], [2.670655246565635, 49.16960443143786], [2.659667565888324, 49.16200375097078], [2.632008210722635, 49.170787184262174], [2.647781708746912, 49.1801216107984], [2.667369882373571, 49.20078335345043], [2.665893860353474, 49.20415063904628], [2.677509630474761, 49.21383781507059], [2.686772934170162, 49.21379931232115], [2.691270712149694, 49.212066816033435], [2.693396263472334, 49.2053655168755], [2.708611565631936, 49.20555610179771], [2.715895224430892, 49.20094349475185], [2.714321161111066, 49.20027449012214]]]}",17951,087,25,4,60,22
04116,04190,"LES MEES",ALPES-DE-HAUTE-PROVENCE,"PROVENCE-ALPES-COTE D'AZUR","Chef-lieu canton",527.0,6480.0,3.7,"43.9944767361, 5.96601755581","{""type"": ""Polygon"", ""coordinates"": [[[5.960696325423866, 43.93770935665234], [5.90080884142595, 43.94842102487211], [5.916829609245857, 43.98040655307157], [5.92998504242441, 44.004857411136555], [5.937143831945951, 44.00890726378413], [5.964320099561947, 44.03524709360709], [5.975435874962584, 44.04106975909209], [5.985843853996513, 44.04668552781983], [5.995946047189034, 44.0535696848638], [6.024483282656758, 44.04747072130271], [6.015489160650654, 44.0450529621232], [6.017845717315644, 44.02802842947346], [6.034482188360038, 44.0115633549203], [6.025371526047908, 44.00943804587793], [6.00719935314428, 43.99331338260739], [5.988704303947328, 43.99033511693773], [5.973447174806974, 43.95757247915072], [5.960696325423866, 43.93770935665234]]]}",10644,116,14,3,04,93
57587,57340,RODALBE,MOSELLE,LORRAINE,"Commune simple",251.0,1056.0,0.2,"48.9109394561, 6.71447347935","{""type"": ""Polygon"", ""coordinates"": [[[6.709516339757233, 48.89106884712627], [6.699252222279955, 48.90090252113945], [6.689953121405828, 48.90167572511565], [6.688576997251424, 48.904607993994134], [6.679701485666022, 48.90578143871412], [6.680917402559782, 48.91157771379208], [6.690036176034164, 48.918246953072405], [6.70315974872979, 48.92049751842065], [6.734436453662118, 48.92478365620495], [6.742074320402907, 48.927642146552365], [6.74682266517962, 48.9154208961001], [6.735629279548961, 48.9050663171133], [6.730675387232425, 48.904734672707775], [6.709516339757233, 48.89106884712627]]]}",34988,587,01,2,57,41
16345,16150,SAINT-QUENTIN-SUR-CHARENTE,CHARENTE,POITOU-CHARENTES,"Commune simple",229.0,1443.0,0.2,"45.838055704, 0.675525418032","{""type"": ""Polygon"", ""coordinates"": [[[0.688791109940984, 45.82299163005647], [0.675295890941125, 45.81881375902368], [0.661208990515454, 45.8186129019288], [0.652531761506174, 45.83087408868348], [0.651877015798368, 45.84111260024278], [0.656404519545807, 45.846801154342124], [0.644151579896768, 45.85148315547719], [0.659742704896274, 45.85896928420664], [0.673464960528858, 45.861640031642786], [0.677377784175893, 45.85200903089983], [0.699618086724847, 45.845167027864434], [0.70516401415536, 45.839514258648116], [0.707590592480156, 45.82640181376923], [0.688791109940984, 45.82299163005647]]]}",34166,345,09,3,16,54
36228,36600,VALENCAY,INDRE,CENTRE,"Chef-lieu canton",131.0,4180.0,2.6,"47.1558433483, 1.55858540806","{""type"": ""Polygon"", ""coordinates"": [[[1.614452079786265, 47.11880189512764], [1.610493301067826, 47.11680944990876], [1.601544389280709, 47.11956500835855], [1.57104286077869, 47.13608460585321], [1.557040827481275, 47.13318247314763], [1.516729968627368, 47.13558116895165], [1.49769602005929, 47.15187699844949], [1.494954597316375, 47.15834266266543], [1.502704686388525, 47.16210800910102], [1.50900355121246, 47.175407870459836], [1.518016847005963, 47.176586104779126], [1.532218750520235, 47.174921098851215], [1.554269495485655, 47.18187974342896], [1.55642033182525, 47.18490501329323], [1.572517042699485, 47.19150657509003], [1.586193867605278, 47.18778449711751], [1.597307150282816, 47.176943460135796], [1.595469390035009, 47.170447112357664], [1.605707929625612, 47.15493942153536], [1.603132733048206, 47.14480550714183], [1.614452079786265, 47.11880189512764]]]}",664,228,22,2,36,24
61185,61130,GEMAGES,ORNE,BASSE-NORMANDIE,"Commune simple",144.0,646.0,0.1,"48.2960373591, 0.615677135989","{""type"": ""Polygon"", ""coordinates"": [[[0.621041563085679, 48.280764265455], [0.598075381746132, 48.29169599950994], [0.590526241876151, 48.299850851347244], [0.597217674664323, 48.304289622427916], [0.616005065370699, 48.30623588728743], [0.61697045893438, 48.309351789796054], [0.631547796064849, 48.306250975050965], [0.635951757525821, 48.28629307125156], [0.634783748213768, 48.28677379900397], [0.630367008484768, 48.28841366708914], [0.621041563085679, 48.280764265455]]]}",31987,185,32,3,61,25
54207,54930,FRAISNES-EN-SAINTOIS,MEURTHE-ET-MOSELLE,LORRAINE,"Commune simple",334.0,648.0,0.1,"48.3742055671, 6.06091955537","{""type"": ""Polygon"", ""coordinates"": [[[6.061358533804075, 48.35975047975031], [6.051786046334716, 48.365912898151436], [6.047336813571582, 48.365613291074176], [6.04126164448003, 48.38205670895674], [6.048127612086909, 48.38718328282386], [6.063095292917632, 48.38678829599507], [6.073038992373617, 48.386008617733765], [6.076706890091512, 48.379854035565636], [6.074098392180553, 48.37453760331957], [6.079825187895641, 48.36363847239119], [6.071492261159286, 48.359767200248335], [6.061358533804075, 48.35975047975031]]]}",16060,207,29,3,54,41
11286,11160,PEYRIAC-MINERVOIS,AUDE,LANGUEDOC-ROUSSILLON,"Chef-lieu canton",139.0,1022.0,1.1,"43.2937181047, 2.56669298957","{""type"": ""MultiPolygon"", ""coordinates"": [[[[2.601175124517666, 43.298255620158166], [2.589975995715963, 43.30395304011993], [2.587584861065779, 43.312777863835535], [2.592007661272582, 43.31798526975655], [2.599699841119659, 43.31383992385709], [2.601175124517666, 43.298255620158166]]], [[[2.55948550538609, 43.27228512435834], [2.542137312540267, 43.283421602212215], [2.544934433528058, 43.30345799043711], [2.546229713467446, 43.30634210491993], [2.557613854015528, 43.30284492319003], [2.58948272938333, 43.30403213066708], [2.580532205810544, 43.296657209977084], [2.577004792745925, 43.280550137159956], [2.564541441386673, 43.27768499971038], [2.55948550538609, 43.27228512435834]]]]}",8654,286,25,1,11,91
53135,53400,LIVRE-LA-TOUCHE,MAYENNE,"PAYS DE LA LOIRE","Commune simple",66.0,3004.0,0.8,"47.8891404451, -0.992643026604","{""type"": ""Polygon"", ""coordinates"": [[[-0.964875460906272, 47.863287782550415], [-0.964480192754759, 47.85996699720835], [-0.972499942556606, 47.85583868789652], [-0.9818519773416, 47.85663879813856], [-0.995200307585529, 47.86160949620065], [-1.010537656862075, 47.8618517950208], [-1.037586284238428, 47.87187246790185], [-1.027479306893496, 47.89171187452987], [-1.011774748586711, 47.90551464465735], [-1.011697745187633, 47.91920532257113], [-0.997924067359121, 47.918053309061705], [-0.984577484580102, 47.926680171750995], [-0.964940218238431, 47.917946736187425], [-0.961752130654784, 47.912413560486605], [-0.952685184022132, 47.9103494379788], [-0.961423362327565, 47.90639633511607], [-0.960478034224353, 47.88529741493014], [-0.970135967610294, 47.87955520795573], [-0.964574142647434, 47.87377798049145], [-0.964875460906272, 47.863287782550415]]]}",462,135,09,1,53,52
77169,77184,EMERAINVILLE,SEINE-ET-MARNE,ILE-DE-FRANCE,"Commune simple",106.0,534.0,7.5,"48.8197762376, 2.60897006725","{""type"": ""Polygon"", ""coordinates"": [[[2.627456544425446, 48.80285674852522], [2.600183287980367, 48.81561164760535], [2.595795003166613, 48.81426583101425], [2.586280886618702, 48.834253025891684], [2.610504694242875, 48.83036822111042], [2.612566762999676, 48.82601304883564], [2.616353846231107, 48.82595330930406], [2.616115912224341, 48.82311957010879], [2.627881534880738, 48.81962227934449], [2.628138389345263, 48.804612649551174], [2.627456544425446, 48.80285674852522]]]}",32925,169,38,5,77,11
10148,10400,FERREUX-QUINCEY,AUBE,CHAMPAGNE-ARDENNE,"Commune simple",111.0,1533.0,0.3,"48.4624429856, 3.60107070347","{""type"": ""Polygon"", ""coordinates"": [[[3.602600218393836, 48.431815127040224], [3.590093710557936, 48.44613758702571], [3.590639400205218, 48.45257638343769], [3.567554470133816, 48.45769103900861], [3.573466257193279, 48.47389212412314], [3.584583927887172, 48.48448054996197], [3.599802602906196, 48.47689275203641], [3.609230824209389, 48.48832404758285], [3.61379134278614, 48.48714005042808], [3.618286414464354, 48.481566018914485], [3.616961313315242, 48.47589621843279], [3.633029535250669, 48.469793064028835], [3.618856514225304, 48.44498348009652], [3.602600218393836, 48.431815127040224]]]}",36039,148,16,2,10,21
54499,54470,SEICHEPREY,MEURTHE-ET-MOSELLE,LORRAINE,"Commune simple",261.0,850.0,0.1,"48.8686282676, 5.7957979909","{""type"": ""Polygon"", ""coordinates"": [[[5.775158635202247, 48.857075778360226], [5.769401181639211, 48.85959387828257], [5.765202824524245, 48.87299100170365], [5.777429732278238, 48.87613629244672], [5.786585127219116, 48.87820009657236], [5.824860152334044, 48.879066445220424], [5.824551104571956, 48.86984994915533], [5.824034297687054, 48.86409386699144], [5.817063271076189, 48.86129758906703], [5.810427404360375, 48.86014883663279], [5.775158635202247, 48.857075778360226]]]}",34659,499,26,4,54,41
65316,65670,MONLONG,HAUTES-PYRENEES,MIDI-PYRENEES,"Commune simple",450.0,723.0,0.1,"43.1979666498, 0.468864803299","{""type"": ""Polygon"", ""coordinates"": [[[0.478495907935032, 43.17848814973037], [0.470322953660616, 43.180069660001976], [0.469110737602723, 43.18303803677958], [0.469184776531998, 43.19313719911914], [0.44672124942608, 43.19460581076751], [0.449962546000634, 43.211178858590785], [0.474828547743149, 43.2134374989178], [0.475963601458676, 43.203798468237295], [0.488435274362719, 43.19990470066559], [0.487955958082712, 43.19848062094109], [0.488270962144764, 43.18897552613685], [0.478495907935032, 43.17848814973037]]]}",17684,316,08,3,65,73
47245,47120,SAINT-GERAUD,LOT-ET-GARONNE,AQUITAINE,"Commune simple",89.0,574.0,0.1,"44.6226768076, 0.157164651677","{""type"": ""Polygon"", ""coordinates"": [[[0.157572635579262, 44.60602749818699], [0.150857834767026, 44.60864715171482], [0.154362852387498, 44.614908245474204], [0.139263120424558, 44.627148297757216], [0.137637339651585, 44.63606071131798], [0.141193714451082, 44.64131465222665], [0.15069096467232, 44.63365936133863], [0.165214459117166, 44.63286167771644], [0.177265101484131, 44.615432588736844], [0.171326110816999, 44.61038017691042], [0.157572635579262, 44.60602749818699]]]}",25248,245,31,2,47,72
22170,22800,PLAINE-HAUTE,COTES-D'ARMOR,BRETAGNE,"Commune simple",151.0,1584.0,1.4,"48.4435359708, -2.85882396738","{""type"": ""Polygon"", ""coordinates"": [[[-2.855037838056372, 48.41942945484791], [-2.872247229121082, 48.426064982221284], [-2.892608292793935, 48.4264428851559], [-2.88666059088354, 48.4428960695482], [-2.879529547801077, 48.447742819241356], [-2.874790287798019, 48.457486271092165], [-2.851840090801577, 48.46499965844617], [-2.842087154802884, 48.4723005507881], [-2.832145572915213, 48.458789908793385], [-2.828664128017909, 48.45272783099044], [-2.840212219613705, 48.44232635678023], [-2.837754631814104, 48.43644853633584], [-2.843640787030213, 48.43257692745778], [-2.842615952957875, 48.423741701666366], [-2.855037838056372, 48.41942945484791]]]}",3826,170,41,4,22,53
02554,02400,NOGENTEL,AISNE,PICARDIE,"Commune simple",115.0,686.0,1.0,"49.0140758623, 3.40340404208","{""type"": ""Polygon"", ""coordinates"": [[[3.427842301558534, 48.99640751230825], [3.412451063314747, 48.99594884618185], [3.402974106836675, 49.003894124800425], [3.380655630433526, 49.01146636130815], [3.39283029327916, 49.03068789269162], [3.396955009936043, 49.03181629550924], [3.405328409377514, 49.03411721514369], [3.410926415790035, 49.02606843926084], [3.408838266791757, 49.02309024703025], [3.427842301558534, 48.99640751230825]]]}",3965,554,08,1,02,22
47049,47440,CASSENEUIL,LOT-ET-GARONNE,AQUITAINE,"Commune simple",74.0,1812.0,2.4,"44.4480744833, 0.62184226742","{""type"": ""Polygon"", ""coordinates"": [[[0.641124710562678, 44.421062620435194], [0.632464685964654, 44.42410993646543], [0.616753652785415, 44.43728911705219], [0.593418140229486, 44.441555103036386], [0.5990317257465, 44.44701818711764], [0.576608319838374, 44.46419754409473], [0.581365901817318, 44.46939957813753], [0.590429207105358, 44.470399611702135], [0.611936248601337, 44.465644036473336], [0.624179225047755, 44.469384948024874], [0.626236014291254, 44.46652929134635], [0.628414628887422, 44.461064464528924], [0.642179244503452, 44.4542540285462], [0.643287569044508, 44.45089148480735], [0.652886389345796, 44.449844512007225], [0.661622427120423, 44.44168176460206], [0.651121441105402, 44.42604934900597], [0.642252926353054, 44.42323917785713], [0.641124710562678, 44.421062620435194]]]}",1436,049,06,3,47,72
25110,25300,CHAFFOIS,DOUBS,FRANCHE-COMTE,"Commune simple",847.0,1633.0,0.9,"46.9171603801, 6.25633927954","{""type"": ""Polygon"", ""coordinates"": [[[6.269475320350216, 46.89059035570029], [6.244612206264406, 46.91130784623179], [6.202607236632557, 46.92920808529977], [6.218879040650778, 46.93341330352949], [6.220553611053294, 46.936349169291944], [6.27587208521673, 46.93045513589859], [6.282912328795579, 46.9259472849665], [6.290480493385653, 46.91024968694315], [6.285097289914548, 46.901292802168065], [6.287324732687861, 46.898354566828665], [6.282536614319944, 46.89311133573736], [6.269475320350216, 46.89059035570029]]]}",23233,110,20,3,25,43
30165,30340,MEJANNES-LES-ALES,GARD,LANGUEDOC-ROUSSILLON,"Commune simple",150.0,660.0,1.1,"44.10161097, 4.15129605543","{""type"": ""Polygon"", ""coordinates"": [[[4.149638339022482, 44.083985702839804], [4.146352776958947, 44.093219468717784], [4.129482515229944, 44.10848093416525], [4.13867664967587, 44.1159379636538], [4.14241578649597, 44.114233787820645], [4.148578278255443, 44.11870610367305], [4.156857771977559, 44.108024329303284], [4.165459355302281, 44.10651095971758], [4.174538428093155, 44.0997079619434], [4.163478668997549, 44.0945691599827], [4.160925611942528, 44.08574793066339], [4.149638339022482, 44.083985702839804]]]}",16806,165,41,1,30,91
31456,31230,RIOLAS,HAUTE-GARONNE,MIDI-PYRENEES,"Commune simple",310.0,290.0,0.1,"43.3508257727, 0.919273823199","{""type"": ""Polygon"", ""coordinates"": [[[0.915517768794617, 43.339335554159604], [0.908335365270086, 43.34359745523396], [0.911409668871404, 43.35675063473456], [0.914285422402849, 43.35941588146062], [0.92814803670305, 43.35839534794009], [0.932405179615818, 43.355930029629306], [0.927211615354085, 43.345688649483435], [0.919528873658774, 43.34434427723524], [0.915517768794617, 43.339335554159604]]]}",36450,456,16,2,31,73
67006,67490,ALTENHEIM,BAS-RHIN,ALSACE,"Commune simple",225.0,269.0,0.2,"48.7200663423, 7.46240989793","{""type"": ""Polygon"", ""coordinates"": [[[7.471469048835994, 48.712168760028554], [7.457307357197276, 48.712437939828895], [7.449999800532217, 48.715981121279675], [7.449051641725495, 48.718592975070365], [7.456225018810612, 48.73021638315728], [7.453744478122102, 48.73290351882788], [7.45872086033713, 48.7324923296933], [7.470229343866492, 48.72185461731342], [7.475231975752022, 48.721603864617215], [7.478544468219264, 48.71546159884599], [7.471469048835994, 48.712168760028554]]]}",17282,006,21,4,67,42
80361,80140,FRETTECUISSE,SOMME,PICARDIE,"Commune simple",124.0,525.0,0.1,"49.9234423718, 1.81014711359","{""type"": ""Polygon"", ""coordinates"": [[[1.807262016032755, 49.91186688075583], [1.7979225841228, 49.914407756154674], [1.795335448853341, 49.92026684788311], [1.78616128256308, 49.93681438981411], [1.796372562574168, 49.93586417653752], [1.813290737238071, 49.92840217688235], [1.820400528042239, 49.933286299398425], [1.835202655773833, 49.9195750019898], [1.830324624655945, 49.91628522298977], [1.823264240462955, 49.91233637862058], [1.81499985240611, 49.91534707711359], [1.807262016032755, 49.91186688075583]]]}",17415,361,32,1,80,22
27481,27130,PULLAY,EURE,HAUTE-NORMANDIE,"Commune simple",185.0,1194.0,0.4,"48.727695545, 0.864069956274","{""type"": ""Polygon"", ""coordinates"": [[[0.846004687163211, 48.70363190562543], [0.83020155251495, 48.71394482887997], [0.852675003500953, 48.73780813669495], [0.850192037903617, 48.740957540949765], [0.859912173290601, 48.74178003315688], [0.866461878738315, 48.74662091449794], [0.885346324733125, 48.74358294677363], [0.903451490561583, 48.73685743273055], [0.903993167889333, 48.73352893338643], [0.86799844139034, 48.72065469811969], [0.867540399566492, 48.717218435098886], [0.846004687163211, 48.70363190562543]]]}",26697,481,35,3,27,23
44106,44760,"LES MOUTIERS-EN-RETZ",LOIRE-ATLANTIQUE,"PAYS DE LA LOIRE","Commune simple",12.0,979.0,1.3,"47.0616219129, -1.99001867615","{""type"": ""Polygon"", ""coordinates"": [[[-1.972217950684649, 47.02858357466743], [-1.980414486742874, 47.02890649407563], [-2.003547759065341, 47.06023774042973], [-2.020004382879715, 47.06867974786267], [-2.010523985501192, 47.08173960781759], [-1.955844734133805, 47.066905924615945], [-1.971340584697028, 47.058562547186284], [-1.981276285360055, 47.05865729967148], [-1.983228999889395, 47.05550578742492], [-1.983816616891263, 47.04187642309347], [-1.972667780879388, 47.03532104424123], [-1.972217950684649, 47.02858357466743]]]}",23189,106,05,3,44,52
54036,54150,AVRIL,MEURTHE-ET-MOSELLE,LORRAINE,"Commune simple",286.0,2040.0,0.9,"49.2941688536, 5.96776937418","{""type"": ""Polygon"", ""coordinates"": [[[6.00983647486593, 49.26608356014723], [5.99232787944104, 49.27328429420767], [5.962413731359003, 49.2766854669379], [5.956190292873587, 49.281336058603785], [5.942082190382351, 49.27916212208858], [5.933854485617855, 49.287296706564824], [5.935377838530303, 49.29377249951344], [5.930419158361767, 49.29436978382695], [5.926755393539135, 49.30034178084384], [5.923082633262316, 49.30932729474626], [5.924616413197246, 49.31332907859024], [5.949911346271821, 49.31752620036584], [5.959678871860711, 49.3062136305849], [5.98522079980453, 49.30517081937581], [5.997124627334339, 49.31424036768409], [6.006184369074062, 49.307493179453274], [6.002952310758483, 49.28906915338865], [6.00044629181096, 49.27552955121996], [6.009837523745857, 49.272470806266774], [6.00983647486593, 49.26608356014723]]]}",35572,036,07,1,54,41
86234,86350,SAINT-MARTIN-L'ARS,VIENNE,POITOU-CHARENTES,"Commune simple",150.0,4177.0,0.4,"46.2123889925, 0.556851383529","{""type"": ""Polygon"", ""coordinates"": [[[0.585228252960714, 46.17086454528677], [0.581245431855255, 46.17737447410391], [0.558212840090443, 46.18464776860843], [0.543193468112212, 46.184918684848434], [0.513593975108906, 46.203789109718564], [0.522650159675766, 46.21184288929122], [0.522979898173176, 46.2186160240523], [0.513118302697387, 46.2305723324592], [0.494359348260991, 46.24192683754502], [0.499420653991503, 46.247389731792154], [0.518911381823728, 46.24942006775042], [0.557556308798875, 46.24189571562205], [0.567231718010737, 46.234832693615054], [0.577233146943025, 46.2341362331172], [0.586804388948673, 46.232294637378004], [0.591168808173186, 46.22249525724398], [0.6017075377613, 46.21539368730446], [0.604518443283847, 46.201858395215304], [0.597545385495801, 46.193107650832786], [0.606047585450172, 46.180809591376736], [0.605780838974714, 46.17414632774329], [0.592393437123606, 46.17335895053085], [0.585228252960714, 46.17086454528677]]]}",30167,234,01,2,86,54
27148,27270,"LA CHAPELLE-GAUTHIER",EURE,HAUTE-NORMANDIE,"Commune simple",195.0,1658.0,0.4,"48.9851351393, 0.463962400697","{""type"": ""Polygon"", ""coordinates"": [[[0.470663674428024, 48.966427289315575], [0.432199902420084, 48.971907548962456], [0.426760135241319, 48.98571824441871], [0.433736670272603, 49.00333054465103], [0.458234389795062, 48.99900283508851], [0.472322940551419, 49.00226938875024], [0.491144457405121, 48.99167062336528], [0.499892697159915, 48.994822153188466], [0.509716820759856, 48.993236188051384], [0.511953713852461, 48.98706597748835], [0.507133644478563, 48.98154092132346], [0.492345199705463, 48.97954122159306], [0.487429120444832, 48.973797345645714], [0.470663674428024, 48.966427289315575]]]}",32895,148,10,2,27,23
58185,58230,MOUX-EN-MORVAN,NIEVRE,BOURGOGNE,"Commune simple",577.0,4455.0,0.6,"47.1694217154, 4.13049282693","{""type"": ""Polygon"", ""coordinates"": [[[4.181888601929684, 47.150514141735115], [4.14414188812895, 47.14309607983095], [4.115067396116833, 47.14616206884513], [4.111619860852324, 47.14857224492232], [4.106977480366766, 47.1474462446783], [4.103020420347113, 47.15335450551728], [4.079662247446618, 47.16540565189879], [4.064992087089221, 47.16659496312452], [4.059190278689038, 47.161588113739384], [4.041702743432144, 47.17610761035138], [4.071311813247245, 47.18098755584659], [4.091531210938014, 47.19669019713864], [4.095423839926504, 47.19518586007366], [4.102824559056035, 47.198582042452585], [4.118050478618847, 47.19959756671923], [4.130347521488663, 47.18944811441014], [4.170530689236719, 47.18601471389351], [4.183178670482807, 47.1713900097242], [4.197943060887332, 47.16854602923972], [4.207257936355341, 47.17120447176683], [4.209484660635195, 47.168056873598054], [4.209834279044644, 47.155411683544465], [4.194293431304088, 47.148649038947475], [4.186070844891038, 47.15223613020164], [4.181888601929684, 47.150514141735115]]]}",3137,185,14,1,58,26
34059,34210,"LA CAUNETTE",HERAULT,LANGUEDOC-ROUSSILLON,"Commune simple",264.0,2166.0,0.3,"43.3674487312, 2.78721523132","{""type"": ""Polygon"", ""coordinates"": [[[2.770628098214104, 43.34027272175131], [2.761857432842509, 43.34803531829505], [2.766864076278726, 43.35670043490242], [2.759482956745515, 43.3794176098385], [2.765151852012587, 43.39263661396997], [2.777951060208598, 43.39739569756914], [2.789620627906098, 43.38772095528294], [2.807104927302329, 43.38620615601585], [2.814765451705276, 43.37839279377649], [2.819406258361521, 43.369422433296954], [2.815502858631961, 43.35610159311817], [2.79970307814975, 43.34388387228084], [2.770628098214104, 43.34027272175131]]]}",3737,059,27,1,34,91
65377,65300,REJAUMONT,HAUTES-PYRENEES,MIDI-PYRENEES,"Commune simple",508.0,683.0,0.2,"43.164905946, 0.452687259013","{""type"": ""Polygon"", ""coordinates"": [[[0.423837695220477, 43.14451946825119], [0.432536136890501, 43.16090785147865], [0.43702775456507, 43.16191464896542], [0.449564996452147, 43.176170019243436], [0.463168567973029, 43.17776876314557], [0.469110737602723, 43.18303803677958], [0.470322953660616, 43.180069660001976], [0.478495907935032, 43.17848814973037], [0.467191391504701, 43.15725480512353], [0.46127522771757, 43.16265024301518], [0.456605279116373, 43.162054229484326], [0.444116235054802, 43.15174264596146], [0.423837695220477, 43.14451946825119]]]}",22881,377,11,2,65,73
06037,06460,CAUSSOLS,ALPES-MARITIMES,"PROVENCE-ALPES-COTE D'AZUR","Commune simple",1168.0,2761.0,0.2,"43.7373447398, 6.90247233198","{""type"": ""Polygon"", ""coordinates"": [[[6.89921655929107, 43.71307958090489], [6.881564490628374, 43.714873115663146], [6.864828791334437, 43.72601874188908], [6.871942942744266, 43.73421646793332], [6.867986574769131, 43.74994326680529], [6.857763910183208, 43.76458586826229], [6.95629388726295, 43.74709338857398], [6.945022865791604, 43.741529068138554], [6.934679224276986, 43.72249683646854], [6.924174397206586, 43.7160470822096], [6.89921655929107, 43.71307958090489]]]}",23029,037,02,1,06,93
13109,13100,"LE THOLONET",BOUCHES-DU-RHONE,"PROVENCE-ALPES-COTE D'AZUR","Commune simple",230.0,1085.0,2.2,"43.5196914136, 5.50819253944","{""type"": ""Polygon"", ""coordinates"": [[[5.531688746789094, 43.505483163146], [5.504792588802013, 43.50921326573284], [5.491325151389984, 43.50723707593189], [5.47950920131956, 43.51255771436222], [5.478661524445037, 43.525017247040914], [5.487468484003867, 43.52441959157315], [5.504571303335343, 43.5291030353668], [5.50630302329369, 43.532213650854594], [5.507780066523403, 43.535438157826476], [5.525884278249759, 43.538015815485736], [5.526203846913506, 43.52840342864303], [5.531213087566021, 43.52303862256452], [5.527835681657642, 43.51713121641852], [5.533346338750129, 43.51194367661639], [5.531688746789094, 43.505483163146]]]}",3977,109,01,1,13,93
86270,86290,THOLLET,VIENNE,POITOU-CHARENTES,"Commune simple",164.0,3042.0,0.2,"46.4381388377, 1.12576757467","{""type"": ""Polygon"", ""coordinates"": [[[1.14040264341274, 46.408180134833984], [1.127300009156523, 46.412451459844064], [1.118233856598985, 46.42046285128459], [1.10282257838739, 46.413443351466], [1.087325296787841, 46.422002820054246], [1.082788031107961, 46.428069662278226], [1.073757606159657, 46.430376650973095], [1.088841426218389, 46.439340119357716], [1.106467093321157, 46.4638179574647], [1.116482641584355, 46.47122522962644], [1.135501138925842, 46.47088863618175], [1.150917042605139, 46.45029688599929], [1.168524464376932, 46.446347280092624], [1.164134708004203, 46.436621280257846], [1.167664536076407, 46.426941384521776], [1.152946275351327, 46.41344580698559], [1.14040264341274, 46.408180134833984]]]}",3124,270,26,2,86,54
02392,02420,JONCOURT,AISNE,PICARDIE,"Commune simple",131.0,739.0,0.3,"49.9601487798, 3.30407272701","{""type"": ""Polygon"", ""coordinates"": [[[3.291117467641841, 49.942300994832095], [3.285119158205678, 49.94742630740037], [3.275436269122271, 49.948499463478406], [3.277743934265629, 49.95302152142907], [3.305459062132973, 49.97330097914805], [3.315991537355858, 49.978304404010146], [3.333073432288383, 49.97692973372101], [3.317198835456355, 49.95968954750821], [3.315654334046187, 49.95311824866995], [3.300745529977094, 49.9439844365109], [3.291117467641841, 49.942300994832095]]]}",28268,392,06,3,02,22
02598,02200,PERNANT,AISNE,PICARDIE,"Commune simple",95.0,977.0,0.7,"49.3756522114, 3.23031459047","{""type"": ""Polygon"", ""coordinates"": [[[3.214672305708017, 49.350332438568074], [3.210722176774416, 49.366878809729734], [3.222915754250242, 49.38891505293836], [3.222338127157859, 49.39226883114935], [3.208391829132642, 49.39647329894737], [3.212626624258287, 49.398146769519144], [3.233480733564032, 49.39580727777905], [3.239982692707113, 49.39028460762002], [3.254227694534353, 49.386084822865705], [3.258390249155979, 49.38420637821925], [3.255617789501208, 49.37764159044468], [3.246488948758677, 49.37443361228373], [3.236907704778612, 49.36238988684047], [3.231556746426614, 49.356854156948216], [3.214672305708017, 49.350332438568074]]]}",20270,598,35,4,02,22
67333,67330,NIEDERSOULTZBACH,BAS-RHIN,ALSACE,"Commune simple",209.0,419.0,0.3,"48.8506235374, 7.4715582868","{""type"": ""Polygon"", ""coordinates"": [[[7.462307177633592, 48.83891564503973], [7.458576934088879, 48.84826072338528], [7.459774980161188, 48.858421633684486], [7.464171737188034, 48.86018514318905], [7.483305046332974, 48.862171418566255], [7.48450674096489, 48.85615423419105], [7.480693629542151, 48.854198428673186], [7.485599494911455, 48.842223206496335], [7.462307177633592, 48.83891564503973]]]}",23393,333,04,4,67,42
45079,45230,"LE CHARME",LOIRET,CENTRE,"Commune simple",183.0,1385.0,0.1,"47.8016829146, 2.99256273741","{""type"": ""Polygon"", ""coordinates"": [[[2.980450184702372, 47.7825233457139], [2.955009278185795, 47.816609059579015], [2.958170837973943, 47.82334229409411], [2.973152623622155, 47.821762669205526], [2.976322658408767, 47.81531028632351], [2.981133342830012, 47.814213145663814], [2.990953873034897, 47.815897335316876], [2.991997128109368, 47.809165319492315], [2.999679375608265, 47.805034523177596], [3.01547260047561, 47.8135386340847], [3.024344416451602, 47.81307812132759], [3.027584325789827, 47.79976617522163], [3.023798013861341, 47.78637467388898], [2.988902325287964, 47.7861245579808], [2.980450184702372, 47.7825233457139]]]}",30232,079,08,1,45,24
65126,65230,CAMPUZAN,HAUTES-PYRENEES,MIDI-PYRENEES,"Commune simple",304.0,650.0,0.2,"43.2789909949, 0.434076263991","{""type"": ""Polygon"", ""coordinates"": [[[0.43533137582956, 43.26301392490816], [0.41579452506959, 43.26367327992317], [0.42123856601837, 43.27633174565217], [0.427366255938703, 43.28559515162683], [0.427713945091582, 43.29547683704021], [0.452559915488096, 43.29341928874726], [0.447732285666213, 43.28779719438385], [0.447747193860222, 43.27799628105555], [0.43533137582956, 43.26301392490816]]]}",32971,126,08,3,65,73
35206,35230,NOYAL-CHATILLON-SUR-SEICHE,ILLE-ET-VILAINE,BRETAGNE,"Commune simple",32.0,2644.0,6.0,"48.0524815273, -1.6633106381","{""type"": ""Polygon"", ""coordinates"": [[[-1.616012062935142, 48.04208581073011], [-1.620901937828739, 48.04112758113521], [-1.633624784875115, 48.026627607569445], [-1.643277472211579, 48.02866270289471], [-1.666821267765523, 48.023313395987465], [-1.680417600640835, 48.02571173278947], [-1.690785948709269, 48.030491079170474], [-1.679086750106356, 48.04424489915367], [-1.685606289029244, 48.04894344177392], [-1.704369192956196, 48.05326084768139], [-1.699552271234318, 48.062603337474386], [-1.699553273897009, 48.08016384690205], [-1.68478474617605, 48.08079768007646], [-1.671268747329852, 48.0771882412669], [-1.659065678391081, 48.081737414105056], [-1.649607763820945, 48.07989389627373], [-1.640088868043877, 48.06585576634631], [-1.649922230458331, 48.05900428174847], [-1.647737522171164, 48.05602571552099], [-1.628838046841271, 48.059159616626985], [-1.623366675017772, 48.04656549977026], [-1.616012062935142, 48.04208581073011]]]}",13935,206,47,3,35,53
73316,73110,VILLARD-SALLET,SAVOIE,RHONE-ALPES,"Commune simple",436.0,309.0,0.2,"45.4865020097, 6.13474545432","{""type"": ""Polygon"", ""coordinates"": [[[6.134428472218413, 45.47583026229029], [6.119174178895403, 45.485888933900135], [6.131600490798582, 45.4963208340463], [6.15017508205731, 45.48989819836254], [6.150409963721986, 45.48974741453956], [6.14319424690786, 45.481109211967365], [6.134428472218413, 45.47583026229029]]]}",23495,316,22,2,73,82
74195,74270,MUSIEGES,HAUTE-SAVOIE,RHONE-ALPES,"Commune simple",437.0,295.0,0.4,"46.014191585, 5.95578712285","{""type"": ""Polygon"", ""coordinates"": [[[5.965102341056208, 46.00769663197332], [5.964386805617, 46.00449833764509], [5.959797505545531, 46.004041643031904], [5.936954706692671, 46.01408899133708], [5.948792758694752, 46.01874662229709], [5.958960943571944, 46.025266963399574], [5.962712528363158, 46.02334865098443], [5.967278387069042, 46.01758810073971], [5.965102341056208, 46.00769663197332]]]}",13409,195,15,3,74,82
25595,25430,VELLEROT-LES-BELVOIR,DOUBS,FRANCHE-COMTE,"Commune simple",636.0,602.0,0.1,"47.3476484278, 6.590540119","{""type"": ""Polygon"", ""coordinates"": [[[6.605467710121291, 47.33464723743394], [6.590295151648869, 47.33552305646779], [6.571936208143316, 47.34110884532195], [6.573858263666936, 47.350854149291976], [6.566927999285229, 47.35570811988887], [6.609886749970911, 47.359931708364016], [6.604110738261291, 47.3444399677479], [6.606689034588758, 47.334870632258806], [6.605467710121291, 47.33464723743394]]]}",25123,595,08,2,25,43
2B193,20236,OMESSA,HAUTE-CORSE,CORSE,"Commune simple",530.0,2452.0,0.6,"42.3827760667, 9.19362569461","{""type"": ""Polygon"", ""coordinates"": [[[9.229401209718924, 42.3587374713921], [9.215692948894242, 42.35889117398197], [9.205320916488182, 42.353141337053785], [9.193275870944749, 42.35796434224633], [9.184936237013368, 42.35945086944438], [9.165966890998305, 42.37114658971411], [9.160352040383088, 42.38074019558321], [9.16490470938292, 42.39415302963694], [9.189556366725819, 42.421671291179244], [9.198684089636505, 42.42122084210452], [9.197134422095607, 42.418200533652666], [9.197537765065555, 42.40835836335067], [9.206730070384955, 42.401781324419844], [9.209042450346638, 42.395497267828006], [9.202443806430207, 42.390860496649495], [9.227386888814769, 42.38238755801235], [9.226324298253358, 42.36522903324682], [9.229401209718924, 42.3587374713921]]]}",6001,193,10,3,2B,94
64528,64780,SUHESCUN,PYRENEES-ATLANTIQUES,AQUITAINE,"Commune simple",288.0,1190.0,0.2,"43.2343253939, -1.19438205249","{""type"": ""Polygon"", ""coordinates"": [[[-1.183487840054606, 43.2134436562714], [-1.190418355953202, 43.21747131039902], [-1.212154594441359, 43.21845327934385], [-1.220266175556536, 43.21585720475948], [-1.223658499321123, 43.217949383795386], [-1.212541603464842, 43.22813971222109], [-1.214843794354095, 43.24110242823419], [-1.200664592697486, 43.25416750838965], [-1.192685905866726, 43.255964074793624], [-1.181878428963258, 43.25241083682571], [-1.167724750981849, 43.23271778752402], [-1.179747327505192, 43.2230107302077], [-1.183487840054606, 43.2134436562714]]]}",28097,528,13,1,64,72
47205,47700,PINDERES,LOT-ET-GARONNE,AQUITAINE,"Commune simple",116.0,4096.0,0.2,"44.2721306877, 0.000151355744744","{""type"": ""Polygon"", ""coordinates"": [[[-0.063657077740443, 44.24146314369392], [-0.06680758687359, 44.246662806697344], [-0.05336233416185, 44.26577392093548], [-0.033608283108009, 44.27401401756084], [-0.042887710488532, 44.293205526390196], [-0.034811250980738, 44.296725798024596], [-0.001700304021312, 44.30289579607196], [0.021469671599181, 44.286861884706134], [0.046236652430755, 44.295268015668654], [0.067033265679613, 44.287457059972006], [0.06636540629036, 44.27734185120774], [0.017288770217315, 44.24691679039183], [-0.053853869203551, 44.24789762627809], [-0.058571538612346, 44.24730690906562], [-0.063657077740443, 44.24146314369392]]]}",23125,205,14,4,47,72
01156,01800,FARAMANS,AIN,RHONE-ALPES,"Commune simple",283.0,1120.0,0.7,"45.9104942091, 5.1249258559","{""type"": ""Polygon"", ""coordinates"": [[[5.112238657410743, 45.88683818594619], [5.110254746482774, 45.88993800642972], [5.1129924366378, 45.89270642060168], [5.109738131792835, 45.90913498872947], [5.097256692412361, 45.918213106161076], [5.099640370780515, 45.920817267377906], [5.108948150135737, 45.92760740219573], [5.113009912460178, 45.9261443528203], [5.128966360397563, 45.93052944390712], [5.145061489247567, 45.9138754371912], [5.153279560511705, 45.91017000962705], [5.153935918825666, 45.9028608054266], [5.139391025749528, 45.90078578276432], [5.129497696326188, 45.893180445166735], [5.112238657410743, 45.88683818594619]]]}",26290,156,19,2,01,82
54060,54940,BELLEVILLE,MEURTHE-ET-MOSELLE,LORRAINE,"Commune simple",241.0,1043.0,1.5,"48.8144707448, 6.08968796916","{""type"": ""Polygon"", ""coordinates"": [[[6.121133215519469, 48.809170435924294], [6.111022230866985, 48.80963212674562], [6.0963386005062, 48.8010219858163], [6.076204442836584, 48.79922898273875], [6.067161728028269, 48.80207161482123], [6.060247060688488, 48.80891820912323], [6.066309193855157, 48.814217014601724], [6.065741082111732, 48.8210088202429], [6.080333241476703, 48.83521409411771], [6.090299678371218, 48.83521789491727], [6.082914582983042, 48.83068342810008], [6.084679208512894, 48.82433768899021], [6.103999455251182, 48.824197531877495], [6.123046256487523, 48.81994815533935], [6.12629486509442, 48.814345865426866], [6.121133215519469, 48.809170435924294]]]}",36157,060,24,3,54,41
31026,31460,AURIAC-SUR-VENDINELLE,HAUTE-GARONNE,MIDI-PYRENEES,"Commune simple",232.0,3104.0,1.0,"43.519408834, 1.82440314638","{""type"": ""Polygon"", ""coordinates"": [[[1.816294893791368, 43.48010340776559], [1.816063449164881, 43.48054177744209], [1.80051773517671, 43.495991390799645], [1.798181986484224, 43.50248011636656], [1.790889158540046, 43.506574181276115], [1.794157186229391, 43.512846253856715], [1.787802539467332, 43.53686368453615], [1.790436929971648, 43.53980852783037], [1.802479784329561, 43.53708061335222], [1.815340103018631, 43.554030592863214], [1.824824663249825, 43.547024999084336], [1.850710687097162, 43.54919179263423], [1.864240015289034, 43.54506002419778], [1.854896381185361, 43.53285027823973], [1.854768934960905, 43.51256722096986], [1.863072353803918, 43.50406147396523], [1.858858755200411, 43.50273051913593], [1.839907429695047, 43.511986411732295], [1.838701757580133, 43.49884541059444], [1.844125268344943, 43.493450589159266], [1.841573128110338, 43.48700784869096], [1.823774801278926, 43.48412588202346], [1.816294893791368, 43.48010340776559]]]}",5255,026,08,3,31,73
51185,51310,COURGIVAUX,MARNE,CHAMPAGNE-ARDENNE,"Commune simple",177.0,1074.0,0.3,"48.7130437686, 3.49067370796","{""type"": ""Polygon"", ""coordinates"": [[[3.495744934491696, 48.69389369926967], [3.477765827303811, 48.6979247127312], [3.46701748567062, 48.70547775864769], [3.467159144285362, 48.72284556645029], [3.466736315693292, 48.72877453114721], [3.492014816605935, 48.72486836846183], [3.511428552182108, 48.72907709561843], [3.516860809668885, 48.71746883582178], [3.5196108134766, 48.7110617835973], [3.506901939441352, 48.705341943012584], [3.495744934491696, 48.69389369926967]]]}",16629,185,12,2,51,21
62469,62860,INCHY-EN-ARTOIS,PAS-DE-CALAIS,NORD-PAS-DE-CALAIS,"Commune simple",69.0,1117.0,0.6,"50.1745599898, 3.03944320203","{""type"": ""Polygon"", ""coordinates"": [[[3.026289411876115, 50.15101603556335], [3.019176496054668, 50.153711442609584], [3.021764736695285, 50.159512255587174], [3.018370220913839, 50.16584383809108], [3.022623008319123, 50.172012463131104], [3.014502909041302, 50.18421750692179], [3.036395914488077, 50.192267927247684], [3.051461186332429, 50.19281031621927], [3.061026624082862, 50.19095609587486], [3.065487654100363, 50.179414608132035], [3.062725806574364, 50.17377659597413], [3.060132015151819, 50.167860014131065], [3.040398413698202, 50.15970510843706], [3.039526997802306, 50.15362575969733], [3.026289411876115, 50.15101603556335]]]}",33412,469,35,1,62,31
59662,59670,WINNEZEELE,NORD,NORD-PAS-DE-CALAIS,"Commune simple",22.0,1573.0,1.2,"50.8503260936, 2.56373009721","{""type"": ""Polygon"", ""coordinates"": [[[2.599169889750016, 50.85328812126463], [2.574808613800373, 50.8464250338279], [2.573660638385622, 50.83647162908002], [2.561907212169046, 50.82931632430911], [2.546163525301857, 50.826774824713816], [2.532484906477431, 50.83229575220063], [2.52425330424883, 50.839809806956374], [2.530990671699968, 50.84811609232713], [2.541075238595666, 50.8564252857055], [2.540968616539289, 50.86340460191684], [2.550205175076128, 50.87194297118631], [2.560500927436289, 50.86037983279931], [2.565666631228328, 50.85968021692575], [2.578102578053332, 50.865823364910916], [2.607295092727067, 50.872593213093985], [2.611420012360789, 50.86359904994014], [2.599169889750016, 50.85328812126463]]]}",10546,662,60,4,59,31
61136,61550,COUVAINS,ORNE,BASSE-NORMANDIE,"Commune simple",236.0,1788.0,0.2,"48.8661521991, 0.55949245932","{""type"": ""Polygon"", ""coordinates"": [[[0.567590314276219, 48.836679409527925], [0.555097646753354, 48.847005863440785], [0.550264030485679, 48.846007195816696], [0.532220718661283, 48.851916628952864], [0.523583984049931, 48.8552022296123], [0.525167553237866, 48.87152060914274], [0.520879518120278, 48.88079822848292], [0.549868444093231, 48.874710145538714], [0.553791296702601, 48.876859793201994], [0.578040561129256, 48.89365593466587], [0.595643249187762, 48.88802768491835], [0.596623713219632, 48.88481740363027], [0.585984207574435, 48.87860215937598], [0.589631281221672, 48.87260252631332], [0.586235237359872, 48.86288894381357], [0.572279302671554, 48.84925432939811], [0.577014887884393, 48.84416778026702], [0.567590314276219, 48.836679409527925]]]}",23016,136,13,2,61,25
88386,88100,REMOMEIX,VOSGES,LORRAINE,"Commune simple",372.0,463.0,0.5,"48.2636489839, 7.00958545987","{""type"": ""Polygon"", ""coordinates"": [[[7.008135277425742, 48.25639822141153], [6.988216693759519, 48.257567790871306], [6.991025281497055, 48.2691756658916], [7.00398773522636, 48.272475932484355], [7.026207042260065, 48.26937865511378], [7.033768301803056, 48.25780515692573], [7.008135277425742, 48.25639822141153]]]}",30029,386,24,3,88,41
63030,63310,BAS-ET-LEZAT,PUY-DE-DOME,AUVERGNE,"Commune simple",355.0,1264.0,0.3,"46.0370937855, 3.30812552626","{""type"": ""Polygon"", ""coordinates"": [[[3.304014663023894, 46.01528011923769], [3.284205857785539, 46.02122077990908], [3.272587022738772, 46.01635961770516], [3.295912314747421, 46.0467919755695], [3.307364479354869, 46.05733335733466], [3.317011130717882, 46.059125811109496], [3.332796987609634, 46.05355152931599], [3.332054401560912, 46.04409846583775], [3.334911333113224, 46.04182080532989], [3.331531712043415, 46.03247454886085], [3.318978622895783, 46.028152148733604], [3.304014663023894, 46.01528011923769]]]}",30175,030,32,4,63,83
89482,89700,VIVIERS,YONNE,BOURGOGNE,"Commune simple",273.0,922.0,0.1,"47.8059930935, 3.92242744061","{""type"": ""Polygon"", ""coordinates"": [[[3.924744739276865, 47.78905514962023], [3.918103079761218, 47.793490790271704], [3.899793295553233, 47.796045034758066], [3.902956002967125, 47.80609256852361], [3.900144218484177, 47.81599698201724], [3.903263766891684, 47.818709195411664], [3.917574335064374, 47.819372121298386], [3.94041907072096, 47.81970413505596], [3.94439293558241, 47.807179133647516], [3.93773685307203, 47.79188617129285], [3.924744739276865, 47.78905514962023]]]}",26208,482,32,2,89,26
57365,57480,KIRSCHNAUMEN,MOSELLE,LORRAINE,"Commune simple",301.0,2002.0,0.5,"49.4036194349, 6.43416231385","{""type"": ""Polygon"", ""coordinates"": [[[6.459543760504761, 49.37277298073926], [6.441236223002547, 49.38335449142205], [6.429378310008797, 49.37808633619546], [6.426063447239294, 49.38045660301901], [6.407322588796919, 49.38504398364848], [6.406995934179552, 49.394274971343805], [6.409755102466284, 49.40784527598189], [6.401292113206197, 49.423746632790056], [6.416145845580765, 49.4245786184855], [6.426925392639451, 49.430913225491054], [6.440973297521795, 49.42769856905842], [6.449760562661318, 49.42215824569549], [6.476663997154353, 49.406372073359954], [6.466222734370439, 49.40713065121214], [6.457592307865906, 49.40323911398799], [6.459543760504761, 49.37277298073926]]]}",15490,365,31,7,57,41
01301,01310,POLLIAT,AIN,RHONE-ALPES,"Commune simple",217.0,2015.0,2.4,"46.2463108642, 5.13794412439","{""type"": ""Polygon"", ""coordinates"": [[[5.126850441371275, 46.226135930209374], [5.112652545654099, 46.23525542235776], [5.098251462866419, 46.23512559524721], [5.09560977512615, 46.235633694814155], [5.091512734462155, 46.250725361627765], [5.098344300968687, 46.25212194336681], [5.107915298677256, 46.25113433973354], [5.11970108758961, 46.26175208067782], [5.133043653903418, 46.257863550063], [5.137569964373413, 46.25903975949906], [5.135346311683155, 46.271620742755964], [5.15099067122702, 46.27537085923925], [5.157259289085045, 46.270604049421024], [5.158561309253622, 46.25783283743167], [5.16258508406319, 46.256134979101894], [5.176215881662545, 46.24163315130436], [5.178999763389032, 46.231328495856026], [5.153050619510513, 46.22733653693553], [5.140655154855987, 46.23231777025915], [5.135984608283286, 46.22672144811799], [5.126850441371275, 46.226135930209374]]]}",791,301,43,2,01,82
27003,27400,ACQUIGNY,EURE,HAUTE-NORMANDIE,"Commune simple",72.0,1789.0,1.6,"49.1648717394, 1.1765581743","{""type"": ""Polygon"", ""coordinates"": [[[1.155083903761805, 49.13298665180468], [1.135106803905358, 49.13969346095861], [1.145876860612089, 49.14171251100861], [1.17171320074394, 49.15304348776859], [1.172854794427484, 49.15915811965132], [1.152395554860477, 49.16032969644416], [1.146574769954176, 49.16587887184229], [1.131398451223349, 49.16839615801174], [1.140282491139569, 49.17497270620073], [1.154452517392036, 49.178023489906295], [1.168054823691453, 49.19018264613436], [1.191024039849343, 49.17915395300276], [1.195970044072272, 49.17893138540357], [1.202369255769778, 49.18386518206577], [1.20661105666514, 49.18220181505616], [1.217289637982472, 49.176056446541345], [1.218539408847277, 49.17242387290314], [1.214015422702265, 49.17116980414733], [1.206246472775252, 49.15274472471788], [1.190725261510704, 49.15316890232672], [1.155083903761805, 49.13298665180468]]]}",3925,003,39,1,27,23
50432,50330,RETHOVILLE,MANCHE,BASSE-NORMANDIE,"Commune simple",18.0,345.0,0.1,"49.6937858513, -1.35953807493","{""type"": ""Polygon"", ""coordinates"": [[[-1.353293842032112, 49.68170935123881], [-1.361700208322108, 49.68270393399892], [-1.361927232980764, 49.685530553747604], [-1.374015518909663, 49.68334138948306], [-1.368409252786832, 49.68915850828522], [-1.370351394023157, 49.695982117453745], [-1.365464349159249, 49.705858680577876], [-1.346797673163968, 49.70140680412049], [-1.353293842032112, 49.68170935123881]]]}",31867,432,38,2,50,25
30103,30390,DOMAZAN,GARD,LANGUEDOC-ROUSSILLON,"Commune simple",115.0,1137.0,0.9,"43.9372823194, 4.6563619676","{""type"": ""Polygon"", ""coordinates"": [[[4.646836237949015, 43.91364291678591], [4.63497940558605, 43.916152422681364], [4.632240204758655, 43.92138720396235], [4.646041186722192, 43.93572650341683], [4.647340398124507, 43.95656359590178], [4.65413072466262, 43.96555273343675], [4.662601214683638, 43.96497413867223], [4.67288291235084, 43.95094563415609], [4.669006134964443, 43.93853765263341], [4.67941682115817, 43.92741418628869], [4.646836237949015, 43.91364291678591]]]}",15937,103,06,2,30,91
25196,25230,DASLE,DOUBS,FRANCHE-COMTE,"Commune simple",403.0,559.0,1.4,"47.4824687942, 6.89668230526","{""type"": ""Polygon"", ""coordinates"": [[[6.880225135820107, 47.46809994559878], [6.879126316441174, 47.46999317960018], [6.884562405655976, 47.4813389490563], [6.882133502418345, 47.4903694519026], [6.884239125442582, 47.493363471496515], [6.897740093615944, 47.496517246862275], [6.907610516832746, 47.4945550707768], [6.915711209669506, 47.47824020650935], [6.907343809874688, 47.47288848335796], [6.880225135820107, 47.46809994559878]]]}",8774,196,03,2,25,43
28260,28800,MONTHARVILLE,EURE-ET-LOIR,CENTRE,"Commune simple",170.0,646.0,0.1,"48.1768570171, 1.32504860803","{""type"": ""Polygon"", ""coordinates"": [[[1.348363201918455, 48.166250928542965], [1.32078383655643, 48.170460813326635], [1.31182676896766, 48.168236000317314], [1.303139790192153, 48.17102748211163], [1.298682829169501, 48.180737489046976], [1.299098755802346, 48.18411852472981], [1.30872091115057, 48.18623677670246], [1.317732105202411, 48.18305349944282], [1.335017979583307, 48.189697550753316], [1.333748775138876, 48.186412648787616], [1.352148493863779, 48.175582898881714], [1.348363201918455, 48.166250928542965]]]}",16572,260,04,2,28,24
28425,28320,YMERAY,EURE-ET-LOIR,CENTRE,"Commune simple",138.0,685.0,0.6,"48.5089746618, 1.7030629617","{""type"": ""Polygon"", ""coordinates"": [[[1.722972162064876, 48.50187945899832], [1.713240999701885, 48.501756470404594], [1.700741224623814, 48.496986907286946], [1.691612941372075, 48.49932495446375], [1.681982079754041, 48.49792290453219], [1.678761589545831, 48.510231217072736], [1.69001935110956, 48.51977576579217], [1.693914956300563, 48.517794311351764], [1.717929282423924, 48.51932436631059], [1.727430886099384, 48.51732119521267], [1.728756033957558, 48.51405148277121], [1.722972162064876, 48.50187945899832]]]}",32778,425,18,1,28,24
08067,08110,BLAGNY,ARDENNES,CHAMPAGNE-ARDENNE,"Commune simple",194.0,737.0,1.2,"49.6239121874, 5.19807738578","{""type"": ""Polygon"", ""coordinates"": [[[5.205065506001981, 49.60931828671332], [5.185691780846362, 49.60852670462614], [5.17490439585236, 49.6193640758714], [5.176629476488502, 49.62577871533351], [5.183915908016551, 49.630502342951964], [5.210875510171738, 49.63980453152258], [5.224279932904309, 49.64055783288685], [5.217119974317431, 49.636319715774164], [5.222785886451673, 49.6316405220352], [5.215069902625673, 49.62731354831103], [5.205065506001981, 49.60931828671332]]]}",16692,067,04,3,08,21
57199,57330,ESCHERANGE,MOSELLE,LORRAINE,"Commune simple",384.0,1305.0,0.6,"49.4169735728, 6.06735044599","{""type"": ""Polygon"", ""coordinates"": [[[6.078147368773015, 49.397354416746914], [6.059525994935882, 49.40243250400905], [6.04562571688284, 49.39882553130897], [6.039621185587977, 49.41151563736886], [6.044362472870566, 49.412430819203045], [6.04405645521776, 49.4156497118402], [6.033882780369022, 49.42221966882416], [6.03911193007333, 49.42764721848981], [6.070095096472659, 49.43267574879413], [6.096610962600145, 49.4332684107537], [6.095587742991196, 49.42244658727574], [6.093618616586799, 49.41377169485977], [6.078147368773015, 49.397354416746914]]]}",36298,199,05,7,57,41
15112,15230,MALBO,CANTAL,AUVERGNE,"Commune simple",1210.0,2937.0,0.1,"44.9805509198, 2.752942179","{""type"": ""Polygon"", ""coordinates"": [[[2.737675148335875, 44.940365473769056], [2.729621029299377, 44.94386660494392], [2.734018870601803, 44.96019186874666], [2.731165588024278, 44.97340245927926], [2.725584272114027, 44.97861099989534], [2.719565717153187, 44.994928829047666], [2.738825434820819, 45.01457698466616], [2.737168996078548, 45.021316962734105], [2.741859448168404, 45.0310611082878], [2.744710613632386, 45.021190449265646], [2.765843302920209, 45.007208947025795], [2.772518058415319, 44.99815597178492], [2.782453628313072, 44.97874574243413], [2.790895086366722, 44.97047851295532], [2.780604370719896, 44.95857382172683], [2.778538193417713, 44.94872872397231], [2.770171309172812, 44.945344381113024], [2.761236507657058, 44.94754945479852], [2.755310364540434, 44.96036680218304], [2.738254293313791, 44.941222184736716], [2.737675148335875, 44.940365473769056]]]}",5880,112,13,3,15,83
21210,21320,CREANCEY,COTE-D'OR,BOURGOGNE,"Commune simple",449.0,1678.0,0.5,"47.2528641586, 4.59321134854","{""type"": ""Polygon"", ""coordinates"": [[[4.59791468178924, 47.22809032238497], [4.569061724699043, 47.239082715125406], [4.559408020368661, 47.239465097434866], [4.559807680423433, 47.240936437846784], [4.584516654458055, 47.283471065102404], [4.592965433651381, 47.28101425750419], [4.602609399540961, 47.27030134002412], [4.61318846818727, 47.25914230504665], [4.629808041176683, 47.2515262554048], [4.630528517792376, 47.24824749244058], [4.622687705713882, 47.239515068268254], [4.609051940670223, 47.239371966439165], [4.59791468178924, 47.22809032238497]]]}",23118,210,26,1,21,26
08161,08250,EXERMONT,ARDENNES,CHAMPAGNE-ARDENNE,"Commune simple",189.0,1824.0,0.0,"49.2945448996, 5.02222022722","{""type"": ""Polygon"", ""coordinates"": [[[5.011029418819329, 49.269287157290684], [5.011201021907216, 49.275812858855666], [4.99295479326442, 49.28094453633689], [4.998052465795891, 49.289070258847495], [4.992008426273855, 49.292758087883925], [4.994415796269223, 49.29920174049463], [4.987433511235081, 49.303201515341115], [5.006009805926952, 49.30811873625634], [5.009309057321387, 49.3211563891175], [5.025878535205169, 49.32589715514929], [5.029392103449783, 49.326035995797774], [5.038138641314545, 49.31620418874252], [5.030346413271668, 49.311479677860866], [5.030793919262402, 49.30817200790028], [5.041740786668386, 49.29669303010216], [5.056636524769054, 49.29336474164514], [5.059406988842714, 49.28974749085248], [5.049708962630138, 49.28336604870636], [5.051180998120572, 49.27405171210352], [5.036006620199825, 49.271224276781034], [5.02581205684234, 49.2730415251436], [5.011029418819329, 49.269287157290684]]]}",3092,161,12,4,08,21
47154,47360,LUSIGNAN-PETIT,LOT-ET-GARONNE,AQUITAINE,"Commune simple",129.0,730.0,0.4,"44.2620019955, 0.517409737452","{""type"": ""Polygon"", ""coordinates"": [[[0.538708919749745, 44.25957969826393], [0.511586449726625, 44.2465588633796], [0.495658238976635, 44.25858854811169], [0.490959079137938, 44.25858937123309], [0.4846527555586, 44.266009951033915], [0.488303524212436, 44.267057100794496], [0.505818307342518, 44.264916567060425], [0.524866779934969, 44.274695265138], [0.533889369803776, 44.275321423315404], [0.541938386438693, 44.27238586433875], [0.538708919749745, 44.25957969826393]]]}",1291,154,28,1,47,72
32402,32190,SAINT-PAUL-DE-BAISE,GERS,MIDI-PYRENEES,"Commune simple",140.0,1015.0,0.1,"43.7805362747, 0.372419299589","{""type"": ""Polygon"", ""coordinates"": [[[0.38201018492711, 43.760697373591036], [0.366643444072059, 43.76177647381281], [0.355985014660561, 43.76848707973651], [0.352768125615036, 43.77463951932664], [0.353940283667571, 43.780727524143366], [0.350663372053625, 43.78279078578094], [0.367863415013649, 43.798982305683005], [0.381634409511181, 43.80066461111209], [0.389889609162359, 43.797378189202085], [0.386577521098641, 43.7662272055476], [0.38201018492711, 43.760697373591036]]]}",34628,402,28,2,32,73
21364,21450,MAGNY-LAMBERT,COTE-D'OR,BOURGOGNE,"Commune simple",377.0,1288.0,0.1,"47.6788317802, 4.58658221612","{""type"": ""Polygon"", ""coordinates"": [[[4.57201994256932, 47.65679075598177], [4.573600128541682, 47.66247717777074], [4.56958016409386, 47.675765074183175], [4.560042458491781, 47.683724953734426], [4.55479105992077, 47.700224410365784], [4.560196752860364, 47.700386486070975], [4.589382437106768, 47.69480805025986], [4.597939725187389, 47.691135421302405], [4.604308624931321, 47.67857959145437], [4.608957715251667, 47.67714729450312], [4.612419974608883, 47.679674353482234], [4.621277051000481, 47.676346901686124], [4.622384053533276, 47.67110997102453], [4.614777721651024, 47.66332891135924], [4.605510837719518, 47.663609628371965], [4.599419712153428, 47.659137771255295], [4.595101314485242, 47.66088930486003], [4.58203820161904, 47.66301145023145], [4.57201994256932, 47.65679075598177]]]}",9823,364,04,3,21,26
27378,27320,"LA MADELEINE-DE-NONANCOURT",EURE,HAUTE-NORMANDIE,"Commune simple",140.0,2255.0,1.2,"48.7901504026, 1.21800401971","{""type"": ""Polygon"", ""coordinates"": [[[1.222613145033407, 48.767298394078296], [1.207517416269349, 48.76858414851389], [1.173387266545111, 48.78951406258683], [1.177103627206053, 48.79537331667804], [1.174402606539439, 48.801350460185304], [1.201223675994488, 48.810222344459184], [1.206389958177219, 48.81524771221338], [1.219530562387944, 48.810982207982825], [1.232230601875391, 48.80116729450582], [1.237831469191809, 48.806692511270015], [1.252303537488654, 48.80603240375054], [1.255181916253318, 48.796934676689716], [1.262748159628963, 48.79339258347249], [1.259931020312601, 48.790904705992716], [1.258586070631238, 48.78184417401977], [1.242166500244809, 48.775459391791216], [1.24602221220588, 48.7696776023494], [1.222613145033407, 48.767298394078296]]]}",4869,378,25,3,27,23
50029,50720,BARENTON,MANCHE,BASSE-NORMANDIE,"Chef-lieu canton",154.0,3551.0,1.3,"48.6083533868, -0.830642245682","{""type"": ""Polygon"", ""coordinates"": [[[-0.793232710723345, 48.58569375505962], [-0.810826156548082, 48.5728473372523], [-0.826709525803577, 48.572364196413105], [-0.836517312474382, 48.5749030229674], [-0.856175275796, 48.591018354441594], [-0.877150350104393, 48.59211964772887], [-0.880251181814234, 48.594207011775374], [-0.897062670190635, 48.59151389908138], [-0.892695777982533, 48.59760098082812], [-0.867290507213127, 48.610263490361895], [-0.865474994223031, 48.62374121298796], [-0.85173609916448, 48.62902271368654], [-0.849567316622312, 48.63591916110804], [-0.842489454235963, 48.64444194766707], [-0.825139299955351, 48.63836359867029], [-0.80499408035529, 48.63974760459755], [-0.799043665546446, 48.6451877207196], [-0.794892872128809, 48.64341997610623], [-0.789480433427048, 48.623114277963815], [-0.791567857367917, 48.61274557084709], [-0.803224420566749, 48.597667422254936], [-0.793232710723345, 48.58569375505962]]]}",4352,029,02,1,50,25
21087,21360,BLIGNY-SUR-OUCHE,COTE-D'OR,BOURGOGNE,"Chef-lieu canton",462.0,2805.0,0.9,"47.1150954708, 4.68344440559","{""type"": ""Polygon"", ""coordinates"": [[[4.649096642191975, 47.08879757874504], [4.646506123312578, 47.10586306385583], [4.653003802845595, 47.11130845647198], [4.654268518928604, 47.11813418520953], [4.645718776716958, 47.1267298333935], [4.647367367869268, 47.133613165132736], [4.643192816348384, 47.13994895999943], [4.665296692226796, 47.14587337730848], [4.683262240335882, 47.14044457779166], [4.691866391303386, 47.13243968070174], [4.71522272478003, 47.12788136180303], [4.719550895942221, 47.12954609083395], [4.721816472716619, 47.126531691458], [4.724274122235272, 47.09612955274605], [4.723741151082535, 47.08977078437499], [4.710686600522996, 47.08848785370902], [4.67456307701004, 47.097499637484205], [4.649096642191975, 47.08879757874504]]]}",8855,087,07,1,21,26
25195,25410,DANNEMARIE-SUR-CRETE,DOUBS,FRANCHE-COMTE,"Commune simple",270.0,409.0,1.3,"47.2062426754, 5.86495393288","{""type"": ""Polygon"", ""coordinates"": [[[5.851499122623905, 47.193839323677246], [5.850788682597227, 47.20013583729761], [5.860165119552339, 47.21812910654539], [5.866528717147182, 47.22092664634452], [5.871785698647892, 47.21240038459552], [5.885397901312086, 47.20367496100588], [5.881426716092685, 47.20258467804224], [5.867764518936344, 47.19872574118513], [5.851499122623905, 47.193839323677246]]]}",30903,195,02,1,25,43
67373,67320,PFALZWEYER,BAS-RHIN,ALSACE,"Commune simple",298.0,227.0,0.3,"48.8087234106, 7.25966087365","{""type"": ""Polygon"", ""coordinates"": [[[7.260850894467938, 48.79755126808185], [7.257743049725956, 48.8040659228733], [7.245235072674443, 48.81003226572454], [7.250463058398024, 48.8149440704942], [7.262889813131729, 48.818644288411086], [7.261064768429791, 48.815674165532826], [7.26885882790132, 48.8119282932579], [7.270145805443708, 48.80250623914096], [7.260850894467938, 48.79755126808185]]]}",20323,373,17,4,67,42
76516,76270,QUIEVRECOURT,SEINE-MARITIME,HAUTE-NORMANDIE,"Commune simple",103.0,402.0,0.4,"49.725385425, 1.41857602963","{""type"": ""Polygon"", ""coordinates"": [[[1.428804885768789, 49.71044576797954], [1.40083322885088, 49.72390362016755], [1.410638723028759, 49.734465740381424], [1.419676789496659, 49.740370807101215], [1.427535663259571, 49.73642846770848], [1.42464903404687, 49.72750321557904], [1.433447377472792, 49.71951053503755], [1.428804885768789, 49.71044576797954]]]}",23317,516,38,1,76,23
38450,38210,SAINT-QUENTIN-SUR-ISERE,ISERE,RHONE-ALPES,"Commune simple",273.0,1960.0,1.3,"45.277528088, 5.54771829456","{""type"": ""Polygon"", ""coordinates"": [[[5.531148751824916, 45.24407640492519], [5.517874146028337, 45.246069987752534], [5.50856109224729, 45.2525135654203], [5.497808025158919, 45.25846600731515], [5.502260205379747, 45.2635915429858], [5.514472054909502, 45.258578826342436], [5.518735828461618, 45.26458184211454], [5.518238766138876, 45.27447581345484], [5.5363613832703, 45.29615620210088], [5.540865299160235, 45.29779271370214], [5.580490089584994, 45.29729089411787], [5.598072317353507, 45.303415548158895], [5.610772221044471, 45.299543141877955], [5.615664792930096, 45.294176395809124], [5.603718961484585, 45.29940124722873], [5.595642933345073, 45.28744451342162], [5.587250133523068, 45.28398128423089], [5.572517358705681, 45.28386174533105], [5.552073590450524, 45.27412297080522], [5.531148751824916, 45.24407640492519]]]}",9795,450,35,1,38,82
54110,54420,CERVILLE,MEURTHE-ET-MOSELLE,LORRAINE,"Commune simple",250.0,810.0,0.6,"48.6953044901, 6.31206321567","{""type"": ""Polygon"", ""coordinates"": [[[6.320119764542874, 48.68261180045228], [6.305413906214817, 48.68332665743854], [6.299175311779414, 48.68852286097143], [6.289568790535242, 48.686681825357326], [6.284241349228347, 48.695804028833614], [6.285750897163665, 48.69840009284391], [6.293221373137215, 48.7023530115266], [6.295915007424637, 48.70840010323633], [6.300693495579986, 48.7084659746121], [6.308880888870772, 48.70458412500764], [6.328861172560007, 48.70671967209258], [6.337531083327039, 48.698717181921445], [6.33661042082621, 48.68920027703243], [6.320119764542874, 48.68261180045228]]]}",30287,110,40,3,54,41
36237,36600,VICQ-SUR-NAHON,INDRE,CENTRE,"Commune simple",152.0,4926.0,0.8,"47.1002749222, 1.55803357778","{""type"": ""Polygon"", ""coordinates"": [[[1.61142124552704, 47.065431864969874], [1.610441549946509, 47.062025355005545], [1.601117583681603, 47.06028300812705], [1.593268038935958, 47.069228348953075], [1.570981788251219, 47.08316421794521], [1.554330379424654, 47.07535722000288], [1.545668862100307, 47.083730957067814], [1.507811234310934, 47.09550386765825], [1.502610671749905, 47.095220515238736], [1.479272756673555, 47.081156563078686], [1.470194139710109, 47.08240549253097], [1.46588256004626, 47.09494609476075], [1.485647111597127, 47.12174357305078], [1.51640512795094, 47.11095841965115], [1.551323994476428, 47.11367925934696], [1.556749730349268, 47.11941995420692], [1.557040827481275, 47.13318247314763], [1.57104286077869, 47.13608460585321], [1.601544389280709, 47.11956500835855], [1.610493301067826, 47.11680944990876], [1.614452079786265, 47.11880189512764], [1.623022164139945, 47.11586975363025], [1.630150856299269, 47.10733718698831], [1.615829714843601, 47.08930177366461], [1.61142124552704, 47.065431864969874]]]}",15456,237,22,2,36,24
38444,38350,SAINT-PIERRE-DE-MEAROZ,ISERE,RHONE-ALPES,"Commune simple",676.0,464.0,0.1,"44.8743730954, 5.8195714854","{""type"": ""Polygon"", ""coordinates"": [[[5.838516421259293, 44.85649126219516], [5.80609377392435, 44.87580250012016], [5.795248235440884, 44.88089598091519], [5.808739005287509, 44.888150180683596], [5.828745342393238, 44.877750154977], [5.836973935230336, 44.868828251700364], [5.838516421259293, 44.85649126219516]]]}",21771,444,06,1,38,82
70146,70170,CHAUX-LES-PORT,HAUTE-SAONE,FRANCHE-COMTE,"Commune simple",233.0,421.0,0.1,"47.7164049737, 6.0457583117","{""type"": ""Polygon"", ""coordinates"": [[[6.055660845066268, 47.7124855573768], [6.053312217292263, 47.70597152168943], [6.044401105381302, 47.70298825469189], [6.033823750440287, 47.70962234939778], [6.028896737327942, 47.71896448281986], [6.030688568926436, 47.72183640338615], [6.043988769797534, 47.72356268444894], [6.051491684476244, 47.731032374429894], [6.061332654758842, 47.722929877907056], [6.055660845066268, 47.7124855573768]]]}",19532,146,20,2,70,43
76464,76520,"LA NEUVILLE-CHANT-D'OISEL",SEINE-MARITIME,HAUTE-NORMANDIE,"Commune simple",146.0,2215.0,2.0,"49.3692279184, 1.2498939606","{""type"": ""Polygon"", ""coordinates"": [[[1.272227865150701, 49.354247585950716], [1.27215523363329, 49.34737741604962], [1.246099138960328, 49.34752352702619], [1.212223441862967, 49.349724454830536], [1.20957100884425, 49.35239152708229], [1.217425890630339, 49.378788354819115], [1.231699522377028, 49.38218068683648], [1.242718959056848, 49.39341789915757], [1.231282697587939, 49.39954468036058], [1.236074922959402, 49.401205994034875], [1.25642398994111, 49.39668203771187], [1.250336986037495, 49.3877113648379], [1.286130317509989, 49.38692924058177], [1.289195574193477, 49.375491546067025], [1.286238662514019, 49.36296145140032], [1.272227865150701, 49.354247585950716]]]}",10800,464,07,3,76,23
62869,62217,WAILLY,PAS-DE-CALAIS,NORD-PAS-DE-CALAIS,"Commune simple",91.0,978.0,1.0,"50.249116803, 2.72419041642","{""type"": ""Polygon"", ""coordinates"": [[[2.721245342678535, 50.23184503968092], [2.713310992432302, 50.243697506844924], [2.68744776761707, 50.25302684189094], [2.684622099452765, 50.254752615964854], [2.693625869534007, 50.25962406502559], [2.718047264629555, 50.260652128266585], [2.731204097534468, 50.26506330892656], [2.743556904900379, 50.259953638609204], [2.742834366330682, 50.25329861777137], [2.75514592016511, 50.238507985736526], [2.738582697834556, 50.23320304947864], [2.726035564877244, 50.23393901346209], [2.721245342678535, 50.23184503968092]]]}",11144,869,04,1,62,31
25622,25170,VILLERS-BUZON,DOUBS,FRANCHE-COMTE,"Commune simple",256.0,318.0,0.3,"47.228690115, 5.85222262162","{""type"": ""Polygon"", ""coordinates"": [[[5.860165119552339, 47.21812910654539], [5.859043336440511, 47.220904418373465], [5.842762627856672, 47.220341143426616], [5.840166272972325, 47.22626035045924], [5.846047348020882, 47.241430470985975], [5.849935654045068, 47.24316364238803], [5.855697735365666, 47.23359890767561], [5.864838177161533, 47.2306436947442], [5.864710511752038, 47.222539118171284], [5.866528717147182, 47.22092664634452], [5.860165119552339, 47.21812910654539]]]}",26549,622,02,1,25,43
85239,85220,SAINT-MAIXENT-SUR-VIE,VENDEE,"PAYS DE LA LOIRE","Commune simple",22.0,1074.0,0.9,"46.7329496925, -1.82595152879","{""type"": ""Polygon"", ""coordinates"": [[[-1.798842483057198, 46.72527502974149], [-1.80830325523304, 46.72737752588369], [-1.834968869334157, 46.71849840056665], [-1.853843701647021, 46.72069600098432], [-1.859311356686089, 46.73545759526914], [-1.818162776397404, 46.74621423251196], [-1.798829857208365, 46.74796265332055], [-1.799053224546683, 46.7409983522447], [-1.793687230004514, 46.735070602703836], [-1.798842483057198, 46.72527502974149]]]}",34163,239,26,3,85,52
08222,08170,HAYBES,ARDENNES,CHAMPAGNE-ARDENNE,"Commune simple",307.0,2833.0,2.1,"49.9928060436, 4.73512767453","{""type"": ""Polygon"", ""coordinates"": [[[4.750842453464814, 49.95171770711835], [4.746289221613356, 49.95253749897869], [4.709928331051805, 49.97818984549437], [4.713441481860292, 49.99481566654724], [4.708791284294254, 49.996614593142176], [4.698832604817727, 49.9943004456621], [4.694599379274173, 49.99649733190781], [4.686140636620153, 50.00494234973974], [4.688542370848768, 50.011368787683296], [4.697388034752245, 50.01492100822266], [4.722632077727387, 50.0122957145569], [4.727018029787497, 50.0141835103058], [4.731782138614054, 50.02020744113947], [4.723209548371472, 50.028521644577914], [4.72576494045821, 50.03149528614905], [4.7278094622531, 50.03625486604028], [4.740287752467284, 50.02998726993298], [4.74208978745343, 50.023151829892655], [4.750188912221947, 50.01861627405691], [4.757814009572988, 50.0137185882974], [4.769423397536347, 49.994352058195524], [4.763575722028235, 49.96716835106735], [4.750842453464814, 49.95171770711835]]]}",11758,222,10,1,08,21
94054,94310,ORLY,VAL-DE-MARNE,ILE-DE-FRANCE,"Chef-lieu canton",66.0,667.0,20.9,"48.7429320073, 2.39468296999","{""type"": ""Polygon"", ""coordinates"": [[[2.370437363052879, 48.72786483659373], [2.369347417928475, 48.74607283234519], [2.391721493635619, 48.751792383343265], [2.4060932694237, 48.75107322983725], [2.427516640978466, 48.75100697004414], [2.43681531988633, 48.74515092792044], [2.40717699760607, 48.741877408183655], [2.399447150966638, 48.73762040316854], [2.38943627724155, 48.73667917335101], [2.380199999484634, 48.728932311548164], [2.370437363052879, 48.72786483659373]]]}",9017,054,20,1,94,11
38010,38460,ANNOISIN-CHATELANS,ISERE,RHONE-ALPES,"Commune simple",398.0,1325.0,0.6,"45.7607896686, 5.29198081726","{""type"": ""Polygon"", ""coordinates"": [[[5.295726776722553, 45.74166162258702], [5.282752537398551, 45.74433938112331], [5.271374451463524, 45.738920779403934], [5.257946766863483, 45.740902139722785], [5.275791763161791, 45.76496570841561], [5.289225982926948, 45.773576394797125], [5.288975910500866, 45.77996862176251], [5.297452561040306, 45.79030047722067], [5.305834953850215, 45.78935474732442], [5.311619304801325, 45.77372332084605], [5.319470311245547, 45.76693170606247], [5.312739400380776, 45.762655631461236], [5.307171400289779, 45.74397746587736], [5.295726776722553, 45.74166162258702]]]}",19796,010,08,2,38,82
64115,64130,BERROGAIN-LARUNS,PYRENEES-ATLANTIQUES,AQUITAINE,"Commune simple",187.0,274.0,0.1,"43.2501740565, -0.862735447746","{""type"": ""Polygon"", ""coordinates"": [[[-0.872973083407746, 43.24241144088678], [-0.874586035803418, 43.25248544445399], [-0.865459446289684, 43.25952223595161], [-0.847690666888945, 43.25103388698099], [-0.851390754052075, 43.24537223889974], [-0.872973083407746, 43.24241144088678]]]}",31455,115,20,2,64,72
51580,51380,TREPAIL,MARNE,CHAMPAGNE-ARDENNE,"Commune simple",206.0,837.0,0.4,"49.1092248705, 4.18205770202","{""type"": ""Polygon"", ""coordinates"": [[[4.199880620184276, 49.09115186036055], [4.177245486573465, 49.09648321090033], [4.158805410215508, 49.112020823298224], [4.15400277067474, 49.12148158722216], [4.170649895580058, 49.12701263105206], [4.184554097555712, 49.117300088272586], [4.209160081755921, 49.113890048091626], [4.204025409320788, 49.10336682163297], [4.199880620184276, 49.09115186036055]]]}",35382,580,30,3,51,21
51296,51320,HUMBAUVILLE,MARNE,CHAMPAGNE-ARDENNE,"Commune simple",161.0,1693.0,0.1,"48.6578881242, 4.39725171693","{""type"": ""Polygon"", ""coordinates"": [[[4.329321058592316, 48.63629228036767], [4.324885646007884, 48.64177537861172], [4.349460115385694, 48.648246694718054], [4.363756725930428, 48.658681374016346], [4.381918210943795, 48.666100868070885], [4.392569674030342, 48.666750567522676], [4.410063942143787, 48.674857296833224], [4.4358065034256, 48.67936295685763], [4.439977034455085, 48.67196282661276], [4.452373068000557, 48.66003638913508], [4.419329993806191, 48.64990888203843], [4.409453306237971, 48.652203209032784], [4.384572869290086, 48.64735806114188], [4.382167871021197, 48.64060281487039], [4.347414397369863, 48.642089478394375], [4.329321058592316, 48.63629228036767]]]}",20877,296,26,4,51,21
80656,80710,QUEVAUVILLERS,SOMME,PICARDIE,"Commune simple",135.0,899.0,1.1,"49.8160241079, 2.07414071451","{""type"": ""Polygon"", ""coordinates"": [[[2.078355275529439, 49.794638600426474], [2.06657819867985, 49.788942396803705], [2.059278868940072, 49.7934327359639], [2.049352929659974, 49.79205294797885], [2.06481236766028, 49.80050152418434], [2.060740083971865, 49.81286035498319], [2.05273401118021, 49.81631151463448], [2.054163023574799, 49.81937741234125], [2.072398701289636, 49.837585421865825], [2.095426183342836, 49.82921393760268], [2.101839136139407, 49.81995324050995], [2.087187561998888, 49.81613384963077], [2.075508084305536, 49.80471609558031], [2.078355275529439, 49.794638600426474]]]}",21238,656,26,2,80,22
03253,03290,SAINT-POURCAIN-SUR-BESBRE,ALLIER,AUVERGNE,"Commune simple",253.0,3331.0,0.4,"46.4817772858, 3.64933142149","{""type"": ""Polygon"", ""coordinates"": [[[3.69126667375941, 46.464403328960046], [3.681935691854561, 46.46541391356889], [3.673029898378288, 46.45760545141664], [3.652871858062019, 46.46625002119443], [3.632506877140172, 46.45759383945275], [3.620961243067079, 46.46321315534892], [3.606865781235612, 46.46359504894599], [3.591146916040622, 46.471718734667846], [3.587278681636706, 46.47801501316036], [3.60317932731878, 46.48611756000621], [3.606938612930042, 46.4924010090325], [3.62385282571661, 46.49956782206775], [3.617867966812619, 46.50881219594497], [3.62200782579023, 46.51501204347168], [3.641941437038931, 46.51527109770142], [3.645243854104518, 46.50555436370752], [3.637720621365415, 46.496771870840945], [3.641975998658654, 46.4949470966536], [3.69161592615423, 46.49195613788779], [3.710236460140906, 46.49611929123459], [3.720409737790842, 46.48645643448538], [3.708741121980678, 46.48038804182438], [3.69126667375941, 46.464403328960046]]]}",60,253,07,2,03,83
11061,11240,CAMBIEURE,AUDE,LANGUEDOC-ROUSSILLON,"Commune simple",213.0,336.0,0.2,"43.1266480601, 2.12787543715","{""type"": ""Polygon"", ""coordinates"": [[[2.140850003976963, 43.119138894610685], [2.125261707584795, 43.12362791239602], [2.108221447451231, 43.12177024813534], [2.110640897388514, 43.13212547816516], [2.118999660624053, 43.130035307013735], [2.130839577739855, 43.133243683063306], [2.143519869561995, 43.13038581498305], [2.145353441785613, 43.12431978247958], [2.140850003976963, 43.119138894610685]]]}",27504,061,01,2,11,91
72054,72470,CHAMPAGNE,SARTHE,"PAYS DE LA LOIRE","Commune simple",68.0,1396.0,3.7,"48.0162619913, 0.333986746648","{""type"": ""Polygon"", ""coordinates"": [[[0.354587640236982, 47.991902867082885], [0.341065316467122, 47.99539767026576], [0.326668832804008, 48.00448073657341], [0.30733356517096, 48.00634477774413], [0.311940898959728, 48.0117986990526], [0.308089428016395, 48.02157027325579], [0.311810108492287, 48.02785922347524], [0.310249840030475, 48.03796223307759], [0.31522571881307, 48.03832795962289], [0.343670066379354, 48.03709153427791], [0.343198697006883, 48.03016581422522], [0.36421833923465, 48.00269899500436], [0.354587640236982, 47.991902867082885]]]}",27693,054,24,2,72,52
63180,63350,JOZE,PUY-DE-DOME,AUVERGNE,"Commune simple",311.0,1933.0,1.1,"45.8682468414, 3.30362665352","{""type"": ""Polygon"", ""coordinates"": [[[3.306996199801178, 45.84083637742567], [3.302715455239756, 45.84258589014932], [3.268756998740201, 45.85146062440903], [3.270539210475186, 45.86539606830843], [3.28378433279319, 45.876871952890845], [3.28538890582563, 45.88300030636886], [3.304876657691118, 45.88395799502592], [3.309734094124114, 45.89709208381173], [3.339510325542644, 45.89030688576827], [3.341218929606941, 45.889257161783156], [3.342371855294144, 45.8859488384642], [3.325485374291433, 45.87373390063352], [3.317738797795379, 45.84710116216614], [3.306996199801178, 45.84083637742567]]]}",26285,180,24,5,63,83
72005,72610,ANCINNES,SARTHE,"PAYS DE LA LOIRE","Commune simple",160.0,2735.0,0.9,"48.3603390007, 0.173826931122","{""type"": ""Polygon"", ""coordinates"": [[[0.16889887768381, 48.327864800603066], [0.127328825275307, 48.339017234146866], [0.128902649032187, 48.34457422320282], [0.137591245813235, 48.3432451012988], [0.129786670204539, 48.350402534694375], [0.133922177885327, 48.36424101958738], [0.138100016246868, 48.36964465723741], [0.153698133035948, 48.3762773100634], [0.181266179330869, 48.38028533960313], [0.201374493964792, 48.395273788912796], [0.225447491574853, 48.36995821373074], [0.221293666752471, 48.36802436296795], [0.222523570632123, 48.358294574987994], [0.222130698440088, 48.358060299221215], [0.20839177082011, 48.36240955248422], [0.203607286239539, 48.361180377275375], [0.200260405118072, 48.35477251449658], [0.193664458694491, 48.345991872129964], [0.179550779527957, 48.34298270557185], [0.16889887768381, 48.327864800603066]]]}",1513,005,29,2,72,52
62362,62127,FREVILLERS,PAS-DE-CALAIS,NORD-PAS-DE-CALAIS,"Commune simple",166.0,504.0,0.2,"50.40086365, 2.52420922895","{""type"": ""Polygon"", ""coordinates"": [[[2.524400733088285, 50.38623908632319], [2.505412840257841, 50.3937685199784], [2.513478569063577, 50.402032901591106], [2.508770736185524, 50.41093778369031], [2.520457093290896, 50.41410778672489], [2.532557621996208, 50.41216119634421], [2.543329947967096, 50.4000910228006], [2.542962069938325, 50.39573559418993], [2.533541311373603, 50.39389590032775], [2.524400733088285, 50.38623908632319]]]}",24381,362,05,1,62,31
52488,52800,THIVET,HAUTE-MARNE,CHAMPAGNE-ARDENNE,"Commune simple",390.0,1550.0,0.3,"47.9868961501, 5.29966490039","{""type"": ""Polygon"", ""coordinates"": [[[5.336679146693935, 47.968714064626084], [5.323262165015479, 47.96419031263171], [5.312141437586037, 47.97538442450692], [5.25685598830701, 47.97905156236657], [5.258975622085492, 47.992290092497875], [5.286340263781878, 47.99890957831237], [5.295729985298927, 48.00664922679745], [5.321052094167926, 48.00281221488865], [5.336679146693935, 47.968714064626084]]]}",33538,488,21,1,52,21
2B122,20218,GAVIGNANO,HAUTE-CORSE,CORSE,"Commune simple",569.0,1084.0,0.0,"42.4228249345, 9.25981637428","{""type"": ""Polygon"", ""coordinates"": [[[9.325858100774283, 42.40222583701644], [9.289131796546755, 42.40870581819906], [9.279744607081064, 42.407971221250065], [9.273890648635101, 42.41339330759141], [9.24749628655205, 42.420772076738245], [9.24232722540934, 42.42637743566549], [9.223850977195367, 42.425224076775315], [9.209121343909862, 42.4331989790798], [9.201513500729979, 42.44499454848052], [9.219467702678479, 42.444054715254325], [9.227790326751409, 42.43557001813963], [9.242079074784447, 42.434642356396395], [9.25931090352514, 42.422908665897005], [9.287630146728773, 42.42120209401966], [9.30932427459629, 42.413830584281456], [9.324162734922114, 42.404995816408835], [9.325858100774283, 42.40222583701644]]]}",12144,122,25,3,2B,94
64535,64360,TARSACQ,PYRENEES-ATLANTIQUES,AQUITAINE,"Commune simple",136.0,439.0,0.5,"43.3557575881, -0.531704585094","{""type"": ""Polygon"", ""coordinates"": [[[-0.522383560872057, 43.34084752714094], [-0.530463486093126, 43.343645662903214], [-0.531406647150689, 43.34997238417034], [-0.550102043934365, 43.35839234305242], [-0.542105471374063, 43.36983896627157], [-0.528053685145949, 43.36211256453389], [-0.51500570364057, 43.35418979371476], [-0.522383560872057, 43.34084752714094]]]}",17715,535,21,2,64,72
33414,33240,SAINT-GERMAIN-DE-LA-RIVIERE,GIRONDE,AQUITAINE,"Commune simple",21.0,392.0,0.4,"44.9440812975, -0.330721356984","{""type"": ""Polygon"", ""coordinates"": [[[-0.330941609559139, 44.932806307187676], [-0.349435213813994, 44.93529623388943], [-0.34121999208992, 44.948168935232765], [-0.327905882053228, 44.9521911170824], [-0.326341480695939, 44.95555422822225], [-0.310547920448903, 44.95267348811526], [-0.309177145794033, 44.95009195611256], [-0.317972549587478, 44.94710821344389], [-0.330941609559139, 44.932806307187676]]]}",36420,414,24,5,33,72
79043,79290,BOUILLE-LORETZ,DEUX-SEVRES,POITOU-CHARENTES,"Commune simple",56.0,2670.0,1.1,"47.0837533753, -0.281260023968","{""type"": ""Polygon"", ""coordinates"": [[[-0.288582487034122, 47.05700706257077], [-0.299559570720931, 47.059271100294204], [-0.303499276527122, 47.0652499640038], [-0.330315962703601, 47.071751836929174], [-0.340140908491026, 47.087273812642], [-0.312636214012976, 47.09204854156629], [-0.301654618810064, 47.09844524853627], [-0.283180459514448, 47.102341628964176], [-0.279638716362802, 47.10009035227835], [-0.270085012150227, 47.10118105254009], [-0.262875993267883, 47.10547569104439], [-0.258167337881162, 47.10028316611682], [-0.240407642743669, 47.10514363429489], [-0.20626879198394, 47.09319260873222], [-0.21333935566698, 47.090293041043424], [-0.218920048536205, 47.094489833917784], [-0.241578384078258, 47.08753094697035], [-0.255124129052521, 47.07284096812987], [-0.288582487034122, 47.05700706257077]]]}",12409,043,02,1,79,54
43011,43380,AUBAZAT,HAUTE-LOIRE,AUVERGNE,"Commune simple",601.0,1655.0,0.2,"45.1283416697, 3.44490053055","{""type"": ""Polygon"", ""coordinates"": [[[3.464232066023966, 45.1163725748801], [3.459575697514913, 45.116139743914744], [3.454321573305644, 45.10337537216992], [3.443288174413605, 45.097269966213176], [3.438911888774871, 45.09849383334576], [3.438056827924781, 45.104565977347114], [3.426171413178225, 45.10656593508362], [3.43383005080528, 45.110399175775534], [3.430128127796177, 45.12010198385463], [3.423333651376752, 45.124729108153474], [3.420438685600768, 45.13384328054344], [3.423611849392256, 45.139620973274845], [3.419658526577366, 45.14514648657135], [3.421430370803454, 45.15570176117704], [3.434918456566356, 45.15387617604354], [3.439374990944495, 45.14449431868879], [3.45301951487177, 45.145106067247674], [3.464473604572063, 45.14391543640397], [3.469988610545859, 45.14006554183101], [3.478151201693956, 45.14242598552934], [3.464232066023966, 45.1163725748801]]]}",12061,011,11,1,43,83
02485,02200,MISSY-AUX-BOIS,AISNE,PICARDIE,"Commune simple",134.0,306.0,0.1,"49.3349407256, 3.24662970633","{""type"": ""Polygon"", ""coordinates"": [[[3.23412941407438, 49.326394523188156], [3.231580023877992, 49.3375189227625], [3.247856645070603, 49.34394972193772], [3.265935732702846, 49.33891340823265], [3.265382713073719, 49.338375282593304], [3.250705003582181, 49.32707140355932], [3.23412941407438, 49.326394523188156]]]}",26158,485,41,4,02,22
89459,89150,VILLENEUVE-LA-DONDAGRE,YONNE,BOURGOGNE,"Commune simple",185.0,1456.0,0.2,"48.1413913646, 3.13840843831","{""type"": ""Polygon"", ""coordinates"": [[[3.166631561100942, 48.13348908562899], [3.157750290709457, 48.13487804279685], [3.148669600599362, 48.1228860138982], [3.1391613809695, 48.1204680461482], [3.135094552646569, 48.122506415649944], [3.120317972160086, 48.125563872985985], [3.107423466230721, 48.13623036666462], [3.106647731460004, 48.15151913018716], [3.121589349329141, 48.15825333380645], [3.159663168191691, 48.15400580422301], [3.169203297891138, 48.1558101501935], [3.169252205090879, 48.15008720797065], [3.177624834492558, 48.148716165728494], [3.180586018632294, 48.14566125923442], [3.171259769049431, 48.143029670748156], [3.166631561100942, 48.13348908562899]]]}",27729,459,11,3,89,26
80121,80500,BOUILLANCOURT-LA-BATAILLE,SOMME,PICARDIE,"Commune simple",76.0,370.0,0.1,"49.6969888721, 2.52667991931","{""type"": ""Polygon"", ""coordinates"": [[[2.534977357139326, 49.68738262852003], [2.515054670501739, 49.69098000478277], [2.506585292978119, 49.69883531333308], [2.511606165026647, 49.70401324674678], [2.533804244986025, 49.703668967325804], [2.543188334893753, 49.70314743959961], [2.545526242686948, 49.69417066651327], [2.537632034187126, 49.69248758897265], [2.534977357139326, 49.68738262852003]]]}",21366,121,27,3,80,22
21347,21200,LEVERNOIS,COTE-D'OR,BOURGOGNE,"Commune simple",201.0,379.0,0.3,"46.9937203239, 4.87163680948","{""type"": ""Polygon"", ""coordinates"": [[[4.873788756643977, 46.98037458516766], [4.85246117103406, 46.99812745634196], [4.863237173034919, 47.00447423009547], [4.889661048286547, 46.99586717110078], [4.886171337453925, 46.98753068954856], [4.877882208552652, 46.98570260631885], [4.873788756643977, 46.98037458516766]]]}",28243,347,06,1,21,26
11039,11300,"LA BEZOLE",AUDE,LANGUEDOC-ROUSSILLON,"Commune simple",466.0,669.0,0.0,"43.0291058072, 2.09555791235","{""type"": ""Polygon"", ""coordinates"": [[[2.099884268581938, 43.00811797005613], [2.080373714100705, 43.022019868123856], [2.080417303644942, 43.028541078257504], [2.075364379929878, 43.034038281791574], [2.073692160882153, 43.038934820733466], [2.113690888037843, 43.039703317384685], [2.117309120361877, 43.036423141955694], [2.111176017679099, 43.02379870380416], [2.096097475720201, 43.01753906572414], [2.099884268581938, 43.00811797005613]]]}",31465,039,20,2,11,91
40034,40300,BELUS,LANDES,AQUITAINE,"Commune simple",82.0,1187.0,0.6,"43.5927734459, -1.11715221654","{""type"": ""Polygon"", ""coordinates"": [[[-1.116071256239821, 43.57581153390041], [-1.145975842825129, 43.58885470263684], [-1.149019880409763, 43.591351281632996], [-1.14639040937713, 43.594073678046996], [-1.13231324031456, 43.6075668632334], [-1.099694436995704, 43.60537072590655], [-1.088719558235985, 43.599432743405835], [-1.095368071538005, 43.587505538772334], [-1.094306559596514, 43.58079736131557], [-1.116071256239821, 43.57581153390041]]]}",31076,034,16,1,40,72
52298,52500,MAATZ,HAUTE-MARNE,CHAMPAGNE-ARDENNE,"Commune simple",304.0,1082.0,0.1,"47.7057969225, 5.43384462311","{""type"": ""Polygon"", ""coordinates"": [[[5.463848904369733, 47.73460757183983], [5.468621693210959, 47.73592074633341], [5.471887801421602, 47.733240366455696], [5.458192035565626, 47.69996739090795], [5.45503758799522, 47.69722408881674], [5.4464076419823, 47.693451761268705], [5.426456012114151, 47.690850862092105], [5.416526689064134, 47.69864767057018], [5.411379821861118, 47.69869089007179], [5.407384463808707, 47.692334718253825], [5.397721343037742, 47.691587776602745], [5.395589514481423, 47.69371160081342], [5.400294052831416, 47.70606881537835], [5.41479660712424, 47.71463102464759], [5.423025496206763, 47.71513621142457], [5.442293833051217, 47.71195294784079], [5.459894244610939, 47.718058679897155], [5.465393383946922, 47.73077496624013], [5.462779678637856, 47.73342342501494], [5.463848904369733, 47.73460757183983]]]}",9648,298,23,2,52,21
2A308,20112,SAINTE-LUCIE-DE-TALLANO,CORSE-DU-SUD,CORSE,"Commune simple",376.0,2573.0,0.4,"41.6682904009, 9.06116918689","{""type"": ""Polygon"", ""coordinates"": [[[9.028584215144619, 41.634799398882265], [9.020919946223529, 41.639940449349524], [9.02706736047443, 41.649009096865164], [9.024307234857693, 41.65562532454951], [9.044338156735524, 41.6619509739244], [9.047494495358423, 41.67201964960133], [9.061167924682767, 41.690075799611925], [9.061102619891578, 41.69353850325756], [9.0493398403438, 41.69896292112223], [9.044801498790559, 41.69830513284162], [9.039133404287227, 41.688947769932724], [9.041621866262957, 41.71034189958374], [9.04949609658411, 41.711870977202686], [9.050566531497045, 41.709998839605724], [9.055609314559028, 41.704898451407836], [9.081959629963004, 41.69861258610852], [9.0918020201687, 41.67983788500635], [9.086114344792321, 41.67466362571026], [9.08580075972694, 41.66473736522835], [9.101627673433786, 41.659099641219846], [9.080259081508819, 41.649988678251674], [9.062516608620381, 41.63952077247615], [9.056257802391883, 41.64441231704175], [9.041876934402596, 41.63646755682089], [9.028584215144619, 41.634799398882265]]]}",13539,308,55,4,2A,94
32421,32130,SAVIGNAC-MONA,GERS,MIDI-PYRENEES,"Commune simple",216.0,692.0,0.2,"43.4856907857, 1.010147796","{""type"": ""Polygon"", ""coordinates"": [[[1.00924197563497, 43.47177928639435], [0.980982810435421, 43.48755527903674], [0.989637478860382, 43.489615060189514], [0.995197891590103, 43.49499192650877], [1.013643386679117, 43.49532236875773], [1.014828771197615, 43.49858401410881], [1.033428271045001, 43.49011212219212], [1.033750890308105, 43.48682407497], [1.037477466696884, 43.485559635010354], [1.022147285514995, 43.479197261818356], [1.017532847139495, 43.4735961698364], [1.00924197563497, 43.47177928639435]]]}",16558,421,26,1,32,73
02434,02320,LIZY,AISNE,PICARDIE,"Commune simple",81.0,383.0,0.3,"49.5119505422, 3.47941613566","{""type"": ""Polygon"", ""coordinates"": [[[3.48595749853599, 49.49980380534632], [3.477388753448968, 49.502857667921695], [3.462938593528079, 49.50118809496406], [3.467388730005529, 49.51405907867852], [3.47201081563233, 49.51684524978045], [3.481047262610404, 49.528088867041774], [3.488741090084058, 49.52407673115908], [3.491255976173514, 49.5113044585496], [3.490045840772106, 49.50163878890536], [3.48595749853599, 49.49980380534632]]]}",11595,434,01,2,02,22
59645,59252,WASNES-AU-BAC,NORD,NORD-PAS-DE-CALAIS,"Commune simple",43.0,525.0,0.6,"50.2699499987, 3.25379518679","{""type"": ""Polygon"", ""coordinates"": [[[3.270711661717939, 50.2592047796947], [3.258418435752191, 50.265525486545016], [3.244823552016549, 50.261153537575375], [3.23180929899382, 50.26378263329409], [3.234943194777367, 50.265985528405565], [3.229263014323425, 50.270647326564294], [3.23021441988404, 50.276535701612396], [3.24391651141059, 50.27639261397309], [3.252199559512577, 50.27971606676078], [3.268248897354482, 50.27814679321775], [3.277476660177428, 50.26686679765722], [3.275326938224484, 50.2605324308873], [3.270711661717939, 50.2592047796947]]]}",11723,645,11,6,59,31
76007,76710,ANCEAUMEVILLE,SEINE-MARITIME,HAUTE-NORMANDIE,"Commune simple",143.0,468.0,0.7,"49.5695149287, 1.06535432644","{""type"": ""Polygon"", ""coordinates"": [[[1.084591992341561, 49.565239432251275], [1.07982778460272, 49.563653935049345], [1.076913071736842, 49.55697356160636], [1.071690722554618, 49.556207489879114], [1.052716485877921, 49.56790551614902], [1.040326940244515, 49.568766885981184], [1.041205565014563, 49.57145992880472], [1.06676346997675, 49.583214160377054], [1.070320796287753, 49.57722095868794], [1.08545620713485, 49.568749934053024], [1.084591992341561, 49.565239432251275]]]}",20621,007,11,3,76,23
28063,28400,BRUNELLES,EURE-ET-LOIR,CENTRE,"Commune simple",202.0,2018.0,0.6,"48.3251844262, 0.912576880083","{""type"": ""Polygon"", ""coordinates"": [[[0.921831611380424, 48.30126445235314], [0.911819275186422, 48.30065615492609], [0.910402078207896, 48.309856539200446], [0.879389413424137, 48.32110442557361], [0.865379074250803, 48.33081603174442], [0.863416761655694, 48.33759389689311], [0.888982188447714, 48.34909570627722], [0.889320217546952, 48.34571766332405], [0.904503496318133, 48.344844280521166], [0.925252438571125, 48.33496747556333], [0.935203243335741, 48.33387240771275], [0.94949979083366, 48.32446373828199], [0.964470361809483, 48.32436210334006], [0.967093475886819, 48.317243081243284], [0.965120967798529, 48.311719081572114], [0.960800577522294, 48.31109570501178], [0.940514738963636, 48.311275438476486], [0.923227241120246, 48.30452909004568], [0.921831611380424, 48.30126445235314]]]}",14063,063,20,4,28,24
06067,06500,GORBIO,ALPES-MARITIMES,"PROVENCE-ALPES-COTE D'AZUR","Commune simple",473.0,707.0,1.3,"43.7860281963, 7.44603824995","{""type"": ""Polygon"", ""coordinates"": [[[7.471785026206716, 43.77727585918585], [7.454396233856716, 43.77489728612189], [7.436190362150514, 43.77671326299207], [7.42296584245746, 43.78568739277797], [7.425686773180285, 43.79576143289427], [7.443329305264691, 43.79990104026496], [7.473007884581124, 43.78209273015925], [7.471785026206716, 43.77727585918585]]]}",14195,067,52,2,06,93
15034,15320,CHALIERS,CANTAL,AUVERGNE,"Commune simple",864.0,1858.0,0.2,"44.9701617114, 3.23790370512","{""type"": ""Polygon"", ""coordinates"": [[[3.248414345130854, 44.939506065589114], [3.234582546371626, 44.93917596604162], [3.233190367998717, 44.948866811805935], [3.222334062744898, 44.95447131637165], [3.209947169226004, 44.96846009772836], [3.21099940890306, 44.98181061566606], [3.224986207174248, 44.996045157982174], [3.243368695569028, 44.992026808269536], [3.256142125133758, 44.99668010454252], [3.264515712704787, 44.985576870874354], [3.256998256644403, 44.970306142004866], [3.254034447238757, 44.95723957806025], [3.259482314827245, 44.94796222139364], [3.256169473872835, 44.94160432210132], [3.248414345130854, 44.939506065589114]]]}",1027,034,16,3,15,83
85023,85320,BESSAY,VENDEE,"PAYS DE LA LOIRE","Commune simple",22.0,1076.0,0.4,"46.5397253861, -1.17028433093","{""type"": ""Polygon"", ""coordinates"": [[[-1.151052276184741, 46.522373601995824], [-1.167507675744091, 46.528636687788875], [-1.175750014893904, 46.52589224353103], [-1.179580791046904, 46.53529229202856], [-1.193003718238995, 46.53347520838264], [-1.201747280960506, 46.536553637120235], [-1.199392253921443, 46.54921913790471], [-1.203991450651507, 46.55478506809789], [-1.198923226474073, 46.56058896246196], [-1.193910475635282, 46.56051139573719], [-1.185571245413162, 46.55219657264645], [-1.175926249991813, 46.55101630699188], [-1.171249797579498, 46.54491116000146], [-1.146621797236678, 46.54258796924771], [-1.137417443515581, 46.5445895322247], [-1.131032820620892, 46.53984313322978], [-1.132963725671474, 46.5332632246293], [-1.139761196378854, 46.5293564233643], [-1.144006977746878, 46.530383783787975], [-1.151052276184741, 46.522373601995824]]]}",2092,023,13,2,85,52
70094,70280,BREUCHOTTE,HAUTE-SAONE,FRANCHE-COMTE,"Commune simple",373.0,436.0,0.3,"47.8306439459, 6.46183176358","{""type"": ""Polygon"", ""coordinates"": [[[6.481236778836622, 47.83625652919456], [6.476144105552436, 47.83633561473546], [6.475949185919512, 47.82967492554004], [6.467362409059347, 47.81740714425481], [6.458326084694415, 47.82036783448112], [6.447147764967704, 47.830534672453396], [6.445992059240345, 47.833343310085105], [6.437798196452035, 47.834701009171454], [6.445192192564117, 47.83627659746048], [6.462156187016132, 47.84056030436796], [6.479809626176839, 47.836938531653836], [6.481236778836622, 47.83625652919456]]]}",19544,094,32,1,70,43
10368,10600,SAVIERES,AUBE,CHAMPAGNE-ARDENNE,"Commune simple",101.0,1849.0,1.0,"48.4057771573, 3.935288338","{""type"": ""Polygon"", ""coordinates"": [[[3.92286152234171, 48.379614975695944], [3.895333972745119, 48.3993321698438], [3.924371168520392, 48.417868456212595], [3.919508676076603, 48.42732617804537], [3.940044668619571, 48.43496566672877], [3.944233138456156, 48.42878743450341], [3.968716775684561, 48.41197231560945], [3.974077545934521, 48.40224737086531], [3.92286152234171, 48.379614975695944]]]}",4415,368,14,2,10,21
24054,24560,BOUNIAGUES,DORDOGNE,AQUITAINE,"Commune simple",135.0,870.0,0.5,"44.7568266794, 0.5279714145","{""type"": ""Polygon"", ""coordinates"": [[[0.503575475413125, 44.74078568166285], [0.510432335205138, 44.767476190152195], [0.52318392525671, 44.771067717455914], [0.537384176076706, 44.770780698069935], [0.54686990932913, 44.762037705705886], [0.551033037835329, 44.76253513573448], [0.552547121769582, 44.74982314815257], [0.549887292205546, 44.74820607473325], [0.528107967524563, 44.744200288268544], [0.514716248836335, 44.74664789303887], [0.503575475413125, 44.74078568166285]]]}",23482,054,14,1,24,72
64137,64800,BORDERES,PYRENEES-ATLANTIQUES,AQUITAINE,"Commune simple",283.0,456.0,0.7,"43.2047226344, -0.212865402876","{""type"": ""Polygon"", ""coordinates"": [[[-0.240123023270762, 43.19131975318872], [-0.243664315479207, 43.20091802697099], [-0.209624652063961, 43.20885003362929], [-0.194837599566036, 43.216301794926316], [-0.189656083894703, 43.2145285695118], [-0.182146620455936, 43.207359371584026], [-0.228879759338127, 43.1977425685563], [-0.240123023270762, 43.19131975318872]]]}",30350,137,25,3,64,72
76033,76110,AUBERVILLE-LA-RENAULT,SEINE-MARITIME,HAUTE-NORMANDIE,"Commune simple",113.0,499.0,0.4,"49.6859567281, 0.37918269349","{""type"": ""Polygon"", ""coordinates"": [[[0.394600644875764, 49.68232663603807], [0.370195996917097, 49.67323348838114], [0.360792610059498, 49.67505270410101], [0.362244065503974, 49.68749117895642], [0.377686962263044, 49.69387555827363], [0.385254496947795, 49.701194698918044], [0.397477047981671, 49.693617175837275], [0.394600644875764, 49.68232663603807]]]}",22285,033,24,2,76,23
41114,41500,LESTIOU,LOIR-ET-CHER,CENTRE,"Commune simple",106.0,838.0,0.3,"47.7487658878, 1.5656758407","{""type"": ""Polygon"", ""coordinates"": [[[1.583133388781932, 47.729972983612534], [1.551594197824464, 47.747527880913395], [1.537855979381543, 47.7447555160507], [1.535709882766381, 47.75727745293075], [1.54833310282449, 47.76237668874077], [1.547817298147885, 47.76904969035653], [1.54781738871516, 47.76953579219096], [1.596397356127858, 47.74308659770095], [1.597980233176063, 47.739738856316585], [1.583133388781932, 47.729972983612534]]]}",18838,114,10,1,41,24
54193,54470,FEY-EN-HAYE,MEURTHE-ET-MOSELLE,LORRAINE,"Commune simple",338.0,721.0,0.1,"48.9053568805, 5.96408309137","{""type"": ""Polygon"", ""coordinates"": [[[5.940592803629469, 48.888346358785384], [5.937545082024089, 48.893343738826026], [5.947976238365851, 48.900403599325436], [5.949501680617419, 48.916960293470126], [5.982622942687168, 48.9187946806204], [5.988641557139943, 48.916124868226866], [5.988617821868994, 48.909295071533606], [5.973013851555163, 48.895689761773866], [5.940592803629469, 48.888346358785384]]]}",34657,193,41,3,54,41
90049,90150,FOUSSEMAGNE,"TERRITOIRE DE BELFORT",FRANCHE-COMTE,"Commune simple",355.0,501.0,1.0,"47.6377553885, 6.99718798904","{""type"": ""Polygon"", ""coordinates"": [[[7.006646120548796, 47.626436626410474], [7.000024171157616, 47.63075549395739], [6.990811466527417, 47.63182791859412], [6.97812131509748, 47.627754905071924], [6.974370404879503, 47.628765917127005], [6.972313906804603, 47.63677585826987], [6.991319607893028, 47.64111144059174], [6.994968249411905, 47.65100850557576], [7.004109414078261, 47.65089365349039], [7.007348946920001, 47.64519473983043], [7.016566869598173, 47.64504920517337], [7.013694805961423, 47.6295741691814], [7.010525076946632, 47.63015179070021], [7.006646120548796, 47.626436626410474]]]}",14507,049,03,1,90,43
62833,62270,VACQUERIE-LE-BOUCQ,PAS-DE-CALAIS,NORD-PAS-DE-CALAIS,"Commune simple",128.0,331.0,0.1,"50.2700526673, 2.2075282322","{""type"": ""Polygon"", ""coordinates"": [[[2.214926425110986, 50.261085879193594], [2.207583156504124, 50.26488205169162], [2.198863386899363, 50.2635236332223], [2.190348016681887, 50.266054031145345], [2.186615621038433, 50.26991751988503], [2.199861208569259, 50.27838194865446], [2.221016471830475, 50.27494376851726], [2.229201481124189, 50.27018234786481], [2.214926425110986, 50.261085879193594]]]}",16276,833,07,1,62,31
64027,64160,ANOS,PYRENEES-ATLANTIQUES,AQUITAINE,"Commune simple",231.0,168.0,0.2,"43.3974753128, -0.289222563999","{""type"": ""Polygon"", ""coordinates"": [[[-0.282866929847396, 43.3915227084627], [-0.291695406214853, 43.38915656534067], [-0.296262096920239, 43.39495127888706], [-0.287709131692917, 43.41036546968658], [-0.282866929847396, 43.3915227084627]]]}",23281,027,23,3,64,72
88083,88300,CERTILLEUX,VOSGES,LORRAINE,"Commune simple",388.0,593.0,0.2,"48.3176635605, 5.73569532999","{""type"": ""Polygon"", ""coordinates"": [[[5.754399651133022, 48.305313395182075], [5.740486431771058, 48.307896155878645], [5.73057124076063, 48.305883746048], [5.716828951288469, 48.31049432433161], [5.712516187136597, 48.3119166401399], [5.717519299643145, 48.32073232562484], [5.749769450658685, 48.33551679623825], [5.749249359830335, 48.320908737572594], [5.754399651133022, 48.305313395182075]]]}",13904,083,18,2,88,41
46136,46150,LABASTIDE-DU-VERT,LOT,MIDI-PYRENEES,"Commune simple",201.0,1042.0,0.2,"44.5151357381, 1.26565315705","{""type"": ""Polygon"", ""coordinates"": [[[1.29576300448104, 44.5137398637841], [1.284194765834132, 44.507635734886044], [1.281514223796793, 44.50102987546108], [1.267458845026205, 44.49863097695589], [1.245376096319313, 44.510482886226576], [1.233576901709963, 44.51396842796795], [1.233114736773532, 44.51707657487578], [1.249464879742127, 44.530816848651405], [1.265652863498044, 44.52467926226751], [1.283607998189945, 44.52529313666473], [1.295530009866066, 44.52146197298492], [1.296170311190806, 44.51567307628685], [1.29576300448104, 44.5137398637841]]]}",17755,136,06,1,46,73
61062,61160,BRIEUX,ORNE,BASSE-NORMANDIE,"Commune simple",162.0,520.0,0.1,"48.8334251501, -0.0791169679953","{""type"": ""Polygon"", ""coordinates"": [[[-0.055432655988361, 48.82163280180136], [-0.064551361540881, 48.82488244129023], [-0.074584412172286, 48.823508748250234], [-0.093093705480661, 48.82969145258117], [-0.106731586139642, 48.83961619181927], [-0.083341232854295, 48.844343764256635], [-0.075023502416297, 48.84065189192714], [-0.062443744105454, 48.835871687961735], [-0.056176054943002, 48.82849895085364], [-0.055432655988361, 48.82163280180136]]]}",23356,062,35,2,61,25
80766,80560,TOUTENCOURT,SOMME,PICARDIE,"Commune simple",109.0,1458.0,0.5,"50.0454543871, 2.46506066203","{""type"": ""Polygon"", ""coordinates"": [[[2.475871886261384, 50.025106502565926], [2.450808149365727, 50.023442870744276], [2.436584665542175, 50.03253095034808], [2.436382998669704, 50.03437131678545], [2.444229605545408, 50.03858371474365], [2.444678153751931, 50.04859146822617], [2.435098189697277, 50.05588576260457], [2.433574962945914, 50.06238143419073], [2.441535665677873, 50.065471668577], [2.459343179449931, 50.06253364657061], [2.47930316987492, 50.057644206123236], [2.497421515844521, 50.06509364069188], [2.508642151867848, 50.0576215479516], [2.486813391607186, 50.05165816417463], [2.487164746766979, 50.045866435006516], [2.489572196917829, 50.03668811079498], [2.475871886261384, 50.025106502565926]]]}",14365,766,03,2,80,22
51227,51240,ECURY-SUR-COOLE,MARNE,CHAMPAGNE-ARDENNE,"Chef-lieu canton",108.0,1819.0,0.5,"48.8957543213, 4.3447919413","{""type"": ""Polygon"", ""coordinates"": [[[4.347963294643054, 48.87098691368185], [4.345326382783457, 48.87130440314372], [4.342895898625611, 48.87328347863079], [4.335835460125151, 48.87125780260496], [4.320475738353417, 48.88065640628073], [4.31786249199425, 48.887322951294266], [4.292559952806211, 48.890512890969354], [4.28617712241692, 48.89550139975944], [4.288982042803281, 48.8986011789508], [4.29364604392499, 48.896895976311725], [4.319096842888695, 48.901052430977956], [4.329479267759517, 48.899471580972715], [4.364826361238932, 48.92498595457383], [4.386331692402688, 48.909934773395676], [4.369640286969408, 48.89372138870273], [4.368080953711562, 48.88421425598856], [4.347963294643054, 48.87098691368185]]]}",13428,227,10,1,51,21
53053,53160,CHAMPGENETEUX,MAYENNE,"PAYS DE LA LOIRE","Commune simple",211.0,2518.0,0.6,"48.2936006558, -0.376248680161","{""type"": ""Polygon"", ""coordinates"": [[[-0.397804259975586, 48.27164944225671], [-0.410919481967228, 48.285861146872186], [-0.426314103929549, 48.284380372950125], [-0.430240320519263, 48.28665308616842], [-0.420081025700007, 48.29416100923676], [-0.417021627396455, 48.30670433834667], [-0.404407330564225, 48.312246266115594], [-0.393903509516794, 48.31663656679389], [-0.370744625487729, 48.308986648045895], [-0.339760310452805, 48.30808240928718], [-0.329219679748882, 48.30854162102096], [-0.318424356884256, 48.300893351976605], [-0.33159176667178, 48.29611059458663], [-0.338217677923166, 48.28354134441591], [-0.347607609975193, 48.281402722660246], [-0.34647893285687, 48.27468054494496], [-0.397804259975586, 48.27164944225671]]]}",12603,053,03,3,53,52
84044,84340,ENTRECHAUX,VAUCLUSE,"PROVENCE-ALPES-COTE D'AZUR","Commune simple",299.0,1487.0,1.0,"44.2224730765, 5.13332490403","{""type"": ""Polygon"", ""coordinates"": [[[5.167900181707559, 44.225304506103626], [5.15541415837941, 44.21042309567533], [5.147610947625047, 44.206344060679854], [5.138128743718495, 44.20617804036048], [5.130048793159085, 44.20234630568443], [5.108305561529173, 44.2093842144432], [5.105177383193543, 44.219213765622534], [5.112400756720966, 44.23130273699359], [5.114258260894044, 44.24418813557503], [5.118580975406392, 44.24556353060518], [5.138230605338061, 44.23647547750516], [5.151813942499218, 44.23830815151169], [5.150006744005094, 44.23523703548458], [5.167900181707559, 44.225304506103626]]]}",16807,044,14,3,84,93
85224,85600,SAINT-HILAIRE-DE-LOULAY,VENDEE,"PAYS DE LA LOIRE","Commune simple",47.0,4112.0,4.2,"47.008536823, -1.32766740632","{""type"": ""Polygon"", ""coordinates"": [[[-1.278106947108957, 46.992408758327144], [-1.280914695188692, 46.98627238298209], [-1.296613779136022, 46.97426402667104], [-1.30132210326313, 46.9748277798627], [-1.302904714456364, 46.980800969545946], [-1.316385758367114, 46.98512096205287], [-1.32527228659713, 46.98256066968588], [-1.328853041281004, 46.976114349827796], [-1.359058733196592, 46.98113458794234], [-1.375445600779044, 46.98889073122227], [-1.364078299618065, 47.0037851653527], [-1.365391337520734, 47.00714394759717], [-1.366917245474752, 47.01736571565144], [-1.375943671376313, 47.02965665704066], [-1.362682494417489, 47.03983419485884], [-1.347471485033894, 47.039470534025654], [-1.345720540185412, 47.045731113485445], [-1.33645845914679, 47.04406876590639], [-1.317961216757465, 47.03430293077921], [-1.298726039488806, 47.03471461534323], [-1.292701843346161, 47.029447779901396], [-1.29191811084704, 47.02291283120887], [-1.277452625604968, 47.01025888321097], [-1.280486832758063, 47.00031818876849], [-1.286960045061658, 46.995199677752154], [-1.278106947108957, 46.992408758327144]]]}",13518,224,14,2,85,52
36043,36400,CHASSIGNOLLES,INDRE,CENTRE,"Commune simple",286.0,3015.0,0.6,"46.5288369456, 1.93596735168","{""type"": ""Polygon"", ""coordinates"": [[[1.968454548825844, 46.49359975268481], [1.960898309537503, 46.48983915531953], [1.951679272266946, 46.49192526561547], [1.94206717686825, 46.50348058648377], [1.917305108137459, 46.511821885081936], [1.90119219948552, 46.52237556203901], [1.908485842926888, 46.53471063049519], [1.894336892629563, 46.548397931989435], [1.897322121361125, 46.56083602261246], [1.905435490597796, 46.56378657034985], [1.904395131067983, 46.570071292684666], [1.917586773609454, 46.57646440798328], [1.92036175647459, 46.57152873091041], [1.916910532521542, 46.56910074270988], [1.93071968732564, 46.55076082871267], [1.948823415892807, 46.5453813240402], [1.959159543518896, 46.53380503904937], [1.973920274162565, 46.53297481266835], [1.97289163232351, 46.5169362887686], [1.980583104951907, 46.508828352270534], [1.97769791066178, 46.50271505153569], [1.968454548825844, 46.49359975268481]]]}",7912,043,09,3,36,24
07025,07330,BARNAS,ARDECHE,RHONE-ALPES,"Commune simple",845.0,2479.0,0.2,"44.6689664287, 4.15925851766","{""type"": ""Polygon"", ""coordinates"": [[[4.19504102381158, 44.64893605626538], [4.148090195456378, 44.638737049227586], [4.129015834967164, 44.64214771123874], [4.145556998300776, 44.666116435397285], [4.141333751178697, 44.675622986568975], [4.123640130739413, 44.68120629169568], [4.123505738813693, 44.687123107176205], [4.139961341900978, 44.69697605551969], [4.152091488475834, 44.70124434418858], [4.171493584699047, 44.696304702932565], [4.179939607154042, 44.68911996154546], [4.179447609229325, 44.67587158514086], [4.189977607012198, 44.66539548095845], [4.19504102381158, 44.64893605626538]]]}",10814,025,23,1,07,82
49369,49390,VERNOIL-LE-FOURRIER,MAINE-ET-LOIRE,"PAYS DE LA LOIRE","Commune simple",72.0,3320.0,1.3,"47.3961591368, 0.097374002532","{""type"": ""Polygon"", ""coordinates"": [[[0.115201650634254, 47.36280647403115], [0.107835973332801, 47.359011030345805], [0.092442120660031, 47.36712150774992], [0.073043379093298, 47.365427257708916], [0.055116039014542, 47.37100079762669], [0.0680629479846, 47.38910162225052], [0.068687333433234, 47.41940294261988], [0.072328732673139, 47.425872418102585], [0.067508075195264, 47.43148913195473], [0.075085609983988, 47.43567049528671], [0.089719195027067, 47.437812098901034], [0.084682468147261, 47.431803752876526], [0.088489217864482, 47.42942189924472], [0.106242715372583, 47.4221991805164], [0.131405936239452, 47.41851682156001], [0.145300829222672, 47.40383365201921], [0.124900170292198, 47.39383649497088], [0.130571412832353, 47.38082494556873], [0.115201650634254, 47.36280647403115]]]}",729,369,17,3,49,52
21318,21340,IVRY-EN-MONTAGNE,COTE-D'OR,BOURGOGNE,"Commune simple",483.0,1111.0,0.2,"47.0269156791, 4.63558801315","{""type"": ""Polygon"", ""coordinates"": [[[4.656816216767587, 47.009621293580935], [4.648555815975833, 47.018492734443576], [4.633206469209953, 47.0190621117994], [4.613687370087794, 47.01494205160389], [4.61158670945892, 47.017790031599375], [4.602298857735949, 47.01718089161651], [4.600920935216078, 47.022666155690146], [4.605445445055926, 47.02336876881047], [4.612569662447061, 47.044530689292735], [4.634880593769333, 47.03651758740011], [4.650041354160077, 47.034356825832425], [4.669991482503339, 47.03590711765784], [4.664400555104028, 47.01478031043809], [4.656816216767587, 47.009621293580935]]]}",988,318,23,1,21,26
04058,05110,CLARET,ALPES-DE-HAUTE-PROVENCE,"PROVENCE-ALPES-COTE D'AZUR","Commune simple",704.0,2092.0,0.2,"44.3738118271, 5.96467673226","{""type"": ""Polygon"", ""coordinates"": [[[5.952542475356578, 44.341897725496246], [5.951290140375123, 44.34508407447921], [5.933098845243533, 44.345516660076726], [5.92603053278898, 44.349623290410506], [5.937447569849385, 44.35990315191678], [5.941362274824038, 44.372661792235306], [5.953542574540608, 44.395017655817995], [5.97152013583041, 44.40337080433501], [5.977863434345297, 44.39855119578397], [5.990471637685666, 44.396047441914504], [5.99937860412207, 44.39768783288166], [6.006200808738207, 44.385619853012166], [6.003543608779377, 44.3828908470367], [5.982627311267644, 44.375703717293604], [5.983992728207246, 44.368964690624125], [5.973032274152786, 44.362559439131644], [5.968115886104211, 44.34949555441885], [5.952542475356578, 44.341897725496246]]]}",11320,058,16,4,04,93
02582,02160,PAISSY,AISNE,PICARDIE,"Commune simple",153.0,714.0,0.1,"49.4263466952, 3.7014989195","{""type"": ""Polygon"", ""coordinates"": [[[3.676135396914463, 49.406781260187984], [3.677756924307083, 49.41067325539335], [3.688050870663842, 49.4212396583368], [3.685959417302403, 49.430770322076604], [3.696855422304012, 49.440586334683296], [3.699302319571188, 49.44212721050471], [3.723427636649648, 49.441338322413905], [3.718535310425749, 49.433511594816686], [3.722382898421974, 49.4287697572097], [3.715105630226654, 49.42373446091435], [3.715012553845831, 49.41702954710462], [3.676135396914463, 49.406781260187984]]]}",12985,582,12,2,02,22
83104,83560,RIANS,VAR,"PROVENCE-ALPES-COTE D'AZUR","Chef-lieu canton",420.0,9707.0,4.2,"43.6055023788, 5.74132523759","{""type"": ""Polygon"", ""coordinates"": [[[5.772522356079913, 43.54417428130979], [5.754460935066872, 43.54666889406756], [5.733481278168139, 43.55367235819235], [5.725073869430211, 43.551273007114], [5.716863913684382, 43.55119977070818], [5.70669159711099, 43.55623435733303], [5.691687560015342, 43.563341463103434], [5.669315085633806, 43.564641152706976], [5.65691958916954, 43.57528018536471], [5.687576537836678, 43.58421253319458], [5.6896073192516, 43.58737623939165], [5.680884026793777, 43.610882251896655], [5.700600491666973, 43.64252582918381], [5.709944127860862, 43.6416540386595], [5.718973208748078, 43.64983757781112], [5.770087760731553, 43.66045864993375], [5.799205967292624, 43.65992892333059], [5.807598168884041, 43.65200537869392], [5.805675888834335, 43.6388287221125], [5.812082065811082, 43.623096034491034], [5.782640948770244, 43.595646728762524], [5.769718158267459, 43.56532166850796], [5.772522356079913, 43.54417428130979]]]}",13041,104,19,3,83,93
22387,22420,"LE VIEUX-MARCHE",COTES-D'ARMOR,BRETAGNE,"Commune simple",107.0,2234.0,1.2,"48.6138736839, -3.43816740638","{""type"": ""Polygon"", ""coordinates"": [[[-3.432035180848398, 48.583318801919376], [-3.461547790596223, 48.57864785939403], [-3.464369325886471, 48.58144563953743], [-3.468617188796897, 48.59125975822905], [-3.460582433601803, 48.6116702539058], [-3.451496324314407, 48.620313704147485], [-3.4501268262539, 48.630830083596], [-3.4537223172879, 48.63744883998943], [-3.446121343626559, 48.650333691481656], [-3.424187948678993, 48.65018504103283], [-3.421795953871027, 48.641036874104465], [-3.412533300307058, 48.63358611937293], [-3.409175534084425, 48.620870908899], [-3.41419996348128, 48.60392188303472], [-3.430594133532082, 48.590292102052096], [-3.432035180848398, 48.583318801919376]]]}",13301,387,36,3,22,53
37274,37370,VILLEBOURG,INDRE-ET-LOIRE,CENTRE,"Commune simple",96.0,1229.0,0.3,"47.637086362, 0.523444509985","{""type"": ""Polygon"", ""coordinates"": [[[0.524668678190598, 47.60486968702478], [0.520467523562884, 47.60300641501097], [0.501217073201394, 47.60634220264927], [0.507374976266369, 47.611922258135095], [0.504056311377254, 47.62564787569966], [0.506996604345747, 47.6322847123381], [0.498417907720995, 47.64476298524908], [0.516758505392242, 47.65612287893297], [0.525867056644844, 47.65400175612225], [0.545312300523488, 47.65719455987233], [0.559602958634487, 47.666174909372764], [0.565513988437348, 47.662552067976016], [0.562983521296208, 47.656961142291365], [0.557897526842767, 47.6574222725753], [0.550377663442557, 47.65312244435241], [0.53894028797187, 47.641904592802], [0.539976922938538, 47.63502833470843], [0.523287218544255, 47.627471228070874], [0.519410410839955, 47.617446867787905], [0.524668678190598, 47.60486968702478]]]}",17177,274,17,2,37,24
85040,85410,"LA CAILLERE-SAINT-HILAIRE",VENDEE,"PAYS DE LA LOIRE","Commune simple",92.0,1542.0,1.1,"46.6293907412, -0.933153931505","{""type"": ""Polygon"", ""coordinates"": [[[-0.913298847891744, 46.607256740139384], [-0.931346785748089, 46.61805197655906], [-0.936074579728849, 46.618836181166614], [-0.943482838420814, 46.614902940761255], [-0.952497420661305, 46.61778362212205], [-0.966804264010499, 46.6157111190431], [-0.967077207940216, 46.625727087143304], [-0.964181636907084, 46.632138304347166], [-0.955657442580114, 46.635498324562406], [-0.955641703106731, 46.64499226055417], [-0.934862191829761, 46.65378569635332], [-0.928214082649636, 46.644773034105356], [-0.892920366139945, 46.627018780330125], [-0.90680358000366, 46.616809462562536], [-0.913298847891744, 46.607256740139384]]]}",12714,040,27,1,85,52
52198,52130,FAYS,HAUTE-MARNE,CHAMPAGNE-ARDENNE,"Commune simple",257.0,602.0,0.1,"48.4748666467, 5.03808215827","{""type"": ""Polygon"", ""coordinates"": [[[5.062745189182486, 48.46648242736001], [5.033570956696898, 48.464762994038345], [5.014799444415343, 48.46820576628135], [5.018235930002477, 48.470298171601016], [5.011448183092476, 48.47751359562322], [5.025256146292609, 48.47827777214525], [5.028342215290142, 48.48738608333687], [5.036695367116761, 48.48949287044668], [5.050992064086154, 48.481885608087346], [5.063567597975329, 48.46915889957013], [5.062745189182486, 48.46648242736001]]]}",13015,198,28,3,52,21
50628,50370,VERNIX,MANCHE,BASSE-NORMANDIE,"Commune simple",35.0,594.0,0.2,"48.7151708198, -1.2283280036","{""type"": ""Polygon"", ""coordinates"": [[[-1.243275382593657, 48.703918356734384], [-1.248155402266578, 48.710373976129155], [-1.243206875597701, 48.72484483259478], [-1.234622662454469, 48.72660016848772], [-1.212814575804855, 48.72494074816811], [-1.213275841844442, 48.71918693242548], [-1.20498531383407, 48.7125892055578], [-1.209537147122556, 48.70742957841557], [-1.243275382593657, 48.703918356734384]]]}",16084,628,05,1,50,25
55103,55270,CHARPENTRY,MEUSE,LORRAINE,"Commune simple",188.0,438.0,0.0,"49.2572362947, 5.04141957375","{""type"": ""Polygon"", ""coordinates"": [[[5.041535054223951, 49.24732711771868], [5.024920090838743, 49.250287107000176], [5.017934329967257, 49.258191879871475], [5.027035437452195, 49.25973888769889], [5.037861136963432, 49.26632795694282], [5.051117058773957, 49.26690364544072], [5.064973438646036, 49.25739571226378], [5.050328124986512, 49.25117974484628], [5.041535054223951, 49.24732711771868]]]}",8801,103,22,3,55,41
73029,73000,BARBERAZ,SAVOIE,RHONE-ALPES,"Commune simple",403.0,366.0,4.6,"45.5520596872, 5.93925556329","{""type"": ""Polygon"", ""coordinates"": [[[5.930670527009773, 45.534583389329015], [5.925437193826063, 45.53843232481614], [5.926862485699917, 45.540900221563774], [5.930008267731857, 45.54801792779836], [5.940359676090191, 45.561840612994054], [5.940268686161717, 45.56834892674546], [5.950283965216475, 45.57091588683531], [5.950712514214352, 45.571012767446426], [5.950251440849767, 45.560662188343606], [5.943066765051023, 45.55218204278873], [5.94640170967025, 45.54566978295389], [5.930670527009773, 45.534583389329015]]]}",2833,029,33,2,73,82
63449,63710,"LE VERNET-SAINTE-MARGUERITE",PUY-DE-DOME,AUVERGNE,"Commune simple",1046.0,2505.0,0.3,"45.6163801632, 2.94006169987","{""type"": ""Polygon"", ""coordinates"": [[[2.951801201874611, 45.590575026727144], [2.932956015339685, 45.594131260661484], [2.926958888574949, 45.5995664101364], [2.917617173668422, 45.6016670747256], [2.912779946818611, 45.60229376284098], [2.898839620573975, 45.600039899599174], [2.886193209917744, 45.605385663262744], [2.861932518038374, 45.605736705524876], [2.899896196157328, 45.61164801470902], [2.904178630969498, 45.61336265388071], [2.908416351000784, 45.62676532226089], [2.925836395988362, 45.633171561086115], [2.939840190747157, 45.632945792328705], [2.962614708157168, 45.64543632598476], [2.98445927430252, 45.62219105840933], [2.98017776937179, 45.60903439009813], [2.965706843799654, 45.60704985773387], [2.95347570932495, 45.59731129989723], [2.951801201874611, 45.590575026727144]]]}",11153,449,37,2,63,83
37191,37120,RAZINES,INDRE-ET-LOIRE,CENTRE,"Commune simple",91.0,1468.0,0.2,"46.9748443751, 0.394788400898","{""type"": ""Polygon"", ""coordinates"": [[[0.386736377435412, 46.951702001799916], [0.382331614802348, 46.96116004181345], [0.372596805374462, 46.9630105574624], [0.351019339239234, 46.97745299175226], [0.351081007727771, 46.980490279762776], [0.362246730940136, 46.98526843689208], [0.366381949884549, 46.99063286444811], [0.391710441325436, 46.98002897730702], [0.40300516436843, 46.9871211625219], [0.426915563373586, 46.99172870964025], [0.435859206764758, 46.98830656383162], [0.438836469708442, 46.98159855936439], [0.425841671874766, 46.97144523964281], [0.41225041017179, 46.9686277252702], [0.395259893341724, 46.952003018409044], [0.386736377435412, 46.951702001799916]]]}",17258,191,19,1,37,24
08038,08300,AVANCON,ARDENNES,CHAMPAGNE-ARDENNE,"Commune simple",117.0,2136.0,0.3,"49.4808582492, 4.25135015983","{""type"": ""Polygon"", ""coordinates"": [[[4.250088943809381, 49.45454798381535], [4.211597366158026, 49.47475049383906], [4.215817644532979, 49.48697774312542], [4.213253258022531, 49.49992895028519], [4.234737243790017, 49.5020580338732], [4.256800288528792, 49.49674379971866], [4.270947067886728, 49.49904119932704], [4.274831610242227, 49.49707685145817], [4.299693397530818, 49.48371627503518], [4.296027203446633, 49.47838922175497], [4.285683389626791, 49.470769002569696], [4.259287149739331, 49.460789918390205], [4.25530266550696, 49.45461091547193], [4.250088943809381, 49.45454798381535]]]}",17378,038,06,2,08,21
11428,11310,VILLEMAGNE,AUDE,LANGUEDOC-ROUSSILLON,"Commune simple",466.0,1105.0,0.3,"43.3677856314, 2.10938684579","{""type"": ""Polygon"", ""coordinates"": [[[2.104128734717331, 43.33607766536266], [2.102087493920536, 43.338147929109255], [2.098763053821028, 43.35526774845892], [2.107275702594357, 43.37162229524905], [2.105965293270978, 43.375003251476095], [2.091889027375815, 43.376811383394404], [2.091681427712199, 43.3938856504667], [2.095111891688201, 43.396199587560524], [2.108784594796743, 43.39445962592884], [2.127792307661012, 43.36787600792824], [2.119026817928834, 43.341912795762134], [2.110166333905856, 43.3409766131309], [2.104128734717331, 43.33607766536266]]]}",10959,428,09,1,11,91
09196,09240,MONTAGAGNE,ARIEGE,MIDI-PYRENEES,"Commune simple",864.0,693.0,0.0,"42.9638469564, 1.41313214864","{""type"": ""Polygon"", ""coordinates"": [[[1.411211258383319, 42.93937194778881], [1.397480676723944, 42.97994235335447], [1.401136396157598, 42.98065341810887], [1.411963224343829, 42.98613898092813], [1.413187088074331, 42.97992341571505], [1.425073731764045, 42.970338539501626], [1.427227337881597, 42.957777124222474], [1.425303490316365, 42.95150650554752], [1.411211258383319, 42.93937194778881]]]}",14639,196,02,1,09,73
52220,52210,GIEY-SUR-AUJON,HAUTE-MARNE,CHAMPAGNE-ARDENNE,"Commune simple",380.0,3040.0,0.2,"47.9059188991, 5.05514903281","{""type"": ""Polygon"", ""coordinates"": [[[5.026318465105928, 47.874932864986725], [5.020482503708981, 47.88051615991473], [4.998035518274633, 47.88822861884854], [5.004041031183615, 47.90514110564905], [5.00895765823036, 47.90415682716745], [5.025548238945459, 47.912280182406874], [5.037501412139045, 47.923317586080515], [5.074971864163576, 47.93346471628084], [5.118962550938106, 47.92869123386323], [5.109274816017884, 47.92120426873768], [5.108065097395143, 47.91468997651965], [5.080264082476909, 47.8952176443162], [5.047334087206502, 47.879276539355075], [5.033054588330381, 47.87577064200996], [5.026318465105928, 47.874932864986725]]]}",18428,220,02,1,52,21
59201,59320,ERQUINGHEM-LE-SEC,NORD,NORD-PAS-DE-CALAIS,"Commune simple",32.0,178.0,0.5,"50.6103293262, 2.93381789085","{""type"": ""Polygon"", ""coordinates"": [[[2.938415976803684, 50.60361533520083], [2.933297952470206, 50.60282291806111], [2.926535595953332, 50.607979519642086], [2.922981059343931, 50.617499361273836], [2.938584727575019, 50.61554264832319], [2.945293507650969, 50.607576375060454], [2.938415976803684, 50.60361533520083]]]}",23547,201,74,5,59,31
34196,34700,PEGAIROLLES-DE-L'ESCALETTE,HERAULT,LANGUEDOC-ROUSSILLON,"Commune simple",640.0,3200.0,0.1,"43.8129638311, 3.33457368813","{""type"": ""Polygon"", ""coordinates"": [[[3.323341995949148, 43.77574220810297], [3.315496511496129, 43.77860881465395], [3.312812059898833, 43.78509568377332], [3.299111619909617, 43.78510714717259], [3.295533448989503, 43.787339614257824], [3.298838587144862, 43.79704035680039], [3.291714862348186, 43.80581557707133], [3.291990257237056, 43.81594765598921], [3.299789920654644, 43.819733065798324], [3.305854785502191, 43.82896722825287], [3.30996674551624, 43.83078243005337], [3.328285454504557, 43.827804137344316], [3.342725360211591, 43.84160934286877], [3.359946901040965, 43.847727312334726], [3.369846342135982, 43.851779842951125], [3.377387088079953, 43.824252644937545], [3.368916511268399, 43.82140192942771], [3.36828581041847, 43.80453094231442], [3.351070796048446, 43.79345608388071], [3.337344157319427, 43.791474683318], [3.328037936938852, 43.7760071351883], [3.323341995949148, 43.77574220810297]]]}",35248,196,08,2,34,91
31340,31320,MERVILLA,HAUTE-GARONNE,MIDI-PYRENEES,"Commune simple",242.0,275.0,0.3,"43.506330557, 1.47317310348","{""type"": ""Polygon"", ""coordinates"": [[[1.463455511820518, 43.4989745781077], [1.459000588222219, 43.499613272163984], [1.465127604622997, 43.511812460464405], [1.468619338979594, 43.5144084635664], [1.479741887146584, 43.514627890447926], [1.485966383177303, 43.50693103727471], [1.484771536480972, 43.50066926465789], [1.463455511820518, 43.4989745781077]]]}",20889,340,10,3,31,73
48136,48240,SAINT-ANDRE-DE-LANCIZE,LOZERE,LANGUEDOC-ROUSSILLON,"Commune simple",850.0,2264.0,0.1,"44.2738839787, 3.79461663158","{""type"": ""Polygon"", ""coordinates"": [[[3.843070512646131, 44.23873277406155], [3.82418219651056, 44.23913718268679], [3.817802853060185, 44.23002131262141], [3.812948169840639, 44.23021038414497], [3.805487050256821, 44.23464009516983], [3.804156585470615, 44.24501061284773], [3.794310463154737, 44.260862030465134], [3.780906142734972, 44.26437872957435], [3.769051361044725, 44.279747126403734], [3.755172344001035, 44.288529983755765], [3.763871910153546, 44.31941797626383], [3.768064468850209, 44.32068504399019], [3.780236903658661, 44.316827588585134], [3.78740215174023, 44.30010514978331], [3.799353803384701, 44.28899173390925], [3.789595592391258, 44.281194755526194], [3.789693934564779, 44.27475784080455], [3.805044436553331, 44.26611287908899], [3.819713466757556, 44.265239286904354], [3.828045207021951, 44.268768488779166], [3.83739596483406, 44.26147827514235], [3.831704556788929, 44.252618876594184], [3.843070512646131, 44.23873277406155]]]}",13621,136,22,1,48,91
62826,62520,"LE TOUQUET-PARIS-PLAGE",PAS-DE-CALAIS,NORD-PAS-DE-CALAIS,"Commune simple",12.0,1523.0,4.8,"50.5083984501, 1.59923820583","{""type"": ""Polygon"", ""coordinates"": [[[1.634870297183558, 50.51132628784543], [1.624916767370069, 50.50926808673213], [1.620830654672409, 50.496034913889694], [1.607322918759386, 50.48573008730303], [1.576258459286415, 50.48754020519898], [1.578150796022446, 50.5192073829168], [1.58553577966842, 50.536007306543524], [1.590797033398204, 50.53674951596793], [1.595956049562507, 50.53056010220975], [1.610679400101968, 50.52576181171961], [1.634870297183558, 50.51132628784543]]]}",17106,826,37,4,62,31
15263,15300,VIRARGUES,CANTAL,AUVERGNE,"Commune simple",1034.0,1109.0,0.1,"45.1293117032, 2.89843918349","{""type"": ""Polygon"", ""coordinates"": [[[2.927347851740914, 45.11687392997614], [2.908936587358678, 45.115068615136316], [2.898408699649789, 45.121272303570194], [2.885302362920547, 45.11838730736431], [2.876224652601188, 45.11727010584955], [2.868167557348021, 45.120313241688166], [2.876069661845598, 45.135557166614426], [2.865115015678952, 45.14678156070941], [2.893452470189657, 45.13930280942933], [2.899028157433506, 45.14445833052761], [2.916757085325344, 45.14082631223901], [2.922397241383645, 45.12870190224225], [2.927015704666212, 45.127768598430215], [2.932580385596477, 45.12256776367556], [2.927347851740914, 45.11687392997614]]]}",13859,263,12,3,15,83
17135,17160,CRESSE,CHARENTE-MARITIME,POITOU-CHARENTES,"Commune simple",77.0,1094.0,0.2,"45.916026224, -0.212186175866","{""type"": ""Polygon"", ""coordinates"": [[[-0.192660793733924, 45.91381172275102], [-0.195703214190366, 45.89370042703718], [-0.200566478870954, 45.893878244793704], [-0.230510204437591, 45.906202548485375], [-0.228587808435393, 45.91261125174765], [-0.237207687706067, 45.92702810636447], [-0.224718593831871, 45.93473907188033], [-0.217435861532914, 45.937650195555335], [-0.209976674979192, 45.92957074044199], [-0.195929376239903, 45.929869434087394], [-0.192558134526904, 45.92407061033869], [-0.192660793733924, 45.91381172275102]]]}",32639,135,15,5,17,54
59503,59550,ROBERSART,NORD,NORD-PAS-DE-CALAIS,"Commune simple",151.0,230.0,0.2,"50.1565289177, 3.64613951991","{""type"": ""Polygon"", ""coordinates"": [[[3.664841614055452, 50.1442630557741], [3.639196508715075, 50.153047499714766], [3.636759089497706, 50.15930163585233], [3.62704788632342, 50.16642816729341], [3.634283402317814, 50.170369365447044], [3.649635004932001, 50.15721363400592], [3.665973170556329, 50.14955553370467], [3.664841614055452, 50.1442630557741]]]}",25253,503,32,1,59,31
32374,32450,SAINT-ELIX,GERS,MIDI-PYRENEES,"Commune simple",206.0,817.0,0.2,"43.4955140931, 0.767486330739","{""type"": ""Polygon"", ""coordinates"": [[[0.760981763081481, 43.48236212580206], [0.745837855338638, 43.48430744291292], [0.750409375668676, 43.49004575797618], [0.742498009793188, 43.49790089954345], [0.748401678063073, 43.50689831245763], [0.771012965742948, 43.5054572395004], [0.774111554603276, 43.50303671048824], [0.791945280008379, 43.50359028434878], [0.798654082775816, 43.495662218359065], [0.801162871730059, 43.489547813089835], [0.784051787562533, 43.49441074232686], [0.779665773298842, 43.4933759665346], [0.773813042779966, 43.484570471175196], [0.760981763081481, 43.48236212580206]]]}",31601,374,13,1,32,73
68071,68780,DIEFMATTEN,HAUT-RHIN,ALSACE,"Commune simple",319.0,317.0,0.3,"47.7060797698, 7.10092606116","{""type"": ""Polygon"", ""coordinates"": [[[7.102086460382421, 47.69986672495455], [7.075871785015804, 47.705533619096514], [7.096595049897688, 47.71352444177222], [7.114865748828015, 47.709746234285234], [7.12258588284887, 47.701317487202516], [7.102086460382421, 47.69986672495455]]]}",15103,071,05,1,68,42
76555,76690,SAINT-ANDRE-SUR-CAILLY,SEINE-MARITIME,HAUTE-NORMANDIE,"Commune simple",162.0,1243.0,0.9,"49.5489369036, 1.22162496884","{""type"": ""Polygon"", ""coordinates"": [[[1.226555012493026, 49.52648671492084], [1.208941302296935, 49.53617016889057], [1.194609455021713, 49.537189265897155], [1.200368224359865, 49.550237407817725], [1.195654341932055, 49.55620816107408], [1.200727372522821, 49.562072490489285], [1.204189492167562, 49.5650272415306], [1.221620765108573, 49.568906453946994], [1.224404598206936, 49.57393607860338], [1.230398754832592, 49.574077532], [1.23932344470464, 49.55648101322635], [1.250321404087563, 49.55042861952116], [1.236214059899069, 49.541603752557556], [1.244550074625, 49.53010153020837], [1.243682370844827, 49.52720338980773], [1.226555012493026, 49.52648671492084]]]}",28525,555,11,3,76,23
71402,71240,SAINT-CYR,SAONE-ET-LOIRE,BOURGOGNE,"Commune simple",180.0,1319.0,0.7,"46.6791536677, 4.90050025353","{""type"": ""Polygon"", ""coordinates"": [[[4.879933642893016, 46.66227638298367], [4.882634045017806, 46.665078219812365], [4.872308668602745, 46.67980213528522], [4.873872451990587, 46.686441564415006], [4.874739775292589, 46.68692276294001], [4.893055689645986, 46.69760120966667], [4.902450043487732, 46.697463851047765], [4.933695441019481, 46.68599821810297], [4.921034903646678, 46.67551079397938], [4.91991671381425, 46.662010214117736], [4.879933642893016, 46.66227638298367]]]}",14484,402,47,2,71,26
80579,80400,MUILLE-VILLETTE,SOMME,PICARDIE,"Commune simple",65.0,663.0,0.8,"49.7250440198, 3.06872712121","{""type"": ""Polygon"", ""coordinates"": [[[3.083319537958509, 49.71249397158699], [3.052434549842852, 49.7137691185061], [3.040774432136613, 49.72306424345329], [3.059614691438952, 49.72761192234426], [3.068682648061913, 49.74024006356243], [3.084251421296599, 49.739879880008054], [3.087949024974067, 49.73750523860022], [3.08156987528357, 49.71884769221455], [3.083319537958509, 49.71249397158699]]]}",22059,579,24,4,80,22
40246,40630,SABRES,LANDES,AQUITAINE,"Chef-lieu canton",83.0,16225.0,1.2,"44.1461218641, -0.734828540641","{""type"": ""Polygon"", ""coordinates"": [[[-0.824414576486789, 44.08269152466797], [-0.838475389622749, 44.08747076071651], [-0.834887341949258, 44.09748158430089], [-0.847005631308134, 44.16016217036779], [-0.794626803726116, 44.178262244812636], [-0.789705675710029, 44.18426268872387], [-0.780321815967765, 44.185325526508834], [-0.771437385521723, 44.193534211527044], [-0.743123163029526, 44.18979152830788], [-0.713810778369786, 44.18986902970725], [-0.684580593271832, 44.19120643923065], [-0.641606550520315, 44.19832742725229], [-0.633596864106349, 44.20194494702773], [-0.616947927387146, 44.22352546767802], [-0.622318324549986, 44.18438741684296], [-0.619535695119264, 44.170396286679875], [-0.621961824093986, 44.159954428115554], [-0.641612022528417, 44.127542383743695], [-0.648847534734975, 44.11866089754566], [-0.67789535327009, 44.10096637857412], [-0.702398904794409, 44.11166481196103], [-0.707959260279459, 44.117342472401575], [-0.727152302269593, 44.11687122951566], [-0.785756740207118, 44.086540339380406], [-0.824414576486789, 44.08269152466797]]]}",9625,246,20,2,40,72
88149,88260,DOMMARTIN-LES-VALLOIS,VOSGES,LORRAINE,"Commune simple",367.0,498.0,0.1,"48.1537141172, 6.08556703588","{""type"": ""Polygon"", ""coordinates"": [[[6.099612609853832, 48.13998122823234], [6.076851768496774, 48.14143282564397], [6.069576349881939, 48.157237161318456], [6.085055896090234, 48.17155650538196], [6.085853993287568, 48.17139155516635], [6.097116600060422, 48.16005625645402], [6.099612609853832, 48.13998122823234]]]}",18517,149,10,1,88,41
12191,12350,PRIVEZAC,AVEYRON,MIDI-PYRENEES,"Commune simple",484.0,1093.0,0.3,"44.4103475612, 2.19453209894","{""type"": ""Polygon"", ""coordinates"": [[[2.235394190532832, 44.38777397479203], [2.215426993757767, 44.39368297078148], [2.206829118248372, 44.39261313515327], [2.209141751082524, 44.398724253077255], [2.201490337368263, 44.4026120167674], [2.183951390691409, 44.39714513624163], [2.17630708713427, 44.40130127907263], [2.16149389386248, 44.41459392318083], [2.194316580097791, 44.43286151811077], [2.198324947023034, 44.43282773477466], [2.205675228112578, 44.41311189125191], [2.217317943608249, 44.40765884629674], [2.235394190532832, 44.38777397479203]]]}",18757,191,18,3,12,73
88261,88600,LAVAL-SUR-VOLOGNE,VOSGES,LORRAINE,"Commune simple",441.0,369.0,0.6,"48.1965616078, 6.69279704432","{""type"": ""Polygon"", ""coordinates"": [[[6.682744496732829, 48.182010251606435], [6.682274273602108, 48.18279960015442], [6.686121018052656, 48.19197554223927], [6.68263171725317, 48.19795752864856], [6.671197989029221, 48.20364625858439], [6.672532385986281, 48.20674840925785], [6.683111468726452, 48.20733758503952], [6.712004081624399, 48.198532676335226], [6.710527883652117, 48.18980540566836], [6.69806259797971, 48.18916981091623], [6.695358566768633, 48.184606465773804], [6.687605305717908, 48.18622722976183], [6.682744496732829, 48.182010251606435]]]}",29877,261,03,1,88,41
70522,70240,VAROGNE,HAUTE-SAONE,FRANCHE-COMTE,"Commune simple",283.0,455.0,0.1,"47.7190126678, 6.20728397771","{""type"": ""Polygon"", ""coordinates"": [[[6.20412864535311, 47.7076017437043], [6.191787417405022, 47.71122720583939], [6.188271986168072, 47.71983562447568], [6.204950388855075, 47.73345921666087], [6.208835517674306, 47.72747050398554], [6.237569728057998, 47.71697690565685], [6.214176753977465, 47.71355054860735], [6.20412864535311, 47.7076017437043]]]}",31286,522,26,2,70,43
27680,27390,VERNEUSSES,EURE,HAUTE-NORMANDIE,"Commune simple",226.0,1626.0,0.2,"48.9094606653, 0.425364858539","{""type"": ""Polygon"", ""coordinates"": [[[0.450040380124741, 48.89101583215785], [0.436707676268911, 48.88578234592989], [0.426211233089819, 48.88669981103814], [0.421686386519206, 48.8885279468348], [0.417945784098931, 48.89847077421536], [0.386114398537633, 48.91054783534226], [0.390826046937763, 48.92710721699164], [0.395213961840262, 48.92892123602164], [0.409267172518377, 48.92559100007225], [0.434154389229783, 48.92844798719184], [0.43813063803386, 48.92617577728829], [0.437006343744873, 48.91961961138752], [0.440494819926675, 48.917255905614525], [0.453955188443171, 48.92005306956404], [0.462374316140031, 48.916506833923805], [0.456418278261249, 48.90821083103242], [0.457807277746472, 48.902131041665044], [0.450040380124741, 48.89101583215785]]]}",21772,680,10,2,27,23
76249,76850,ETAIMPUIS,SEINE-MARITIME,HAUTE-NORMANDIE,"Commune simple",156.0,1051.0,0.7,"49.6398704816, 1.14395186181","{""type"": ""Polygon"", ""coordinates"": [[[1.164742159125542, 49.61888303670865], [1.138779290397075, 49.62978686721357], [1.104648487351017, 49.63818512868653], [1.115794776422633, 49.6470952448315], [1.132262237304291, 49.65370411926673], [1.137037979804984, 49.65295943879752], [1.14253716286346, 49.6578433233037], [1.152496343006716, 49.650813379506], [1.171052693863059, 49.64715703057713], [1.174943410768812, 49.64479763490398], [1.174231019798515, 49.637982739729345], [1.164215802984607, 49.63165682837147], [1.164742159125542, 49.61888303670865]]]}",30636,249,52,1,76,23
70024,70100,APREMONT,HAUTE-SAONE,FRANCHE-COMTE,"Commune simple",196.0,1447.0,0.4,"47.3925481381, 5.52972879286","{""type"": ""Polygon"", ""coordinates"": [[[5.491881086214764, 47.372889043891405], [5.496919356593678, 47.388551429974115], [5.499762235752025, 47.40287377155191], [5.539403848185427, 47.40686026791695], [5.544184176869421, 47.412817240509526], [5.549566311948399, 47.40379176272621], [5.558639947046784, 47.40183612284243], [5.572514318564899, 47.40180015496497], [5.569562643252292, 47.38921087861204], [5.572302180819619, 47.38660134811086], [5.570391547812505, 47.38492331150075], [5.561447981851185, 47.38786783709224], [5.546854072632462, 47.38580174697621], [5.525084358073278, 47.3777654222118], [5.505070968360012, 47.37766717150346], [5.491881086214764, 47.372889043891405]]]}",16590,024,09,2,70,43
41276,41000,VILLEBAROU,LOIR-ET-CHER,CENTRE,"Commune simple",115.0,917.0,2.6,"47.6266800111, 1.3190312927","{""type"": ""Polygon"", ""coordinates"": [[[1.304079375850686, 47.60788207725693], [1.293316063590785, 47.61391042850205], [1.29842271101254, 47.61911676863652], [1.294410959616628, 47.62756621481135], [1.299735184487973, 47.6326765834027], [1.309036329708727, 47.63926679896541], [1.325430266067779, 47.638971782176675], [1.333994595278146, 47.64156105427305], [1.341551513060931, 47.638013380079705], [1.345925456212236, 47.63914674832093], [1.343259549291006, 47.62118400122992], [1.340946731318654, 47.620619985628096], [1.318090183617413, 47.61658373246653], [1.304079375850686, 47.60788207725693]]]}",25976,276,01,1,41,24
09322,09140,USTOU,ARIEGE,MIDI-PYRENEES,"Commune simple",1456.0,9910.0,0.3,"42.7738686412, 1.2631778859","{""type"": ""Polygon"", ""coordinates"": [[[1.335268193840111, 42.724036709590294], [1.325861945875608, 42.724105899409935], [1.30933151617495, 42.71790163990593], [1.295259565323117, 42.7190634758074], [1.282177842516971, 42.71516714733278], [1.269226298509153, 42.718025278665664], [1.256345311881914, 42.71522619769435], [1.242504705155776, 42.72405625325564], [1.22929270012148, 42.72772377682722], [1.22510942409645, 42.762100259600956], [1.197487394906046, 42.78140785035655], [1.190008621953105, 42.79023993255352], [1.219552137853291, 42.801302784920935], [1.212324505367747, 42.817884810939894], [1.198522342802298, 42.83195493767845], [1.212105174693072, 42.84487339726074], [1.26569933778757, 42.826595209876935], [1.274698639877665, 42.825571097642374], [1.280143871579588, 42.81663740738277], [1.3004854997643, 42.802841094296575], [1.308763088547282, 42.80044468943562], [1.315419558549196, 42.791168883992185], [1.310440143232961, 42.767113212050546], [1.335065668093044, 42.73751447789017], [1.337809266637618, 42.73073118077628], [1.335268193840111, 42.724036709590294]]]}",7157,322,11,3,09,73
08501,08110,WILLIERS,ARDENNES,CHAMPAGNE-ARDENNE,"Commune simple",307.0,229.0,0.0,"49.6689882863, 5.30073584121","{""type"": ""Polygon"", ""coordinates"": [[[5.309850936251273, 49.66102268795372], [5.300640357535022, 49.66161080769602], [5.290434804926702, 49.66906696904699], [5.28655808767613, 49.68182393440505], [5.319152297335767, 49.663668403373364], [5.309850936251273, 49.66102268795372]]]}",23124,501,04,3,08,21
64230,64290,GAN,PYRENEES-ATLANTIQUES,AQUITAINE,"Commune simple",302.0,3947.0,5.4,"43.2086903788, -0.410215112205","{""type"": ""Polygon"", ""coordinates"": [[[-0.409378525204947, 43.160434060789136], [-0.403655827746989, 43.165584586306025], [-0.410841569200655, 43.16917479736976], [-0.415501536126536, 43.169144310572044], [-0.428813453242284, 43.15987163779959], [-0.451441101659719, 43.16231865019524], [-0.44394270501617, 43.17847630243344], [-0.434273091829574, 43.185924355927526], [-0.433491167122117, 43.19284584718695], [-0.420986244408649, 43.20276879368944], [-0.422304427734925, 43.206112274421216], [-0.424871799690452, 43.212873447326025], [-0.434187995499235, 43.22090562572697], [-0.437661356555069, 43.23105920832649], [-0.437963601925137, 43.247085286399376], [-0.410796734441487, 43.248613334591134], [-0.380260066991667, 43.255291078797796], [-0.382200111168036, 43.23816860413708], [-0.367252222495045, 43.22512190768664], [-0.379622663572617, 43.22065667641716], [-0.392871989005359, 43.18887340843083], [-0.392243848875967, 43.178809649120446], [-0.397264768433145, 43.163571430340184], [-0.409378525204947, 43.160434060789136]]]}",3237,230,46,3,64,72
31410,31140,PECHBONNIEU,HAUTE-GARONNE,MIDI-PYRENEES,"Commune simple",182.0,751.0,3.9,"43.7112584886, 1.45879137829","{""type"": ""Polygon"", ""coordinates"": [[[1.46150978986728, 43.6912802902991], [1.456748609236504, 43.697206817558474], [1.437841251171554, 43.70778205397487], [1.43674412756003, 43.711159325505726], [1.440904027006111, 43.712857005384656], [1.447567033753496, 43.716975273898], [1.451997418636037, 43.72613747125059], [1.455067402951586, 43.728728115926145], [1.468743847086875, 43.726896301329795], [1.476262860962144, 43.7097127386648], [1.47023985478653, 43.70481326430705], [1.468715998268292, 43.694990903231286], [1.46150978986728, 43.6912802902991]]]}",28597,410,50,3,31,73
22214,22470,PLOUEZEC,COTES-D'ARMOR,BRETAGNE,"Commune simple",76.0,2851.0,3.4,"48.7387813748, -2.9791439557","{""type"": ""Polygon"", ""coordinates"": [[[-2.985318000431101, 48.7094204360525], [-3.005752479761123, 48.711936631211124], [-3.013127244468557, 48.71655280579604], [-3.014441878110783, 48.71991419776777], [-3.016037817065161, 48.73315673790355], [-3.022621467420291, 48.74234060115992], [-3.02075309233898, 48.752023583317914], [-3.018033460435154, 48.758240554987886], [-3.002186461520689, 48.75011872806808], [-2.990104448081336, 48.75631897413394], [-2.990504250539354, 48.76300068624468], [-2.958560376364866, 48.76343805700267], [-2.950568923231805, 48.772667317502744], [-2.951564902745709, 48.76657453651647], [-2.944129206357525, 48.75772755903748], [-2.929974317946602, 48.756213782311534], [-2.942805906454953, 48.74145905904946], [-2.933824510037192, 48.73647683384193], [-2.947903857632497, 48.72721506678458], [-2.957972552515652, 48.72596327141502], [-2.963515639156272, 48.72031000001097], [-2.976116614625589, 48.711073217041644], [-2.985318000431101, 48.7094204360525]]]}",10034,214,28,4,22,53
87148,87260,SAINT-HILAIRE-BONNEVAL,HAUTE-VIENNE,LIMOUSIN,"Commune simple",308.0,2896.0,0.9,"45.7218835884, 1.3678917188","{""type"": ""Polygon"", ""coordinates"": [[[1.382485452827212, 45.68895047626772], [1.36117646274856, 45.704629541802966], [1.339942132544519, 45.698995668344764], [1.336304076885488, 45.70114868577149], [1.326686274514566, 45.711868558288934], [1.324386638860404, 45.72793871205051], [1.332457874001578, 45.74729709486918], [1.344104170153881, 45.73729996938417], [1.349826589859778, 45.74251776714925], [1.356210550412774, 45.73763924418569], [1.369577556567926, 45.74190440244225], [1.377533752095859, 45.750008177304856], [1.391882975353781, 45.74764678000212], [1.398276500430001, 45.735668754387085], [1.407426087678533, 45.73371781766772], [1.417423056908818, 45.7268513933421], [1.403479116034811, 45.70961409026109], [1.383474493449564, 45.70084455748337], [1.388226964295067, 45.691698759800694], [1.382485452827212, 45.68895047626772]]]}",10161,148,21,2,87,74
17163,17500,FONTAINES-D'OZILLAC,CHARENTE-MARITIME,POITOU-CHARENTES,"Commune simple",62.0,1392.0,0.5,"45.3786053942, -0.382932208818","{""type"": ""Polygon"", ""coordinates"": [[[-0.367284664986371, 45.36043281313539], [-0.384898005136976, 45.36394831556253], [-0.388796113589464, 45.36203683587334], [-0.41749663383834, 45.373250628957216], [-0.417586400046235, 45.385325239683716], [-0.404637507125361, 45.38649477195103], [-0.370461010005338, 45.399145980051706], [-0.362783638173374, 45.39700638050398], [-0.359042366032641, 45.3918281920121], [-0.356047741116563, 45.37103565362507], [-0.357550629707709, 45.365429796516146], [-0.367284664986371, 45.36043281313539]]]}",13855,163,11,1,17,54
49149,49350,GENNES,MAINE-ET-LOIRE,"PAYS DE LA LOIRE","Chef-lieu canton",71.0,3299.0,2.0,"47.3145776087, -0.253486023918","{""type"": ""Polygon"", ""coordinates"": [[[-0.224910229289745, 47.276619547767275], [-0.236770384229132, 47.27087405500133], [-0.25956257466944, 47.283255225412844], [-0.269335254854231, 47.2830522225533], [-0.283215959722697, 47.28831851556729], [-0.274473868055258, 47.29566566862531], [-0.266409188594391, 47.31135435661299], [-0.271286194604381, 47.312253125440286], [-0.288519235542179, 47.305287694969195], [-0.295981846878415, 47.309896399804074], [-0.294674601967153, 47.31277173827369], [-0.303204697390052, 47.31962928076584], [-0.29823629879814, 47.32567225236939], [-0.280190987817984, 47.33222938906855], [-0.274384602652014, 47.345016324918944], [-0.264193992431795, 47.34463652547385], [-0.252838278869789, 47.34034215469907], [-0.242683371553035, 47.35434817144261], [-0.212232817103416, 47.339355419208594], [-0.228516553635126, 47.32185717008221], [-0.225149661744753, 47.308165700561986], [-0.233952868364024, 47.28827895961619], [-0.228414386278324, 47.282937164449166], [-0.219109372155833, 47.282547100640926], [-0.224910229289745, 47.276619547767275]]]}",13999,149,15,3,49,52
02441,02600,LOUATRE,AISNE,PICARDIE,"Commune simple",129.0,1112.0,0.2,"49.2527947078, 3.24153629897","{""type"": ""Polygon"", ""coordinates"": [[[3.264489988240774, 49.236670003370016], [3.243795669615681, 49.23569775059704], [3.231412928888733, 49.241979150309945], [3.215502797010471, 49.24281772123855], [3.213597995196927, 49.243729089422416], [3.220911777392355, 49.255456646754084], [3.21989381319656, 49.26152659348316], [3.223367511549673, 49.26755230337097], [3.242938516280057, 49.27825709808889], [3.247118557682767, 49.26453040884222], [3.272160888945792, 49.246407012103944], [3.264489988240774, 49.236670003370016]]]}",34399,441,36,4,02,22
80721,80230,SAINT-VALERY-SUR-SOMME,SOMME,PICARDIE,"Chef-lieu canton",18.0,1055.0,2.9,"50.1761767829, 1.62262280183","{""type"": ""Polygon"", ""coordinates"": [[[1.611034693822285, 50.15762904291104], [1.607841170610594, 50.163960862760426], [1.595440894163703, 50.16995418598927], [1.59974030972067, 50.17934394501768], [1.591259491762812, 50.18758177296689], [1.596264396580261, 50.18617505185034], [1.613843938038767, 50.19142193546703], [1.622428580725454, 50.189030596186186], [1.627365176324167, 50.190118636155255], [1.643986810310147, 50.18531846394716], [1.646248292899326, 50.17710754664013], [1.647294428494775, 50.182453950987444], [1.665953690741569, 50.17764626691377], [1.652022323135391, 50.17507833814197], [1.644843092226271, 50.1705536273161], [1.637992431599534, 50.16581654173097], [1.611034693822285, 50.15762904291104]]]}",18080,721,40,1,80,22
83110,83170,ROUGIERS,VAR,"PROVENCE-ALPES-COTE D'AZUR","Commune simple",472.0,2086.0,1.5,"43.3818574426, 5.8514412718","{""type"": ""Polygon"", ""coordinates"": [[[5.82444294101823, 43.354243407899524], [5.821424448804005, 43.36389111668929], [5.828245383849545, 43.372390844013665], [5.829374016604219, 43.38255156939756], [5.823118612786404, 43.39165394096539], [5.837252741758816, 43.40042150125247], [5.853529618751596, 43.407240451636035], [5.857516901157936, 43.41343689608613], [5.868149715650023, 43.419637468665734], [5.866215041776575, 43.41005615455442], [5.87362288216448, 43.397670622488384], [5.880317061567879, 43.37133221331052], [5.866972194211343, 43.36106423445186], [5.82444294101823, 43.354243407899524]]]}",9289,110,21,3,83,93
76623,76440,SAINT-MICHEL-D'HALESCOURT,SEINE-MARITIME,HAUTE-NORMANDIE,"Commune simple",184.0,495.0,0.1,"49.6092134017, 1.65667640584","{""type"": ""Polygon"", ""coordinates"": [[[1.645863318229123, 49.599042459038394], [1.640688884612676, 49.604889592011894], [1.640240097843471, 49.615040589433], [1.646475513413673, 49.620394875129826], [1.658158262856593, 49.61800793080897], [1.660447495646811, 49.62039689755025], [1.678258379587786, 49.60831497622227], [1.670094669280107, 49.600990853549696], [1.645863318229123, 49.599042459038394]]]}",30001,623,23,1,76,23
54343,54470,MANDRES-AUX-QUATRE-TOURS,MEURTHE-ET-MOSELLE,LORRAINE,"Commune simple",249.0,1037.0,0.2,"48.8280148948, 5.79045735083","{""type"": ""Polygon"", ""coordinates"": [[[5.762412347080684, 48.79391012276455], [5.758209483809216, 48.80123356668063], [5.770337072100861, 48.80693743782419], [5.78135010460798, 48.835370667297845], [5.786442806655205, 48.84418804507064], [5.810427404360375, 48.86014883663279], [5.817063271076189, 48.86129758906703], [5.820000826842899, 48.84779292269764], [5.807576876841351, 48.84142597934253], [5.805586763494881, 48.83459742335608], [5.796067556016348, 48.82638829915518], [5.789596523773454, 48.80276369556784], [5.778490808109631, 48.79989973051831], [5.762412347080684, 48.79391012276455]]]}",18157,343,12,4,54,41
45336,45600,VIGLAIN,LOIRET,CENTRE,"Commune simple",136.0,3986.0,0.9,"47.7320234498, 2.29028303384","{""type"": ""Polygon"", ""coordinates"": [[[2.284303830619924, 47.695748693316], [2.269614456487482, 47.70233667933299], [2.260517337786212, 47.70256755621462], [2.258716198756154, 47.70935195046896], [2.238478966733857, 47.7322105281932], [2.247288466026931, 47.735705870494066], [2.273163113740445, 47.769676436076125], [2.281905745885758, 47.767867215372306], [2.284998939892361, 47.77016332012709], [2.301077417867417, 47.76174569534383], [2.320629483179265, 47.75789143603684], [2.336945633457272, 47.732845784327154], [2.337392652229582, 47.722650334353226], [2.32643257079639, 47.71067052718805], [2.284303830619924, 47.695748693316]]]}",2158,336,31,2,45,24
60424,60190,MONTMARTIN,OISE,PICARDIE,"Commune simple",77.0,335.0,0.2,"49.4662692846, 2.69750550928","{""type"": ""Polygon"", ""coordinates"": [[[2.717356951163243, 49.4707981551413], [2.709275070582209, 49.468361323397126], [2.706671647825553, 49.45572712834864], [2.701788066829468, 49.4562095384786], [2.696216333276312, 49.46113902781559], [2.683344731655708, 49.457708647788614], [2.679267738608397, 49.45923485082229], [2.682934588404547, 49.46161730158626], [2.681955566488877, 49.46831066538402], [2.694366009369693, 49.47318701140431], [2.69539467620203, 49.47648809574769], [2.705459271467176, 49.47484126271178], [2.717356951163243, 49.4707981551413]]]}",19304,424,14,3,60,22
58042,58400,BULCY,NIEVRE,BOURGOGNE,"Commune simple",175.0,838.0,0.1,"47.2416583489, 3.02883533035","{""type"": ""Polygon"", ""coordinates"": [[[3.039865482007438, 47.218237427494245], [3.01141956795251, 47.232386913966394], [3.012002681057114, 47.239381899710224], [3.020016464032573, 47.24793326692612], [3.016384794865561, 47.261329652895554], [3.036486183087163, 47.26219831793625], [3.042292837339568, 47.24682896590141], [3.039354744995684, 47.24258077256517], [3.042751300852085, 47.24147224885484], [3.039865482007438, 47.218237427494245]]]}",20850,042,18,4,58,26
30036,30620,BERNIS,GARD,LANGUEDOC-ROUSSILLON,"Commune simple",39.0,1288.0,3.1,"43.7713363574, 4.28342960175","{""type"": ""Polygon"", ""coordinates"": [[[4.295034224930762, 43.73611805532414], [4.274147580201301, 43.766360510133076], [4.25642963227383, 43.777258046555495], [4.255970299128127, 43.7840582312779], [4.25915066969813, 43.784633524128594], [4.275819157900751, 43.798443590626114], [4.309882750221896, 43.76665671617683], [4.299838307749529, 43.760198136632376], [4.3006829539783, 43.75365420060774], [4.29292246032611, 43.74593481510364], [4.302430921393158, 43.7366238161573], [4.295034224930762, 43.73611805532414]]]}",10165,036,37,2,30,91
81073,81350,CRESPINET,TARN,MIDI-PYRENEES,"Commune simple",317.0,910.0,0.1,"43.9551249562, 2.29516613633","{""type"": ""Polygon"", ""coordinates"": [[[2.303937545876663, 43.94363945698229], [2.295109024141559, 43.94240387184282], [2.286744488722957, 43.9349696348406], [2.28267107517479, 43.936031961796125], [2.281107433413853, 43.94547165549461], [2.277516785161222, 43.94375597755267], [2.272039245236165, 43.94839063192564], [2.279182562322947, 43.96373807129741], [2.298677846916605, 43.971262956914444], [2.315734524028762, 43.96639399028487], [2.321672724492187, 43.961633967997535], [2.303937545876663, 43.94363945698229]]]}",2499,073,32,1,81,73
71471,71390,SAINT-PRIVE,SAONE-ET-LOIRE,BOURGOGNE,"Commune simple",316.0,522.0,0.1,"46.6996790734, 4.57526174797","{""type"": ""Polygon"", ""coordinates"": [[[4.578679342403183, 46.6853264990493], [4.568489852054418, 46.685952579466985], [4.561855131356517, 46.69096933408598], [4.559974089648311, 46.70887162704639], [4.564859854459489, 46.70849891827861], [4.571163365071007, 46.71369025850065], [4.58246282892909, 46.70739299752594], [4.59615526697313, 46.705105001830546], [4.600795217707799, 46.69951970862245], [4.582723921553932, 46.697933158552296], [4.578679342403183, 46.6853264990493]]]}",33826,471,04,2,71,26
79274,79100,SAINT-MARTIN-DE-MACON,DEUX-SEVRES,POITOU-CHARENTES,"Commune simple",53.0,1234.0,0.3,"47.0226217222, -0.11381871589","{""type"": ""Polygon"", ""coordinates"": [[[-0.092379497689553, 47.00529378098069], [-0.117753637667824, 47.008124919082626], [-0.135142792209074, 47.01472692115974], [-0.146029349970677, 47.02610820666755], [-0.137563724427632, 47.04073728285196], [-0.128084070889786, 47.04068817440367], [-0.118959243630301, 47.033096082676586], [-0.109664893735693, 47.0339505303014], [-0.107057573751699, 47.03673282840604], [-0.090259982601532, 47.032696636935434], [-0.088267096491488, 47.02504625327294], [-0.081341161242774, 47.01313067662252], [-0.082606370503975, 47.01014153041699], [-0.091724385445354, 47.01156446813915], [-0.092379497689553, 47.00529378098069]]]}",18122,274,31,1,79,54
87110,87520,ORADOUR-SUR-GLANE,HAUTE-VIENNE,LIMOUSIN,"Commune simple",268.0,3833.0,2.2,"45.9310728054, 1.02303381376","{""type"": ""Polygon"", ""coordinates"": [[[1.038728104414023, 45.90500633518237], [1.030969375646293, 45.90187193219197], [1.017752677728823, 45.90380287821836], [1.009633528399955, 45.901038995991215], [1.006602589074295, 45.90350778717386], [0.994704927594382, 45.90851296042751], [0.970746422187986, 45.90700464320004], [0.966976761154901, 45.90915288280035], [0.965792822919747, 45.91570737157683], [0.972316528877918, 45.92465225300529], [0.968458743844126, 45.9267089041366], [0.98047214475584, 45.932806144895], [0.995127203238556, 45.93308480150406], [0.99885995035815, 45.953643675827706], [1.006080721320231, 45.96215737356274], [0.997114730383034, 45.97002506203694], [1.014226131004266, 45.97518167165743], [1.01782387818587, 45.972857653999796], [1.014059721331918, 45.96296420999434], [1.024941953832073, 45.95629970275871], [1.03343256865564, 45.95288948890116], [1.041827891860702, 45.96084472125635], [1.057873880898044, 45.954491523602435], [1.069278588220248, 45.94413871559212], [1.068237009356405, 45.93407744050157], [1.075568196413444, 45.92561812612273], [1.07267739306223, 45.91564252637213], [1.049200940740069, 45.91205133414267], [1.038728104414023, 45.90500633518237]]]}",6028,110,24,3,87,74
80115,80200,BOUCHAVESNES-BERGEN,SOMME,PICARDIE,"Commune simple",124.0,1016.0,0.3,"49.9924551007, 2.92163834053","{""type"": ""Polygon"", ""coordinates"": [[[2.938357187537302, 49.984490190944854], [2.928567140825504, 49.972313824888246], [2.921235348414289, 49.96722527740981], [2.915845778258334, 49.967383375189335], [2.912228694381282, 49.973345158971206], [2.907408106855476, 49.974257810717695], [2.900045570922265, 49.9928632795472], [2.917845725342237, 50.00525383052949], [2.913668043703336, 50.01158325574589], [2.927900794561044, 50.01997256688771], [2.932154714377874, 50.01837622499662], [2.939204503251477, 50.0098740517771], [2.933869361844418, 49.99689224362696], [2.938357187537302, 49.984490190944854]]]}",23762,115,33,4,80,22
33245,33360,LIGNAN-DE-BORDEAUX,GIRONDE,AQUITAINE,"Commune simple",59.0,897.0,0.7,"44.7951113982, -0.429417377257","{""type"": ""Polygon"", ""coordinates"": [[[-0.432497432141977, 44.771367659661514], [-0.434596275360672, 44.77176220064737], [-0.448651214962048, 44.796089798014265], [-0.455364739857322, 44.80029647496507], [-0.453978905074394, 44.80163737160861], [-0.440793158542114, 44.8050033396415], [-0.430928352020165, 44.81240134237151], [-0.421423962426931, 44.81120815076744], [-0.415174819704939, 44.80878746433528], [-0.415798625842431, 44.805722309251706], [-0.40794678819021, 44.803575913897795], [-0.404049711490169, 44.798378839113816], [-0.405568190277703, 44.795241226412244], [-0.421566676063169, 44.78902607758895], [-0.4238661969377, 44.7792044893375], [-0.432497432141977, 44.771367659661514]]]}",12610,245,23,2,33,72
14193,14100,COURTONNE-LA-MEURDRAC,CALVADOS,BASSE-NORMANDIE,"Commune simple",127.0,1279.0,0.7,"49.1202461329, 0.329059637996","{""type"": ""Polygon"", ""coordinates"": [[[0.332189661522723, 49.09857693642552], [0.306036877727316, 49.11147017995351], [0.2983365606348, 49.1156516099779], [0.311089365475817, 49.130565224273695], [0.312377173247361, 49.143791189180675], [0.333187934214899, 49.14334567941933], [0.335681774272224, 49.13032082301901], [0.344002204626623, 49.126591581800454], [0.358879251964786, 49.1267752553162], [0.359897161806343, 49.123478094581266], [0.350383943786465, 49.10419715759123], [0.332189661522723, 49.09857693642552]]]}",23899,193,21,3,14,25
71394,71220,SAINT-BONNET-DE-JOUX,SAONE-ET-LOIRE,BOURGOGNE,"Chef-lieu canton",393.0,2949.0,0.8,"46.4782854677, 4.43348327243","{""type"": ""Polygon"", ""coordinates"": [[[4.469953400825157, 46.468485416516444], [4.450950153747064, 46.4650808396291], [4.446343245022634, 46.45157610604792], [4.4377728019434, 46.447748648658006], [4.427926155073712, 46.446386169198576], [4.415095204636802, 46.45100383301316], [4.403590594290817, 46.45559473154229], [4.393216557713727, 46.46472767713063], [4.39022014394599, 46.480119293939524], [4.405145402987129, 46.48814119214274], [4.406033348600061, 46.50184631089436], [4.413999989566079, 46.51433835681202], [4.428305276968849, 46.500201352831226], [4.429688226151121, 46.49325846985746], [4.443136052801293, 46.48895573823199], [4.461417889856357, 46.50991468970684], [4.468694295998772, 46.50208527330087], [4.480082477691571, 46.497363333144015], [4.484288046004049, 46.49328308539366], [4.467679302728802, 46.47164877069368], [4.469953400825157, 46.468485416516444]]]}",7312,394,40,3,71,26
60410,60400,MONDESCOURT,OISE,PICARDIE,"Commune simple",68.0,320.0,0.3,"49.6007632459, 3.10933333116","{""type"": ""Polygon"", ""coordinates"": [[[3.104390526457566, 49.58776260512408], [3.097077782784702, 49.60215598577251], [3.102840159168933, 49.60736333151974], [3.099048689035766, 49.61320757579463], [3.101999568124409, 49.61579317662918], [3.122532601744941, 49.602034129767745], [3.124164023330923, 49.59626319353523], [3.104390526457566, 49.58776260512408]]]}",7432,410,29,3,60,22
38551,38520,VILLARD-REYMOND,ISERE,RHONE-ALPES,"Commune simple",1705.0,1093.0,0.0,"45.0290416543, 6.00823716098","{""type"": ""Polygon"", ""coordinates"": [[[6.010814138648087, 44.99994975226882], [5.998740684687057, 45.003816900047795], [5.994809183520801, 45.01603258190522], [6.000625096869679, 45.02547187119121], [5.994157828011025, 45.0418555939635], [5.988010600725284, 45.04716564458711], [5.995447694161276, 45.055741881711334], [6.020552649295198, 45.045818961459176], [6.027013530988842, 45.03649785627103], [6.023718714407241, 45.03408250483417], [6.023832736269887, 45.02090617321171], [6.010814138648087, 44.99994975226882]]]}",27184,551,03,1,38,82
11197,11300,LAURAGUEL,AUDE,LANGUEDOC-ROUSSILLON,"Commune simple",208.0,719.0,0.6,"43.0965194461, 2.17010023085","{""type"": ""Polygon"", ""coordinates"": [[[2.159137397467615, 43.085058116279704], [2.14579406204484, 43.09282346382241], [2.152994054013597, 43.10486128128494], [2.165955164118408, 43.106707360202485], [2.192866807847774, 43.10477153690529], [2.194293766554691, 43.10191290318385], [2.188896243565237, 43.097285119569264], [2.192271948862254, 43.0955025517211], [2.193568355931588, 43.09231017109385], [2.185760897594302, 43.0889504222188], [2.159137397467615, 43.085058116279704]]]}",25153,197,01,2,11,91
07329,07110,VALGORGE,ARDECHE,RHONE-ALPES,"Chef-lieu canton",946.0,2642.0,0.5,"44.5942570326, 4.11258793798","{""type"": ""Polygon"", ""coordinates"": [[[4.150326939663853, 44.560482558555805], [4.094890934326562, 44.58570609882448], [4.086563063801828, 44.58438379306076], [4.062965103163839, 44.59366166955645], [4.064623562006688, 44.60676357994744], [4.074172759720483, 44.60787764082054], [4.080741911553691, 44.617231176123326], [4.098429877530922, 44.62317919696468], [4.134889821319745, 44.61131344859656], [4.135599257277214, 44.59771991868851], [4.155951442405587, 44.583013336002104], [4.161663333747044, 44.57346381657182], [4.150326939663853, 44.560482558555805]]]}",5284,329,25,1,07,82
70141,70240,CHATENOIS,HAUTE-SAONE,FRANCHE-COMTE,"Commune simple",334.0,573.0,0.1,"47.6842959157, 6.31922142817","{""type"": ""Polygon"", ""coordinates"": [[[6.302232548347257, 47.669855533757456], [6.299971435882258, 47.67254094920193], [6.303057071360491, 47.678426516130784], [6.297876997225735, 47.689995750513354], [6.305435131093395, 47.693971250710426], [6.310626553414593, 47.68861733236104], [6.315538139935853, 47.689288883995694], [6.326537629918183, 47.69600313080285], [6.340717779510487, 47.699337359738706], [6.343766695561564, 47.69454760714555], [6.33293001823411, 47.6817223251822], [6.321246125080823, 47.67191110741483], [6.302232548347257, 47.669855533757456]]]}",18191,141,23,1,70,43
01274,01130,"LES NEYROLLES",AIN,RHONE-ALPES,"Commune simple",832.0,956.0,0.7,"46.1342937114, 5.63714517869","{""type"": ""Polygon"", ""coordinates"": [[[5.635969761633228, 46.10807721700278], [5.617083987521325, 46.11814582908907], [5.625406363562174, 46.12636884507745], [5.629236767405443, 46.153039498654444], [5.640750435763668, 46.15737643988623], [5.655030116881703, 46.165242610011305], [5.645445302187222, 46.134823469352796], [5.646614491898848, 46.12789460931221], [5.645571236462704, 46.11162895602747], [5.641515995560561, 46.112696486922815], [5.635969761633228, 46.10807721700278]]]}",6110,274,22,4,01,82
65169,65400,ESTAING,HAUTES-PYRENEES,MIDI-PYRENEES,"Commune simple",1967.0,7453.0,0.1,"42.8811154225, -0.205984086638","{""type"": ""Polygon"", ""coordinates"": [[[-0.238793534316151, 42.81779832277733], [-0.243358225027209, 42.8231410770671], [-0.251021908063051, 42.850196287246604], [-0.251300474107047, 42.88903205791596], [-0.23045850966548, 42.91281895329983], [-0.218375936914963, 42.91860897557615], [-0.206131932675135, 42.92949658539997], [-0.195524343987033, 42.945041294043975], [-0.185326024032847, 42.95252647645098], [-0.176084385050609, 42.954483144367714], [-0.170191794746179, 42.958761341542235], [-0.165669823598371, 42.95449349254194], [-0.168302587138278, 42.950203736180086], [-0.174516791802664, 42.94084899006326], [-0.173627357770646, 42.93399909430878], [-0.154677378790799, 42.913938258868235], [-0.162083208836476, 42.897727541110264], [-0.178929187459032, 42.88592610557651], [-0.168896546131277, 42.87477512007639], [-0.175941631832975, 42.85101475858701], [-0.195568997635111, 42.8229382559594], [-0.198952575025294, 42.820443505311104], [-0.207259995622169, 42.82388507184896], [-0.221542714880583, 42.822835879204995], [-0.238793534316151, 42.81779832277733]]]}",6230,169,03,1,65,73
73083,73660,"LES CHAVANNES-EN-MAURIENNE",SAVOIE,RHONE-ALPES,"Commune simple",734.0,455.0,0.2,"45.389687369, 6.2888113422","{""type"": ""Polygon"", ""coordinates"": [[[6.296838477210855, 45.37240724348561], [6.282185461583806, 45.38346323421318], [6.278345582260854, 45.38189041291127], [6.274714997019504, 45.399940077106734], [6.282405826342232, 45.40258090515069], [6.298846606902342, 45.3995835124631], [6.300213434969628, 45.3767058530055], [6.296838477210855, 45.37240724348561]]]}",20407,083,11,3,73,82
67259,67360,LANGENSOULTZBACH,BAS-RHIN,ALSACE,"Commune simple",256.0,1316.0,0.9,"48.9742908393, 7.73045198292","{""type"": ""Polygon"", ""coordinates"": [[[7.715984679340747, 48.95118053655523], [7.711898334602572, 48.9611695826639], [7.702432069466866, 48.9694869098064], [7.722617029620277, 48.9848627960123], [7.71254446484773, 49.00040198133995], [7.720171851855809, 49.00463294163393], [7.729713954702894, 49.00281554109228], [7.737060094631112, 48.98969770977663], [7.74600996552444, 48.98592942643488], [7.761239553881475, 48.9675243036734], [7.734073046336477, 48.95274598585517], [7.715984679340747, 48.95118053655523]]]}",34406,259,35,7,67,42
79357,79220,XAINTRAY,DEUX-SEVRES,POITOU-CHARENTES,"Commune simple",99.0,1115.0,0.2,"46.4958576969, -0.48044229191","{""type"": ""Polygon"", ""coordinates"": [[[-0.468218463637233, 46.47278707160759], [-0.494268467778629, 46.48109656045354], [-0.508704835650227, 46.490505713472395], [-0.496021927066775, 46.50477503928436], [-0.458905988589177, 46.520731000523845], [-0.461021865476641, 46.50245141053224], [-0.459920754555194, 46.499294098770996], [-0.468181099908514, 46.491887214070125], [-0.468218463637233, 46.47278707160759]]]}",10526,357,08,2,79,54
40049,40270,BORDERES-ET-LAMENSANS,LANDES,AQUITAINE,"Commune simple",69.0,1495.0,0.4,"43.7774896377, -0.361022812651","{""type"": ""Polygon"", ""coordinates"": [[[-0.335274218933074, 43.76282020508354], [-0.342095828732863, 43.76684418463852], [-0.349435997487041, 43.76421386053283], [-0.374686301835545, 43.77069375157423], [-0.396775977846877, 43.76676445714311], [-0.403152377365411, 43.76886215007849], [-0.400250047488324, 43.782760601869136], [-0.391285522451224, 43.79049792521885], [-0.368815474571333, 43.7870789390748], [-0.341580434834772, 43.788440202402064], [-0.322683553372372, 43.7856767325214], [-0.319942879061801, 43.782797094295205], [-0.322245007781985, 43.77256738021426], [-0.335274218933074, 43.76282020508354]]]}",7823,049,07,2,40,72
81114,81400,LABASTIDE-GABAUSSE,TARN,MIDI-PYRENEES,"Commune simple",299.0,1237.0,0.4,"44.0310798873, 2.09978207665","{""type"": ""Polygon"", ""coordinates"": [[[2.097351000855215, 44.0145364088497], [2.082899766451808, 44.0220577480763], [2.078580097892644, 44.02306553324915], [2.07300095547505, 44.01790605256097], [2.067683066570013, 44.022757217563175], [2.072825789905782, 44.027904286323476], [2.073264021024188, 44.044676327614056], [2.079534045662667, 44.04122794176792], [2.088919400777507, 44.04265656977561], [2.095678582958914, 44.047618015765735], [2.114011380120043, 44.046750840916985], [2.121373947268959, 44.04189580330041], [2.127674039425194, 44.0370858350783], [2.122785263449731, 44.02803713250615], [2.12889466555054, 44.01927436792215], [2.097351000855215, 44.0145364088497]]]}",7943,114,39,1,81,73
02823,02140,VOHARIES,AISNE,PICARDIE,"Commune simple",119.0,338.0,0.1,"49.7871481245, 3.79203868186","{""type"": ""Polygon"", ""coordinates"": [[[3.787381972120623, 49.776297612629804], [3.778739039522033, 49.78000101579337], [3.776280929330116, 49.788085129168365], [3.777397734063537, 49.78851827338382], [3.803906609555201, 49.79924501307927], [3.806913383004488, 49.795388655046615], [3.801136536940636, 49.78192246197421], [3.787381972120623, 49.776297612629804]]]}",9064,823,27,5,02,22
33223,33790,LANDERROUAT,GIRONDE,AQUITAINE,"Commune simple",98.0,496.0,0.2,"44.7425058294, 0.160918010334","{""type"": ""Polygon"", ""coordinates"": [[[0.161357873752715, 44.73347924691943], [0.1526200652359, 44.73082251540821], [0.141196719298845, 44.73751004934315], [0.145642720382452, 44.739066160191754], [0.148191396796683, 44.74588848780698], [0.145864605980443, 44.7526302818995], [0.153692873149717, 44.75033625490034], [0.169273320081266, 44.753248999679094], [0.180433660268554, 44.74549781655344], [0.172701113225946, 44.73460727258548], [0.168857204404102, 44.73614865741911], [0.161357873752715, 44.73347924691943]]]}",30815,223,34,3,33,72
86110,86310,HAIMS,VIENNE,POITOU-CHARENTES,"Commune simple",132.0,3280.0,0.2,"46.513121388, 0.927029519838","{""type"": ""Polygon"", ""coordinates"": [[[0.926011897813047, 46.47406082414558], [0.917150434990882, 46.48589784541751], [0.902840722104109, 46.495157293792815], [0.884788053590111, 46.498211575355676], [0.885610080591547, 46.51165729320259], [0.883353493318868, 46.5183623191041], [0.892892104158248, 46.5254473539153], [0.907087749674666, 46.55440620888422], [0.914331825490927, 46.545269686519866], [0.932218261067636, 46.53870358239312], [0.946485488483946, 46.529007288887456], [0.975550899794372, 46.52405790307601], [0.977269114306682, 46.51714358130102], [0.984438006389625, 46.51240615628985], [0.983036114371982, 46.50903968424429], [0.978212309176473, 46.510008360998846], [0.950398402227686, 46.4954163919521], [0.937240483579794, 46.480875659659404], [0.926011897813047, 46.47406082414558]]]}",6462,110,26,2,86,54
65295,65120,LUZ-SAINT-SAUVEUR,HAUTES-PYRENEES,MIDI-PYRENEES,"Chef-lieu canton",1869.0,5090.0,1.0,"42.8320053922, 0.0163906780322","{""type"": ""Polygon"", ""coordinates"": [[[-0.064930799327102, 42.79488786697258], [-0.071188809383697, 42.799549971172894], [-0.072572536956407, 42.80584538527551], [-0.062312719680343, 42.82010502648818], [-0.035089798396317, 42.82548647694809], [-0.026638446628677, 42.833860206768776], [-0.010504177931818, 42.841270364500886], [-0.015884867193464, 42.86859272632386], [-0.013072278934329, 42.871209456355224], [-0.014826823033321, 42.87766646408944], [-0.000111576379566, 42.87396633314785], [0.016067918784779, 42.861972073865104], [0.029965637407196, 42.86050397047015], [0.036209843571335, 42.85847197582804], [0.072922040448131, 42.84380459665385], [0.078000935605558, 42.834485831723946], [0.090744835165863, 42.830009260122644], [0.099888231435523, 42.83125572977483], [0.107484815768985, 42.82772668017988], [0.105748791123097, 42.810061651384416], [0.10003471047153, 42.80064831951186], [0.090457241399108, 42.801090599083416], [0.089646023209921, 42.81143428853593], [0.07888789698778, 42.827059434119064], [0.062052964319995, 42.82031869287037], [0.038770796885529, 42.815691913205136], [0.011286098525916, 42.82202898004359], [-0.002842831721864, 42.820095445665025], [-0.011127908254789, 42.816506615989006], [-0.017082834373212, 42.806899748255056], [-0.040466625122621, 42.804655250792436], [-0.055617046719457, 42.79622466084092], [-0.064930799327102, 42.79488786697258]]]}",5844,295,13,1,65,73
01339,01600,SAINT-BERNARD,AIN,RHONE-ALPES,"Commune simple",181.0,315.0,1.4,"45.9493830581, 4.74276628471","{""type"": ""Polygon"", ""coordinates"": [[[4.744454528837308, 45.93742650182026], [4.731370474579665, 45.94132036266518], [4.730581544407877, 45.95072682595847], [4.748462139435011, 45.96241349144863], [4.753632158312565, 45.95685717685583], [4.755684131518647, 45.95357378634102], [4.744454528837308, 45.93742650182026]]]}",22843,339,34,2,01,82
19166,19450,PIERREFITTE,CORREZE,LIMOUSIN,"Commune simple",382.0,995.0,0.1,"45.4278645906, 1.65028178088","{""type"": ""Polygon"", ""coordinates"": [[[1.66456486490989, 45.412866763954355], [1.635323807674671, 45.420610913850666], [1.626475818606856, 45.419512213830394], [1.608770814553874, 45.425381940758], [1.626424926543875, 45.43037274937531], [1.632136674584356, 45.435801100969016], [1.646152382683926, 45.4375472121756], [1.654070765097626, 45.4460000015773], [1.666037870665076, 45.440478260255524], [1.676727947279185, 45.42939261123779], [1.674958204687629, 45.419393241131964], [1.66456486490989, 45.412866763954355]]]}",34570,166,22,2,19,74
71265,71530,"LA LOYERE",SAONE-ET-LOIRE,BOURGOGNE,"Commune simple",189.0,577.0,0.5,"46.8414101183, 4.82826335118","{""type"": ""Polygon"", ""coordinates"": [[[4.845566085070584, 46.82522187411349], [4.815483352385654, 46.82809628987632], [4.819131447486265, 46.8378734545658], [4.810877429459996, 46.84615426665587], [4.810330060044662, 46.84941410647197], [4.823864208522241, 46.85214541683527], [4.825114260160754, 46.864698226303446], [4.830867371187741, 46.855042284939785], [4.844964426061858, 46.85148484140828], [4.8417796907552, 46.84778025162647], [4.831600620736887, 46.83285726992884], [4.845761460756264, 46.83134302968488], [4.845566085070584, 46.82522187411349]]]}",14482,265,53,2,71,26
16038,16350,BENEST,CHARENTE,POITOU-CHARENTES,"Commune simple",169.0,2091.0,0.4,"46.0386820793, 0.452609537625","{""type"": ""Polygon"", ""coordinates"": [[[0.494473603705957, 46.05975933778347], [0.476188126619729, 46.04310965742515], [0.482708314123948, 46.01543332461809], [0.467761311461389, 46.01680303870112], [0.458032083846277, 46.01578331677409], [0.425372840353243, 46.022839237596216], [0.408585379405225, 46.035736943275026], [0.407392408074039, 46.03661964653071], [0.413286950840413, 46.04908867462495], [0.44635108332331, 46.051234790531446], [0.466101467245835, 46.06096679102354], [0.471088768790029, 46.06677215238158], [0.480650920623782, 46.065426347463685], [0.494473603705957, 46.05975933778347]]]}",12839,038,11,3,16,54
49110,49140,CORZE,MAINE-ET-LOIRE,"PAYS DE LA LOIRE","Commune simple",33.0,3142.0,1.6,"47.5424133416, -0.369410127178","{""type"": ""Polygon"", ""coordinates"": [[[-0.393351172176654, 47.512668219912065], [-0.411257486693837, 47.51589330834544], [-0.416978510835475, 47.521546054344604], [-0.41701770249146, 47.52840145696092], [-0.398768460574173, 47.544540175572486], [-0.401535129722224, 47.55810920547746], [-0.39697316008097, 47.55899903814273], [-0.388297532121216, 47.56953147155722], [-0.373963619597506, 47.5698029500202], [-0.366963189119359, 47.57363611187134], [-0.339981085048956, 47.56433956689637], [-0.333784018144306, 47.55910230009052], [-0.320792193135606, 47.554581025857416], [-0.323355456981165, 47.53823705015468], [-0.328489158694951, 47.53820765907366], [-0.353446811609887, 47.516553828234265], [-0.372224939131497, 47.52118331161599], [-0.386663162968514, 47.51793539658084], [-0.393351172176654, 47.512668219912065]]]}",12186,110,31,1,49,52
87067,87250,FOLLES,HAUTE-VIENNE,LIMOUSIN,"Commune simple",349.0,3156.0,0.5,"46.1248930681, 1.45625971523","{""type"": ""Polygon"", ""coordinates"": [[[1.500706944882816, 46.09568161351122], [1.491923755020843, 46.09778084480375], [1.477611157630872, 46.095689368778324], [1.463800896392691, 46.09881769456086], [1.457549743462936, 46.10381263639569], [1.439174378332759, 46.10753336704255], [1.436881559275862, 46.113932565675874], [1.418103424621287, 46.113032977236436], [1.405994518973679, 46.11616906166228], [1.396788167783395, 46.12630710595311], [1.401453228159938, 46.12535511719465], [1.409104067132311, 46.12953360219632], [1.415629984515607, 46.13861351708972], [1.437541889516771, 46.150346492608264], [1.451355636656468, 46.15266120609699], [1.47008966512793, 46.14960062953204], [1.481763604087869, 46.138895370705015], [1.495629135091714, 46.140223699158106], [1.494324933852046, 46.13345153385627], [1.502152799981048, 46.12953815040721], [1.504851518968946, 46.12319711752753], [1.493475552799836, 46.11766985457428], [1.488492261157693, 46.10815576243872], [1.49996582170328, 46.102435714583414], [1.500706944882816, 46.09568161351122]]]}",12388,067,04,1,87,74
76645,76340,SAINT-RIQUIER-EN-RIVIERE,SEINE-MARITIME,HAUTE-NORMANDIE,"Commune simple",149.0,999.0,0.2,"49.8845471571, 1.57255279378","{""type"": ""Polygon"", ""coordinates"": [[[1.529029158528517, 49.866750728250764], [1.530946739370748, 49.86919079935483], [1.54421297106521, 49.87342882933648], [1.555131836579051, 49.89484362931456], [1.583465114816874, 49.901284865395695], [1.603669577340917, 49.890358399632525], [1.603591078906286, 49.89017780849563], [1.59034528734874, 49.872289668454314], [1.564196722032724, 49.87371924010271], [1.529029158528517, 49.866750728250764]]]}",16678,645,05,1,76,23
73032,73540,"LA BATHIE",SAVOIE,RHONE-ALPES,"Commune simple",1210.0,2220.0,2.1,"45.6383854539, 6.4735036135","{""type"": ""Polygon"", ""coordinates"": [[[6.44383138989349, 45.598242804802084], [6.449332009667001, 45.61358617665043], [6.443877451744505, 45.61901717225226], [6.434776926470358, 45.6447942090913], [6.456897917525903, 45.65290479580998], [6.481148306517946, 45.65715968777742], [6.501345711252316, 45.6673855295251], [6.510478288698985, 45.65651892723386], [6.523039776147954, 45.6527371601138], [6.526547158020249, 45.64323490420663], [6.520075548390208, 45.638263684483434], [6.509744575334419, 45.64576140575236], [6.500646140886746, 45.64434129112624], [6.477736711735776, 45.6218960107076], [6.463984541101493, 45.61828241752448], [6.456939089039658, 45.601508930611686], [6.44383138989349, 45.598242804802084]]]}",7843,032,30,1,73,82
52335,52700,MONTOT-SUR-ROGNON,HAUTE-MARNE,CHAMPAGNE-ARDENNE,"Commune simple",304.0,782.0,0.1,"48.2846391815, 5.29631206011","{""type"": ""Polygon"", ""coordinates"": [[[5.293622482647558, 48.26625676238981], [5.285820706294154, 48.27039540577125], [5.278273480061465, 48.28294468091028], [5.274125059631954, 48.28931628663919], [5.282757914678705, 48.29773703427402], [5.303573288741507, 48.29682050352965], [5.316194765357715, 48.29363968638464], [5.320687261216889, 48.28538752240429], [5.293622482647558, 48.26625676238981]]]}",7956,335,01,1,52,21
14749,14270,VIEUX-FUME,CALVADOS,BASSE-NORMANDIE,"Commune simple",49.0,680.0,0.4,"49.0611126926, -0.12942772433","{""type"": ""Polygon"", ""coordinates"": [[[-0.123879515219372, 49.04848041030522], [-0.143298395818867, 49.050394250441926], [-0.15604476148361, 49.055126183389326], [-0.143612986369171, 49.064621885938756], [-0.142733021237205, 49.07066495321021], [-0.136324523538995, 49.07543967540173], [-0.123964629390199, 49.07035366851479], [-0.119206393010347, 49.07139516247158], [-0.102783215558728, 49.067474288720746], [-0.103015079482792, 49.06539866832266], [-0.123879515219372, 49.04848041030522]]]}",29224,749,07,2,14,25
71364,71310,"LA RACINEUSE",SAONE-ET-LOIRE,BOURGOGNE,"Commune simple",190.0,713.0,0.2,"46.831031386, 5.16095151897","{""type"": ""Polygon"", ""coordinates"": [[[5.177658351784202, 46.81932324320697], [5.167687070945161, 46.81803443778333], [5.138785555154804, 46.82511479937152], [5.147223802910273, 46.84433198053056], [5.149504897656747, 46.84690145811415], [5.154056434963664, 46.84746485261389], [5.173450576031548, 46.83905668474282], [5.172002226184039, 46.83272492874095], [5.180636133694018, 46.8303908223541], [5.185850693351878, 46.82529279264186], [5.185643134481579, 46.82209914188173], [5.177658351784202, 46.81932324320697]]]}",22197,364,39,4,71,26
24326,24620,PEYZAC-LE-MOUSTIER,DORDOGNE,AQUITAINE,"Commune simple",169.0,1010.0,0.2,"44.9822248475, 1.07992123223","{""type"": ""Polygon"", ""coordinates"": [[[1.087709668709529, 44.96042123204942], [1.07485851511178, 44.96635980936005], [1.075757260657329, 44.969743734764585], [1.053483103748188, 44.98713479642645], [1.0554641223729, 45.00392146702024], [1.056297894532197, 45.00550316207123], [1.060211320470127, 44.99588048958568], [1.06785108995966, 44.99187946932207], [1.07251166415528, 44.99254572650785], [1.077735954970579, 45.00193973104477], [1.088898726278287, 44.99698035278565], [1.088112812727878, 44.99062636671018], [1.099918249003075, 44.98682980524456], [1.106269357184154, 44.979156662152526], [1.102229873109063, 44.9751610748354], [1.087709668709529, 44.96042123204942]]]}",33092,326,22,4,24,72
24012,24590,ARCHIGNAC,DORDOGNE,AQUITAINE,"Commune simple",254.0,2334.0,0.3,"45.0157581227, 1.29160105992","{""type"": ""Polygon"", ""coordinates"": [[[1.296957189212211, 44.99052486446357], [1.283324594635586, 44.99349442065519], [1.256486774699772, 45.008396215745684], [1.252688060862613, 45.02516884045762], [1.264715651076174, 45.03577690656431], [1.283098293093699, 45.03442278706976], [1.290700179455421, 45.04252802469543], [1.304331669906567, 45.033685476512545], [1.313483498681016, 45.03429278069646], [1.316281525134634, 45.03163336416177], [1.319030742200367, 45.025514898353045], [1.329389999029319, 45.01966395274786], [1.332121640412512, 45.01023082153307], [1.328127027557825, 45.00455127927683], [1.296957189212211, 44.99052486446357]]]}",2702,012,35,4,24,72
52401,52800,POULANGY,HAUTE-MARNE,CHAMPAGNE-ARDENNE,"Commune simple",360.0,1734.0,0.4,"48.0490763466, 5.25648006741","{""type"": ""Polygon"", ""coordinates"": [[[5.257915321836527, 48.0152495023757], [5.256117349802039, 48.021864949291825], [5.242946982910333, 48.025528715036835], [5.238929347510026, 48.03461677782752], [5.229108170587513, 48.03599151738387], [5.223043019438903, 48.048187489199286], [5.23662328396416, 48.062640201239304], [5.245458335887516, 48.06639710736694], [5.272503163918334, 48.07597908443752], [5.273933757545207, 48.07644660857196], [5.27602931884575, 48.06988838222808], [5.287356938325522, 48.06440247736967], [5.284584767933471, 48.044677661314296], [5.261894843059781, 48.03711252496766], [5.266162571578298, 48.01764771350707], [5.257915321836527, 48.0152495023757]]]}",2586,401,21,1,52,21
23156,23260,PONTCHARRAUD,CREUSE,LIMOUSIN,"Commune simple",619.0,913.0,0.1,"45.861496557, 2.27462161303","{""type"": ""Polygon"", ""coordinates"": [[[2.304344780744006, 45.848837351129276], [2.286390413319551, 45.8461498711122], [2.283797176036141, 45.85235611609205], [2.270621661074047, 45.848831812378045], [2.249307788877056, 45.85546421845047], [2.250306001299307, 45.86546675672224], [2.256464387535166, 45.87047837513792], [2.265416402949202, 45.87200477304099], [2.265042462964946, 45.8787833426991], [2.275539612790674, 45.881570700259694], [2.283193906711015, 45.873001423437096], [2.284979971250199, 45.86351215379819], [2.29907552114304, 45.863960661800995], [2.298374790693433, 45.85419459585794], [2.304344780744006, 45.848837351129276]]]}",1175,156,13,1,23,74
62787,62170,SEMPY,PAS-DE-CALAIS,NORD-PAS-DE-CALAIS,"Commune simple",84.0,813.0,0.3,"50.4962113332, 1.87768243694","{""type"": ""Polygon"", ""coordinates"": [[[1.891871786002348, 50.48029227421187], [1.876933230420985, 50.47953816973528], [1.874335981220264, 50.48244112684369], [1.864179181058695, 50.48362307554764], [1.854108211943026, 50.502040909633784], [1.873395538683483, 50.513169661579724], [1.891568081689678, 50.51327980323963], [1.891999919359983, 50.496856066497536], [1.90046737507963, 50.48483057229419], [1.891871786002348, 50.48029227421187]]]}",21436,787,18,4,62,31
82021,82110,BOULOC,TARN-ET-GARONNE,MIDI-PYRENEES,"Commune simple",205.0,1478.0,0.2,"44.3002675818, 1.12464954976","{""type"": ""Polygon"", ""coordinates"": [[[1.148521973896768, 44.278860642960325], [1.125761856603271, 44.283057740943995], [1.10958295341658, 44.29089310522252], [1.105322266528387, 44.297230520020314], [1.074576748382427, 44.30660970621526], [1.104438769184571, 44.311657624163075], [1.120364154924823, 44.318098730719235], [1.122865527957617, 44.31565636743709], [1.130534326392243, 44.316984537895394], [1.138965903987506, 44.31533578204802], [1.151414635623711, 44.30738827743641], [1.155581055150864, 44.301884891633044], [1.146696613600699, 44.29445139301449], [1.150853916988181, 44.28844386516938], [1.148521973896768, 44.278860642960325]]]}",9535,021,09,1,82,73
38290,38270,PACT,ISERE,RHONE-ALPES,"Commune simple",269.0,962.0,0.8,"45.3540175741, 4.98747435997","{""type"": ""Polygon"", ""coordinates"": [[[4.978245734176225, 45.33795351754597], [4.971443087480894, 45.34673851363563], [4.957568391595862, 45.34520755115751], [4.960518515368725, 45.354262245510235], [4.972995132203617, 45.36710366625596], [4.990872315624073, 45.3678321553587], [5.007717571527274, 45.36402756648957], [5.015578032374674, 45.3503302205386], [5.00965209426827, 45.342231026772644], [4.990147235494082, 45.34398461782675], [4.978245734176225, 45.33795351754597]]]}",18420,290,02,3,38,82
70017,70210,ANCHENONCOURT-ET-CHAZEL,HAUTE-SAONE,FRANCHE-COMTE,"Commune simple",267.0,1411.0,0.2,"47.861727458, 6.11528633916","{""type"": ""Polygon"", ""coordinates"": [[[6.144154613568371, 47.8439631767431], [6.134662424072639, 47.843181555314644], [6.116460673450516, 47.84924214016734], [6.101270997510545, 47.849888084905295], [6.092022382765173, 47.847088035689076], [6.088857152108266, 47.84972040034886], [6.085937351105495, 47.86925187384025], [6.096617047979106, 47.880922327294066], [6.104936458444181, 47.88489957342534], [6.118531628039422, 47.87494677249852], [6.136750022167737, 47.870155718303955], [6.147646080656335, 47.85885725905576], [6.145671250863423, 47.84562483364219], [6.144154613568371, 47.8439631767431]]]}",16616,017,01,2,70,43
77447,77240,SEINE-PORT,SEINE-ET-MARNE,ILE-DE-FRANCE,"Commune simple",62.0,858.0,2.0,"48.5514696661, 2.55439654626","{""type"": ""Polygon"", ""coordinates"": [[[2.5608955112323, 48.53565587803923], [2.548988349377239, 48.537293522511916], [2.534843252707495, 48.540684416078605], [2.529631444172375, 48.54630425891711], [2.531199123112667, 48.552805359176894], [2.545072110507509, 48.56243960079806], [2.547892863232417, 48.56851338456845], [2.555735636255416, 48.570710858100995], [2.560354717427497, 48.56623023365368], [2.566637015831156, 48.56374351513118], [2.568602041595207, 48.55717486099904], [2.582277018828639, 48.55354445144665], [2.582072569927205, 48.54689592350922], [2.567435089405929, 48.544225827291704], [2.5608955112323, 48.53565587803923]]]}",36261,447,34,2,77,11
71040,71450,BLANZY,SAONE-ET-LOIRE,BOURGOGNE,"Commune simple",312.0,4012.0,6.7,"46.7042568403, 4.39315980341","{""type"": ""Polygon"", ""coordinates"": [[[4.388256197297352, 46.667760285276856], [4.385159516032152, 46.67098570391196], [4.387439269275275, 46.6808552794361], [4.366291842975449, 46.69846270260802], [4.347488874445805, 46.69818072228854], [4.349073458492755, 46.704537963402224], [4.344489090054274, 46.71024716757614], [4.33298352473631, 46.714604889098844], [4.336732757494699, 46.72436815849472], [4.34535137645095, 46.73237233815166], [4.349387509724666, 46.73351369053865], [4.382483209648873, 46.736524073305254], [4.421209264623041, 46.730792110641296], [4.408617363348675, 46.712909204603505], [4.445333504696355, 46.705185225328954], [4.444694548683254, 46.701834167059644], [4.440317392030968, 46.695720322627956], [4.447388788614483, 46.686517608802276], [4.446923809825695, 46.67986827292053], [4.416286088000014, 46.66909262848038], [4.388256197297352, 46.667760285276856]]]}",4533,040,32,1,71,26
27167,27290,CONDE-SUR-RISLE,EURE,HAUTE-NORMANDIE,"Commune simple",77.0,991.0,0.5,"49.3076008928, 0.608409242024","{""type"": ""Polygon"", ""coordinates"": [[[0.629650969357217, 49.29704522649008], [0.599678387636908, 49.29456424603042], [0.58012556292328, 49.299533976411084], [0.58302828718467, 49.30479938836902], [0.584724510972518, 49.32086861138216], [0.591518164882794, 49.32534806511417], [0.607117819969525, 49.31829267890053], [0.626926401450365, 49.315931658669506], [0.645883169647056, 49.30506119020489], [0.629650969357217, 49.29704522649008]]]}",19602,167,23,2,27,23
62821,62830,TINGRY,PAS-DE-CALAIS,NORD-PAS-DE-CALAIS,"Commune simple",100.0,1141.0,0.3,"50.6110233696, 1.72199394641","{""type"": ""Polygon"", ""coordinates"": [[[1.713268935869031, 50.59132089849436], [1.701003175774632, 50.595618219688575], [1.693625559150538, 50.60710173095066], [1.700441741711367, 50.61623884341755], [1.709611411547937, 50.61789629881597], [1.716379793760191, 50.629625775170204], [1.726795311453936, 50.63179739976187], [1.741107435938979, 50.62718636685289], [1.745266150797522, 50.61717585461861], [1.754799441124327, 50.60878090327509], [1.739850653509651, 50.606978444863934], [1.730051729581226, 50.595102206593104], [1.713268935869031, 50.59132089849436]]]}",19495,821,44,3,62,31
77236,77480,JAULNES,SEINE-ET-MARNE,ILE-DE-FRANCE,"Commune simple",68.0,1584.0,0.4,"48.4144765757, 3.27634735642","{""type"": ""Polygon"", ""coordinates"": [[[3.28282451053873, 48.38157456964112], [3.281402594311381, 48.378339104344185], [3.272181535872187, 48.37889144933123], [3.262484807440592, 48.389709439816414], [3.260683792043164, 48.40243472861396], [3.254312370199581, 48.40923201346036], [3.24737284181639, 48.41340310957146], [3.248090465686623, 48.41655940090148], [3.26218516068274, 48.42443702615662], [3.276458363701278, 48.43974356528827], [3.275517714020058, 48.44600722739247], [3.289867035869205, 48.45128088903493], [3.297946632981289, 48.44993842350675], [3.292844325491442, 48.44437338509377], [3.291709081188569, 48.43474103531725], [3.296043838374866, 48.42905353625551], [3.290930849896363, 48.428481412849266], [3.296970848887384, 48.41607823725499], [3.295229768730199, 48.409272166790224], [3.286228036453403, 48.40144017172386], [3.28282451053873, 48.38157456964112]]]}",3908,236,01,3,77,11
12194,12800,QUINS,AVEYRON,MIDI-PYRENEES,"Commune simple",573.0,3865.0,0.8,"44.2295906034, 2.37852465105","{""type"": ""Polygon"", ""coordinates"": [[[2.398944498803326, 44.205632989463425], [2.380017396927815, 44.20740897095388], [2.361630277721226, 44.20334305368848], [2.345769412990699, 44.21046864969813], [2.31691477717778, 44.21014887791331], [2.3389780499745, 44.22625222819043], [2.329757921821209, 44.226835432990846], [2.326692123936633, 44.233072616836786], [2.334375095788622, 44.25263449224601], [2.342557033947069, 44.250136355610245], [2.361056554897707, 44.253233982236694], [2.374926815077282, 44.24356527044632], [2.390407206546373, 44.260727915362985], [2.398736063985132, 44.26315018624288], [2.405804385767989, 44.25443026596341], [2.415030159072989, 44.25365164946777], [2.427261712770085, 44.23050170301134], [2.432172650927747, 44.217628442758446], [2.423842721362049, 44.20966399988834], [2.398944498803326, 44.205632989463425]]]}",3040,194,22,2,12,73
26161,26510,LEMPS,DROME,RHONE-ALPES,"Commune simple",852.0,1687.0,0.0,"44.3531580457, 5.41264543298","{""type"": ""Polygon"", ""coordinates"": [[[5.427734896910152, 44.32491437263649], [5.418486496466719, 44.325442371205156], [5.406500867860593, 44.340393555303194], [5.393839017792518, 44.34513665761482], [5.395069060264633, 44.34840596173749], [5.386504033827786, 44.35124877411339], [5.372069099119583, 44.3721929371939], [5.386441396889361, 44.373593315223495], [5.400701005107317, 44.37172518179528], [5.408551574032919, 44.367672137563204], [5.427609624750784, 44.36620867709355], [5.434953500862136, 44.36911743294876], [5.443921515424839, 44.367747862476506], [5.443113283828793, 44.35745403666953], [5.43578073329384, 44.35303263141325], [5.438990779302012, 44.339551830366545], [5.427734896910152, 44.32491437263649]]]}",28302,161,20,2,26,82
95313,95290,L'ISLE-ADAM,VAL-D'OISE,ILE-DE-FRANCE,"Chef-lieu canton",54.0,1574.0,11.6,"49.1072255924, 2.23436241795","{""type"": ""Polygon"", ""coordinates"": [[[2.250877875868919, 49.090786138565846], [2.245894338199643, 49.08607931775437], [2.236017552988422, 49.087446634497404], [2.206045370753447, 49.08683880811929], [2.208226071881916, 49.091061306992074], [2.208967439634917, 49.093619821812744], [2.209052680144024, 49.111369766061465], [2.217447214248123, 49.12416554312453], [2.235042485081733, 49.13034785578344], [2.262355362927404, 49.12416154460471], [2.256584154842552, 49.111996633138354], [2.263086228829286, 49.10359364910359], [2.26044238178317, 49.10077206239319], [2.250877875868919, 49.090786138565846]]]}",24043,313,14,3,95,11
43249,43210,VALPRIVAS,HAUTE-LOIRE,AUVERGNE,"Commune simple",792.0,2237.0,0.5,"45.3212577135, 4.04688215633","{""type"": ""Polygon"", ""coordinates"": [[[4.058189371186296, 45.28701517699645], [4.053352452011138, 45.28623235742545], [4.027055014371257, 45.30183967312287], [4.023648615657557, 45.31159645135959], [4.026082591875606, 45.31694123793864], [4.020570596943291, 45.3281940712755], [4.023432150672012, 45.34497164333172], [4.034732241579785, 45.35038799404403], [4.035880447296811, 45.35375434367214], [4.045380533084505, 45.35566523194032], [4.05415354019236, 45.352197013951994], [4.06250810089204, 45.33957371356643], [4.070804130092686, 45.33605466118206], [4.073185670157262, 45.33308713333805], [4.065627510272944, 45.32442424495869], [4.066496532184179, 45.31447418896416], [4.080808506787329, 45.300883054777444], [4.067232978333814, 45.29895118390506], [4.058189371186296, 45.28701517699645]]]}",6088,249,03,3,43,83
19034,19430,CAMPS-SAINT-MATHURIN-LEOBAZEL,CORREZE,LIMOUSIN,"Commune simple",512.0,3405.0,0.2,"44.9925849683, 1.99504075347","{""type"": ""Polygon"", ""coordinates"": [[[1.950990172372908, 44.95315822566845], [1.941727610345135, 44.95479030571052], [1.94014986862384, 44.971838736705415], [1.927179143304876, 44.97880094515392], [1.934840542145964, 44.98288157492638], [1.97565887107953, 44.990405427519455], [1.976761229846419, 45.0002214600992], [1.982116925622442, 45.00581734684634], [1.979161365224346, 45.00850063722429], [1.997345662865012, 45.02014667667627], [2.005693205622124, 45.03266579815086], [2.010532428604618, 45.03333021690736], [2.019138256056189, 45.029939613882064], [2.022735482375078, 45.02754903141508], [2.025871093715977, 45.02102123891982], [2.046973890889189, 45.006742760586434], [2.041562283897643, 44.99364890257818], [2.045120631738155, 44.98366662828178], [2.00826752505323, 44.976230747348424], [1.984336323498604, 44.97371869576091], [1.956600388332416, 44.959009855794584], [1.950990172372908, 44.95315822566845]]]}",13653,034,16,2,19,74
91662,91580,VILLECONIN,ESSONNE,ILE-DE-FRANCE,"Commune simple",134.0,1468.0,0.7,"48.5019182614, 2.12813043077","{""type"": ""Polygon"", ""coordinates"": [[[2.120912786328777, 48.46764152790469], [2.118104771986402, 48.47050864390553], [2.122761804265212, 48.48005259520727], [2.121197270037893, 48.49025214525992], [2.102973021621769, 48.49618859028052], [2.107124543218371, 48.50915679189425], [2.111431141441916, 48.52348430436317], [2.122410068994462, 48.529422449465024], [2.143693521291399, 48.52166095009605], [2.150175494677732, 48.50942748476527], [2.151481459270342, 48.501510991287326], [2.138377038947761, 48.48750810724177], [2.148651499246476, 48.48069083390284], [2.138754393056675, 48.47853226556429], [2.130156439148744, 48.469877806717165], [2.120912786328777, 48.46764152790469]]]}",22931,662,09,1,91,11
53043,53150,BREE,MAYENNE,"PAYS DE LA LOIRE","Commune simple",100.0,1658.0,0.5,"48.1564468678, -0.518044395418","{""type"": ""Polygon"", ""coordinates"": [[[-0.526606565322001, 48.13271024895768], [-0.540913598113516, 48.141396801353636], [-0.550843842281261, 48.141971858473084], [-0.546527535428702, 48.15505429583093], [-0.549019827431038, 48.16149157469441], [-0.536578474592079, 48.164684527583965], [-0.527068869450333, 48.1795337030507], [-0.506943800264791, 48.179259917568736], [-0.488853520643033, 48.1627011551299], [-0.485700139475129, 48.14940103544801], [-0.493930592228397, 48.14177166089468], [-0.503163033124806, 48.1440106918567], [-0.526606565322001, 48.13271024895768]]]}",23561,043,23,2,53,52
16397,16140,VERDILLE,CHARENTE,POITOU-CHARENTES,"Commune simple",101.0,1442.0,0.4,"45.8810519501, -0.095445379465","{""type"": ""Polygon"", ""coordinates"": [[[-0.069064834283314, 45.874437351013945], [-0.073916616379875, 45.87468395186438], [-0.080864209839891, 45.865798355714745], [-0.088889171606082, 45.862371009966616], [-0.103335012532662, 45.86212827220749], [-0.116157408916922, 45.866939118129196], [-0.112860901451351, 45.869328040538385], [-0.114735989046053, 45.87237646446849], [-0.124187625314898, 45.87297163821623], [-0.129890952334816, 45.877986674444905], [-0.130953549034759, 45.89101563425456], [-0.105823155017949, 45.89164593312985], [-0.094199844841654, 45.89770528600438], [-0.085906892377808, 45.89412900990695], [-0.076168733080628, 45.89446655775232], [-0.066303116802832, 45.90109690168734], [-0.06053439032438, 45.8973962273778], [-0.069064834283314, 45.874437351013945]]]}",27979,397,01,3,16,54
04049,04160,CHATEAU-ARNOUX-SAINT-AUBAN,ALPES-DE-HAUTE-PROVENCE,"PROVENCE-ALPES-COTE D'AZUR","Commune simple",507.0,1853.0,5.3,"44.0854706133, 5.99239535024","{""type"": ""Polygon"", ""coordinates"": [[[5.985843853996513, 44.04668552781983], [5.983604425728587, 44.06280540725742], [5.967742332582665, 44.07455795842339], [5.970545913878413, 44.10097970041476], [5.977222038176421, 44.105788209717424], [5.97915517014328, 44.10880698650144], [6.005110781649812, 44.112907718674684], [6.022145021537808, 44.09986528000021], [6.007642078712733, 44.07851286960993], [6.006275745093476, 44.06495013092041], [5.995946047189034, 44.0535696848638], [5.985843853996513, 44.04668552781983]]]}",1810,049,30,4,04,93
24566,24150,VARENNES,DORDOGNE,AQUITAINE,"Commune simple",48.0,410.0,0.5,"44.8341720876, 0.668144001791","{""type"": ""Polygon"", ""coordinates"": [[[0.692929286039051, 44.824900705445344], [0.636815855298093, 44.836509775698836], [0.643374805666679, 44.841603317663136], [0.673644630568033, 44.83826091641565], [0.692865042946524, 44.833861456276196], [0.692929286039051, 44.824900705445344]]]}",19767,566,17,1,24,72
31269,31600,LAMASQUERE,HAUTE-GARONNE,MIDI-PYRENEES,"Commune simple",183.0,611.0,1.3,"43.4845365161, 1.24833943627","{""type"": ""Polygon"", ""coordinates"": [[[1.274783840533999, 43.48226080883949], [1.270852391491923, 43.476555789532505], [1.262199301250349, 43.47460862630808], [1.227062626763517, 43.480402069867374], [1.22829645399711, 43.496908768610844], [1.231173238125872, 43.49541685785428], [1.254537262709753, 43.49172779829923], [1.274783840533999, 43.48226080883949]]]}",22413,269,30,1,31,73
81178,81630,MONTGAILLARD,TARN,MIDI-PYRENEES,"Commune simple",172.0,1514.0,0.3,"43.9080851557, 1.60943104266","{""type"": ""Polygon"", ""coordinates"": [[[1.623036595020967, 43.88356288857406], [1.617049210241423, 43.88928364228724], [1.602245874483369, 43.90323532548474], [1.587911551775387, 43.902465849156975], [1.579337485574793, 43.90584696951084], [1.56963017139844, 43.91814152303171], [1.573536365701099, 43.91978577522544], [1.573866636362421, 43.93248148179512], [1.5951638860656, 43.92038110763782], [1.606542125297794, 43.92612541716548], [1.609535690917724, 43.91979992573686], [1.614042254914519, 43.91882210009108], [1.63736066327126, 43.91952052734357], [1.638787082579496, 43.91975433240985], [1.633631362393143, 43.90417259526141], [1.648011611735762, 43.892002633988206], [1.623036595020967, 43.88356288857406]]]}",5042,178,30,1,81,73
50248,50620,"LE HOMMET-D'ARTHENAY",MANCHE,BASSE-NORMANDIE,"Commune simple",14.0,1501.0,0.4,"49.1901156033, -1.19499269817","{""type"": ""Polygon"", ""coordinates"": [[[-1.196141052553613, 49.154834168421125], [-1.201115195120161, 49.158108825875836], [-1.201149867002813, 49.17189169076915], [-1.208484801374597, 49.18103474785579], [-1.208976316581511, 49.1914612361589], [-1.226704239709786, 49.198780820002504], [-1.223939508661362, 49.20849317678901], [-1.232612241158633, 49.227311044237396], [-1.206960060346475, 49.21276983716134], [-1.204528174138719, 49.206525714892294], [-1.202217484699238, 49.2034553490098], [-1.186675778202942, 49.20427590162257], [-1.175101829699096, 49.19332522469377], [-1.150905959140867, 49.18863432984555], [-1.169897246800878, 49.1769942378033], [-1.172780551938127, 49.1669458802612], [-1.187772413336296, 49.1694770362131], [-1.192115782468312, 49.16766917897004], [-1.196141052553613, 49.154834168421125]]]}",5567,248,34,4,50,25
50569,50210,SAVIGNY,MANCHE,BASSE-NORMANDIE,"Commune simple",100.0,1028.0,0.4,"49.0591765811, -1.32787039859","{""type"": ""Polygon"", ""coordinates"": [[[-1.360096234078024, 49.035512454459365], [-1.356696450168551, 49.04884682327707], [-1.3334770859916, 49.067724669837645], [-1.336257971554802, 49.07409884157117], [-1.318515584344549, 49.07780892640121], [-1.305480177902812, 49.07962772499762], [-1.300421622013054, 49.073676779403364], [-1.303552429501039, 49.06714419579178], [-1.30023210782141, 49.05718676340108], [-1.31913198858336, 49.052311819720046], [-1.351703171735479, 49.036690700126826], [-1.360096234078024, 49.035512454459365]]]}",17573,569,10,3,50,25
53190,53640,"LE RIBAY",MAYENNE,"PAYS DE LA LOIRE","Commune simple",212.0,1715.0,0.5,"48.3782564166, -0.415575081434","{""type"": ""Polygon"", ""coordinates"": [[[-0.386789659410793, 48.360723266446726], [-0.417696043087842, 48.357223727072196], [-0.448547933531598, 48.35912988544204], [-0.449024534771481, 48.36042179736407], [-0.442874278569451, 48.365968006112304], [-0.44534278060308, 48.38322251699021], [-0.428665151436059, 48.390964554190234], [-0.42716154904512, 48.40357018357832], [-0.418498435187961, 48.40074966721916], [-0.394595014597812, 48.40041921389741], [-0.391373218810838, 48.39408193378616], [-0.381317885433363, 48.39415317921333], [-0.380132232900729, 48.390855189683066], [-0.397839025579986, 48.37927251905602], [-0.386789659410793, 48.360723266446726]]]}",20187,190,14,3,53,52
02588,02160,PARGNAN,AISNE,PICARDIE,"Commune simple",92.0,239.0,0.1,"49.3942391486, 3.70308940891","{""type"": ""Polygon"", ""coordinates"": [[[3.698189801627519, 49.38549644029623], [3.693651947059248, 49.39514958243406], [3.686117055944496, 49.399156591303075], [3.690248372654394, 49.40117353307477], [3.705178152892031, 49.40213911912921], [3.714791787387323, 49.39516135532763], [3.7161470328236, 49.38862744675261], [3.7151839836205, 49.385711759245055], [3.706647298131916, 49.38773948713768], [3.698189801627519, 49.38549644029623]]]}",14879,588,12,2,02,22
78520,78550,RICHEBOURG,YVELINES,ILE-DE-FRANCE,"Commune simple",131.0,1068.0,1.5,"48.8248023552, 1.63460154303","{""type"": ""Polygon"", ""coordinates"": [[[1.62005324865026, 48.801380857421606], [1.619150623926442, 48.8082156276237], [1.608708426105516, 48.8198419478032], [1.621940989187509, 48.82888209418155], [1.620389342136468, 48.84478489589563], [1.623661860745005, 48.84884320321232], [1.643457766002167, 48.83863552686867], [1.648559314586719, 48.8389541222476], [1.652197378614889, 48.84528242287145], [1.658914411297187, 48.84163414446016], [1.652073565555279, 48.823199039687346], [1.656204439236225, 48.82148255680223], [1.651272574321427, 48.812036412528954], [1.628816147810531, 48.803685484996464], [1.625488395219268, 48.804915556823836], [1.62005324865026, 48.801380857421606]]]}",15078,520,08,1,78,11
78415,78124,MONTAINVILLE,YVELINES,ILE-DE-FRANCE,"Commune simple",111.0,478.0,0.6,"48.8802024049, 1.85246452448","{""type"": ""Polygon"", ""coordinates"": [[[1.838398469990262, 48.871258746139624], [1.832123740673994, 48.878689723795745], [1.835524196120336, 48.885171534449604], [1.858513739284931, 48.890942160516026], [1.868758972664941, 48.885193372296285], [1.874663272220977, 48.8770285689252], [1.857293982290193, 48.87194430047556], [1.838398469990262, 48.871258746139624]]]}",31480,415,01,1,78,11
60218,60110,ESCHES,OISE,PICARDIE,"Commune simple",99.0,780.0,1.3,"49.2315594255, 2.17454733737","{""type"": ""Polygon"", ""coordinates"": [[[2.171597543775468, 49.212186572895675], [2.148289330153716, 49.21255456227237], [2.15885692477187, 49.23108641818594], [2.166020380993332, 49.23976700023559], [2.170879356124352, 49.24072651572782], [2.169907241471022, 49.243974341839596], [2.177378762703633, 49.24474476370721], [2.182255877290535, 49.24894044616703], [2.19990800671589, 49.25215148177361], [2.198465384637786, 49.239789228858314], [2.189030811631425, 49.23289344547283], [2.177124476008747, 49.22362449587314], [2.171597543775468, 49.212186572895675]]]}",15218,218,23,1,60,22
50262,50800,"LA LANDE-D'AIROU",MANCHE,BASSE-NORMANDIE,"Commune simple",128.0,1512.0,0.5,"48.8191087979, -1.28348605862","{""type"": ""Polygon"", ""coordinates"": [[[-1.301318416753444, 48.806017075979184], [-1.313353322059341, 48.79985450527634], [-1.323421532662135, 48.79894095349899], [-1.325065008816297, 48.80215103745039], [-1.318553270992334, 48.811105557805675], [-1.328018043295367, 48.818662157066086], [-1.286975415057717, 48.830734033241754], [-1.274390673792006, 48.83580527257534], [-1.253512932266754, 48.83559554676475], [-1.239005035894904, 48.82631211591868], [-1.241964499592705, 48.82211814377848], [-1.251626069633918, 48.81415513251621], [-1.280558093011815, 48.80742949221548], [-1.282313452414064, 48.80423217721385], [-1.292869671572671, 48.80889704995784], [-1.301318416753444, 48.806017075979184]]]}",10684,262,48,4,50,25
25219,25800,EPENOY,DOUBS,FRANCHE-COMTE,"Commune simple",741.0,1328.0,0.6,"47.1339254136, 6.38483756366","{""type"": ""Polygon"", ""coordinates"": [[[6.355894195033833, 47.11715809994927], [6.351158284277907, 47.1220894072837], [6.351206757944606, 47.13114417483746], [6.376269801372159, 47.14675241113026], [6.381503983503067, 47.15143852092265], [6.391253256807117, 47.1514504907069], [6.399336880912422, 47.154997957724476], [6.409539115396359, 47.15359834233227], [6.407146428010979, 47.150650050114166], [6.412512376902401, 47.131108417953214], [6.412835850214965, 47.12516936123173], [6.398792509163317, 47.118130633532516], [6.379949874133637, 47.12121523502323], [6.355894195033833, 47.11715809994927]]]}",24468,219,27,3,25,43
10327,10500,"LA ROTHIERE",AUBE,CHAMPAGNE-ARDENNE,"Commune simple",141.0,725.0,0.1,"48.3381400722, 4.58555287029","{""type"": ""Polygon"", ""coordinates"": [[[4.626019397763121, 48.324377480085424], [4.615132604385805, 48.31919009054323], [4.6115748341973, 48.324179036147356], [4.612773547351853, 48.330713965434484], [4.608701435020054, 48.33259614658485], [4.575057842825363, 48.3281440731083], [4.563925860259925, 48.33954016525555], [4.554669763630899, 48.33690841795423], [4.554038896791436, 48.35622793714784], [4.561324402503098, 48.3592276762508], [4.592466289584783, 48.33305857833181], [4.628718629987813, 48.33660600119626], [4.631462080494704, 48.330187959197445], [4.626019397763121, 48.324377480085424]]]}",26359,327,21,1,10,21
77397,77730,SAACY-SUR-MARNE,SEINE-ET-MARNE,ILE-DE-FRANCE,"Commune simple",134.0,1359.0,1.7,"48.9510388059, 3.21708919555","{""type"": ""Polygon"", ""coordinates"": [[[3.238811616211124, 48.95019069191326], [3.242533615367146, 48.93732389551116], [3.236583725023292, 48.92865790687523], [3.217846915987711, 48.93229947973282], [3.189220870363456, 48.94227589426387], [3.183537431433973, 48.94487457627511], [3.184298169480914, 48.95536761417278], [3.185432215086914, 48.95556369892644], [3.189219662763792, 48.95320176526862], [3.198583075360052, 48.95589334406861], [3.209801327512107, 48.97130512589684], [3.21573259916611, 48.97538609056486], [3.229561302596842, 48.97645747813895], [3.238811616211124, 48.95019069191326]]]}",29965,397,12,1,77,11
47321,47120,VILLENEUVE-DE-DURAS,LOT-ET-GARONNE,AQUITAINE,"Commune simple",101.0,1186.0,0.3,"44.7431410072, 0.236705343695","{""type"": ""Polygon"", ""coordinates"": [[[0.242163702567622, 44.72349492916038], [0.218632490191224, 44.72662679308194], [0.211862647728733, 44.73956402539859], [0.218306331890184, 44.756229854769934], [0.224972398748185, 44.76103648801787], [0.226588664527599, 44.76415791333215], [0.235944234206818, 44.76419352506755], [0.24509481612858, 44.75292653615735], [0.253651088390033, 44.7503914154448], [0.27168163089045, 44.753188197500094], [0.272323362175277, 44.745690990351534], [0.260050279447359, 44.74203691322314], [0.242163702567622, 44.72349492916038]]]}",32031,321,11,2,47,72
64366,64330,MASCARAAS-HARON,PYRENEES-ATLANTIQUES,AQUITAINE,"Commune simple",195.0,873.0,0.1,"43.5399650569, -0.217995397037","{""type"": ""Polygon"", ""coordinates"": [[[-0.201355522975366, 43.52404745583798], [-0.209590372147501, 43.52746894730475], [-0.228038104446133, 43.52431011498576], [-0.23801434142758, 43.536196179745595], [-0.239804557985755, 43.544670313747126], [-0.228314488242099, 43.549037978589375], [-0.217292522399941, 43.55869435943766], [-0.208621828998113, 43.557753434308864], [-0.206948702692749, 43.55683937862569], [-0.198989745908723, 43.532671608822554], [-0.201355522975366, 43.52404745583798]]]}",15256,366,11,3,64,72
34293,34330,"LA SALVETAT-SUR-AGOUT",HERAULT,LANGUEDOC-ROUSSILLON,"Chef-lieu canton",825.0,9007.0,1.2,"43.6021759228, 2.68705591152","{""type"": ""Polygon"", ""coordinates"": [[[2.750945212637773, 43.545524273676016], [2.743073972333975, 43.5492668244156], [2.732766190567583, 43.560650653492864], [2.705275497786343, 43.56524920216559], [2.700533487371966, 43.5658120676058], [2.681404211695569, 43.56573063678841], [2.660701443012938, 43.55762417490135], [2.640381711122613, 43.56632233386404], [2.616642613961188, 43.565377360784964], [2.630437701247742, 43.58291647265507], [2.626178682585061, 43.59260137946676], [2.621513255408852, 43.59235128587209], [2.615979214798206, 43.59796443427625], [2.616909259375099, 43.60144984378461], [2.626203686451589, 43.60967018968199], [2.634481913079894, 43.62618240163047], [2.64549114503439, 43.660672188491645], [2.649787037876238, 43.65944436881459], [2.653636534708566, 43.65001773108903], [2.671915061184587, 43.649930445574554], [2.68469450921405, 43.653810408482045], [2.687300244365629, 43.65093856259509], [2.722670137060902, 43.642639399990834], [2.738400597565578, 43.630189282824716], [2.746729113965784, 43.61804393522536], [2.754523557193863, 43.61413878643581], [2.743812606050242, 43.602758920623735], [2.741629716348063, 43.59258638280568], [2.728660339509947, 43.58906368259643], [2.727628278937466, 43.5822139244116], [2.732049855934688, 43.576286531469876], [2.740394100584276, 43.57291472845108], [2.763964118333754, 43.57105204361067], [2.766969781479338, 43.568350290550754], [2.765885490084985, 43.55810886247832], [2.761441443542869, 43.54977660259206], [2.750945212637773, 43.545524273676016]]]}",8751,293,34,1,34,91
23104,23600,LAVAUFRANCHE,CREUSE,LIMOUSIN,"Commune simple",432.0,1616.0,0.2,"46.3054306554, 2.27199399628","{""type"": ""Polygon"", ""coordinates"": [[[2.284954162942234, 46.282166172921585], [2.277615120479731, 46.28517260034473], [2.262835496607605, 46.27828800746364], [2.258612978028842, 46.27936823087923], [2.248196965382362, 46.30206500484317], [2.253736642551966, 46.31125065406091], [2.248809837767792, 46.32083577114486], [2.257701119256514, 46.328422312273275], [2.267114359688014, 46.329257665847855], [2.282885496562401, 46.333005039960696], [2.285281142488738, 46.32278129825246], [2.298111873978487, 46.30845289518636], [2.292777150294542, 46.30296281391716], [2.29680066268722, 46.293190160968116], [2.284954162942234, 46.282166172921585]]]}",3587,104,08,2,23,74
26125,26400,EURRE,DROME,RHONE-ALPES,"Commune simple",208.0,1892.0,1.1,"44.758262486, 4.97623533568","{""type"": ""Polygon"", ""coordinates"": [[[4.979497665202661, 44.73163268228382], [4.944556527582399, 44.74125740789219], [4.951750541186619, 44.758133803821615], [4.952789550094834, 44.77167828488808], [4.960319243463823, 44.776237421913414], [4.98435330993647, 44.77976335335722], [4.991849687392583, 44.78434804075861], [5.000168271726799, 44.781082170342884], [5.005638698019045, 44.77243660713626], [5.003065041379841, 44.75697485741943], [4.980067417753361, 44.73166752637809], [4.979497665202661, 44.73163268228382]]]}",18091,125,07,1,26,82
77209,77400,GOUVERNES,SEINE-ET-MARNE,ILE-DE-FRANCE,"Commune simple",73.0,274.0,1.1,"48.8584691866, 2.69464360484","{""type"": ""Polygon"", ""coordinates"": [[[2.682287506280284, 48.84920581523064], [2.677300527888495, 48.85792497147961], [2.696453631985896, 48.866608587950175], [2.709454819890855, 48.864761276749235], [2.709853943303526, 48.85428511336874], [2.697247749583602, 48.85428086186772], [2.682287506280284, 48.84920581523064]]]}",12410,209,14,5,77,11
33384,33330,SAINT-CHRISTOPHE-DES-BARDES,GIRONDE,AQUITAINE,"Commune simple",61.0,773.0,0.5,"44.8971613275, -0.12024751685","{""type"": ""Polygon"", ""coordinates"": [[[-0.128107800117273, 44.88166505961952], [-0.139759508157711, 44.89239207093203], [-0.141387893125017, 44.89860837499615], [-0.131569985467932, 44.91281605896471], [-0.097069568757521, 44.901628369312334], [-0.09881956354106, 44.8892443022913], [-0.106826297549748, 44.886425529248804], [-0.118914165445096, 44.88772649173368], [-0.128107800117273, 44.88166505961952]]]}",31561,384,31,5,33,72
61147,61110,DORCEAU,ORNE,BASSE-NORMANDIE,"Commune simple",151.0,1477.0,0.4,"48.4287094423, 0.813944234714","{""type"": ""Polygon"", ""coordinates"": [[[0.845542371657323, 48.421384944074475], [0.817198190904694, 48.40715973439075], [0.797000420290173, 48.40980119244211], [0.785703320947605, 48.416439807072706], [0.788042076202791, 48.430577424082614], [0.80147407372843, 48.44149195636958], [0.808402898025764, 48.45859364048981], [0.81365524764603, 48.4591854912347], [0.818940068922892, 48.446620174725666], [0.838786308672993, 48.44395941402539], [0.834779433160126, 48.431889717317034], [0.845542371657323, 48.421384944074475]]]}",31701,147,30,3,61,25
2B194,20234,ORTALE,HAUTE-CORSE,CORSE,"Commune simple",422.0,420.0,0.0,"42.3108287185, 9.43462429228","{""type"": ""Polygon"", ""coordinates"": [[[9.425237115549466, 42.3010117020287], [9.421189144792557, 42.30231169824764], [9.423381015498984, 42.311872652468104], [9.412934639351185, 42.317761319168056], [9.421381462260708, 42.32065930866367], [9.447771338324019, 42.3141362305332], [9.456077324982711, 42.31607518888144], [9.45828816029341, 42.3097996784986], [9.455209717916784, 42.30733576119767], [9.446541025857348, 42.30936852808862], [9.438779180709835, 42.30187725543449], [9.425237115549466, 42.3010117020287]]]}",31821,194,37,3,2B,94
19174,19320,"LA ROCHE-CANILLAC",CORREZE,LIMOUSIN,"Chef-lieu canton",443.0,312.0,0.2,"45.1986182258, 1.96353579663","{""type"": ""Polygon"", ""coordinates"": [[[1.970553378474612, 45.18748063424916], [1.952015632390765, 45.196808428182806], [1.943437382861174, 45.207929826185456], [1.969729718886856, 45.20520379323573], [1.972552743295102, 45.202699402380716], [1.976046426953992, 45.19764368885072], [1.983899343597183, 45.196544773559076], [1.970553378474612, 45.18748063424916]]]}",19453,174,20,2,19,74
16221,16140,MONS,CHARENTE,POITOU-CHARENTES,"Commune simple",83.0,2009.0,0.3,"45.874585555, -0.0332855724322","{""type"": ""Polygon"", ""coordinates"": [[[-0.03088847947884, 45.846720995776636], [-0.033391838134888, 45.85871125874601], [-0.045082142532169, 45.86230775851405], [-0.052506766463523, 45.86618064080251], [-0.070410426735275, 45.868020485328636], [-0.069064834283314, 45.874437351013945], [-0.06053439032438, 45.8973962273778], [-0.051452397731373, 45.89817345327455], [-0.043637469446167, 45.89455420988186], [-0.030641692825691, 45.8990216919806], [-0.02261880082957, 45.895586835874234], [-0.016042812479793, 45.8916892963702], [-0.012794968276923, 45.878547061094196], [-3.272637385e-05, 45.87708432487938], [0.006789054611782, 45.872390071575836], [0.002085686546589, 45.87300430872629], [-0.010347187831567, 45.84813551283555], [-0.03088847947884, 45.846720995776636]]]}",11878,221,23,2,16,54
78168,78310,COIGNIERES,YVELINES,ILE-DE-FRANCE,"Commune simple",166.0,805.0,4.5,"48.7497670046, 1.91381870273","{""type"": ""Polygon"", ""coordinates"": [[[1.932415293299904, 48.74171503714845], [1.916481816924237, 48.73356593700513], [1.906655067175227, 48.73529332745172], [1.903288569671576, 48.73824879313228], [1.895595430465663, 48.7425584366944], [1.893484249949333, 48.765170079321855], [1.900973051954139, 48.76556303676795], [1.901068542801374, 48.76813642692036], [1.916218920217727, 48.75868639969592], [1.940190233964464, 48.75667082588244], [1.937122797864173, 48.74830533596783], [1.932415293299904, 48.74171503714845]]]}",28079,168,34,2,78,11
60299,60120,HARDIVILLERS,OISE,PICARDIE,"Commune simple",163.0,975.0,0.6,"49.6190429969, 2.22471392321","{""type"": ""Polygon"", ""coordinates"": [[[2.227893062562328, 49.60267097425683], [2.200085451385732, 49.603578474332515], [2.20269311657816, 49.61374167488228], [2.20307281412187, 49.62669392485881], [2.207548929990589, 49.63425390683083], [2.208372636917467, 49.63108703412745], [2.241526263135029, 49.636402722787544], [2.243548807848768, 49.63248824277582], [2.239473574028134, 49.63113281613349], [2.246973235455242, 49.62729733371342], [2.254032840383281, 49.615595405262994], [2.248032168442896, 49.61168516979055], [2.229699180312474, 49.60855079831607], [2.227893062562328, 49.60267097425683]]]}",26809,299,16,2,60,22
67325,67280,NIEDERHASLACH,BAS-RHIN,ALSACE,"Commune simple",275.0,691.0,1.4,"48.5356531709, 7.35017404112","{""type"": ""Polygon"", ""coordinates"": [[[7.365840830411964, 48.51934064387851], [7.36179732048003, 48.51784951314064], [7.346135677571169, 48.52146898947671], [7.343714438321708, 48.52792720608107], [7.330324444530413, 48.531344193605804], [7.326912802056178, 48.53700918658174], [7.335056918522394, 48.54050512107887], [7.349987034674212, 48.55659038767936], [7.352567906289308, 48.55057682578934], [7.362047914297269, 48.54969761241905], [7.365840830411964, 48.51934064387851]]]}",33691,325,14,3,67,42
71357,71270,POURLANS,SAONE-ET-LOIRE,BOURGOGNE,"Commune simple",187.0,1614.0,0.2,"46.9630221086, 5.23663173279","{""type"": ""Polygon"", ""coordinates"": [[[5.233395155079013, 46.931629587737106], [5.228382289880154, 46.94750715394975], [5.216647127549447, 46.95224595730981], [5.218142386164592, 46.958873423557094], [5.208147248285555, 46.974079960976546], [5.212198536270828, 46.98014509305607], [5.222071836775963, 46.98885423066039], [5.255236339191405, 46.97988809464049], [5.263133846763596, 46.9535224975031], [5.259294733624212, 46.947274729343654], [5.254212890614068, 46.947473297880336], [5.252042768109229, 46.94431815597836], [5.247875352510334, 46.9424629535983], [5.246680977973417, 46.93587494886961], [5.233395155079013, 46.931629587737106]]]}",9137,357,39,4,71,26
67217,67640,ICHTRATZHEIM,BAS-RHIN,ALSACE,"Commune simple",148.0,315.0,0.3,"48.47895733, 7.67769353417","{""type"": ""Polygon"", ""coordinates"": [[[7.663144878323481, 48.46959112753939], [7.65936475260778, 48.47509269406111], [7.666802894382545, 48.47978381993533], [7.665307232703471, 48.48567325913803], [7.674415807146772, 48.4871801817824], [7.697871473359523, 48.48206317872167], [7.695558360388022, 48.47757666556898], [7.687451138513588, 48.4734634178054], [7.67196102488926, 48.47302016083708], [7.663144878323481, 48.46959112753939]]]}",28459,217,07,5,67,42
57668,57385,TETING-SUR-NIED,MOSELLE,LORRAINE,"Commune simple",271.0,992.0,1.3,"49.0532700783, 6.6696096112","{""type"": ""Polygon"", ""coordinates"": [[[6.696646807409962, 49.037752511055096], [6.671688816032113, 49.03506210379815], [6.665373490763022, 49.04043095432858], [6.650491824854589, 49.049399681680704], [6.64270671429751, 49.06879948003557], [6.658752993580682, 49.07837485089041], [6.663130491866404, 49.065477894087316], [6.671874771913276, 49.06476977300539], [6.698308509954047, 49.049538309412455], [6.696646807409962, 49.037752511055096]]]}",33632,668,09,1,57,41
18147,18700,MENETREOL-SUR-SAULDRE,CHER,CENTRE,"Commune simple",157.0,5015.0,0.3,"47.4492645796, 2.28919930446","{""type"": ""Polygon"", ""coordinates"": [[[2.243691788054842, 47.414827239579274], [2.246699454214821, 47.442402811275635], [2.238642452951126, 47.45097453109488], [2.244992544594862, 47.459946069027865], [2.238214390750802, 47.46894009216793], [2.247745015297621, 47.491732324776784], [2.255326808799561, 47.487108975120215], [2.275081021306199, 47.484704009928116], [2.312286298017084, 47.47269585272912], [2.342387104329362, 47.459555681264675], [2.347407805821639, 47.46037611360814], [2.357033629270858, 47.45244482428399], [2.356317862033684, 47.44905607779256], [2.348913381866993, 47.44572012015348], [2.339111171369207, 47.422772313117385], [2.324282120229591, 47.4258739274158], [2.302528218172793, 47.41660824665218], [2.261534192566672, 47.41645426761484], [2.251934930040153, 47.419075634297506], [2.243691788054842, 47.414827239579274]]]}",4077,147,03,3,18,24
62480,62113,LABOURSE,PAS-DE-CALAIS,NORD-PAS-DE-CALAIS,"Commune simple",29.0,464.0,2.3,"50.4933712663, 2.68345429185","{""type"": ""Polygon"", ""coordinates"": [[[2.694926178321338, 50.476107701627754], [2.667010874497421, 50.48997593880455], [2.673045476074624, 50.49889637840104], [2.673857771275445, 50.51036988720493], [2.683171557395103, 50.511103167560385], [2.687764723159236, 50.505872865573906], [2.698530590930391, 50.48024566043016], [2.703599907894537, 50.479405154303834], [2.694926178321338, 50.476107701627754]]]}",33122,480,57,2,62,31
21212,21500,CREPAND,COTE-D'OR,BOURGOGNE,"Commune simple",295.0,577.0,0.3,"47.6070603908, 4.31019985069","{""type"": ""Polygon"", ""coordinates"": [[[4.305408621433695, 47.59026044381293], [4.288355533123196, 47.60930986436715], [4.293697049678819, 47.61164541610804], [4.317404842107527, 47.62126488895982], [4.32628307683573, 47.61846369651058], [4.328116847474255, 47.60868429013602], [4.320744298173856, 47.59963049229405], [4.305408621433695, 47.59026044381293]]]}",21023,212,21,3,21,26
90084,90150,REPPE,"TERRITOIRE DE BELFORT",FRANCHE-COMTE,"Commune simple",375.0,387.0,0.3,"47.6629663825, 7.02937822362","{""type"": ""Polygon"", ""coordinates"": [[[7.019805334989499, 47.65067877439963], [7.02129263597921, 47.66314602649422], [7.009772324286891, 47.667841082567286], [7.037637450519086, 47.67514565881617], [7.041660150105923, 47.672410910451994], [7.045281826570268, 47.670374857002564], [7.035236654326853, 47.65965483393664], [7.039244101810781, 47.65039544584503], [7.019805334989499, 47.65067877439963]]]}",21282,084,03,1,90,43
80060,80370,BEALCOURT,SOMME,PICARDIE,"Commune simple",63.0,356.0,0.1,"50.1965893183, 2.18248694285","{""type"": ""Polygon"", ""coordinates"": [[[2.178983370966385, 50.18422561971565], [2.171693780815676, 50.186107523143974], [2.170450864480272, 50.19539380041339], [2.178497709368772, 50.207292699122], [2.179181320684609, 50.210009257513306], [2.187736515136041, 50.209679889238586], [2.195611290351698, 50.198434590391415], [2.188775111878328, 50.186760209062534], [2.178983370966385, 50.18422561971565]]]}",13444,060,12,2,80,22
39428,39250,PLENISETTE,JURA,FRANCHE-COMTE,"Commune simple",819.0,272.0,0.0,"46.8047324429, 6.01569148453","{""type"": ""Polygon"", ""coordinates"": [[[6.031087272516707, 46.7931058797084], [6.021687041706048, 46.79204691405809], [6.000573284633804, 46.815423536268995], [6.009297954823713, 46.8179616897465], [6.029043305351933, 46.79573679433141], [6.031087272516707, 46.7931058797084]]]}",33180,428,20,2,39,43
57487,57160,MOULINS-LES-METZ,MOSELLE,LORRAINE,"Commune simple",171.0,705.0,5.1,"49.0926450491, 6.11852525419","{""type"": ""Polygon"", ""coordinates"": [[[6.126726509219539, 49.08027005770018], [6.118933117526207, 49.07709824381016], [6.107251508862956, 49.08079331016976], [6.103528323183401, 49.07900890321988], [6.098438984246966, 49.08346842047012], [6.100371324551166, 49.08600106409223], [6.107175803101143, 49.08844378380568], [6.108461998743525, 49.09389942196008], [6.095540531054967, 49.10191731246884], [6.10279738976203, 49.106391196893945], [6.100239843711161, 49.10922857482658], [6.107898940003653, 49.10895882340317], [6.114013334634963, 49.1046524713464], [6.127632442810682, 49.10459581591154], [6.144091996890025, 49.0894631674511], [6.126726509219539, 49.08027005770018]]]}",33300,487,37,4,57,41
16417,16120,VIVILLE,CHARENTE,POITOU-CHARENTES,"Commune simple",58.0,289.0,0.1,"45.5253882542, -0.123672658113","{""type"": ""Polygon"", ""coordinates"": [[[-0.141003149529395, 45.51846139952165], [-0.122644811783991, 45.53893456337776], [-0.118531110795903, 45.53031649711134], [-0.110175456869857, 45.52467262161106], [-0.106157350384162, 45.52228762279436], [-0.109213930361616, 45.51986899194662], [-0.141003149529395, 45.51846139952165]]]}",20771,417,12,2,16,54
45080,45480,CHARMONT-EN-BEAUCE,LOIRET,CENTRE,"Commune simple",123.0,1813.0,0.4,"48.2376605763, 2.11465872922","{""type"": ""Polygon"", ""coordinates"": [[[2.130383710107176, 48.21188383462012], [2.121220242329559, 48.214821487953046], [2.105794228382109, 48.2146067557559], [2.096505641068481, 48.230247230000906], [2.07873144539836, 48.23621986571867], [2.084714694833067, 48.24537259346181], [2.07970804497113, 48.25049870358837], [2.086040590969047, 48.259815942251485], [2.096171044409475, 48.25920995077869], [2.104472249928228, 48.26315129457564], [2.12087508283534, 48.25655279608573], [2.125523007019038, 48.24685127412752], [2.150626616033656, 48.244856752319954], [2.152486050451965, 48.23477413661562], [2.130383710107176, 48.21188383462012]]]}",32605,080,26,3,45,24
44073,44810,HERIC,LOIRE-ATLANTIQUE,"PAYS DE LA LOIRE","Commune simple",31.0,7453.0,5.2,"47.4207936826, -1.63717757742","{""type"": ""Polygon"", ""coordinates"": [[[-1.662140351712739, 47.36996614847785], [-1.667138683511109, 47.370811393400295], [-1.677002957358397, 47.39394211934756], [-1.690297305307692, 47.3992586619238], [-1.694678506426803, 47.4056016421577], [-1.714195461911441, 47.409717113171496], [-1.718477604400338, 47.41609940748825], [-1.695510486654177, 47.42311683783513], [-1.693232218910181, 47.42622984267518], [-1.691782950917551, 47.46730101538309], [-1.69028004216542, 47.47063503081118], [-1.685202218827945, 47.4711192166519], [-1.680817968512176, 47.46934793190856], [-1.676924150172804, 47.459495070608355], [-1.659425765952089, 47.452469489443516], [-1.644611454676687, 47.450888970300866], [-1.620113183053944, 47.459998469128074], [-1.610032182067811, 47.459659105660215], [-1.583302913004479, 47.45106739890244], [-1.569924324045715, 47.44649038222379], [-1.565207983694672, 47.440598266323306], [-1.563651581039559, 47.4304522158153], [-1.575800734701087, 47.42536687370858], [-1.578187122078381, 47.418780602536025], [-1.571244998699509, 47.414184678788374], [-1.579569545247341, 47.3958045546805], [-1.588512617747094, 47.39370227871613], [-1.598338950733279, 47.38596455072117], [-1.622969327648265, 47.38581630559744], [-1.662140351712739, 47.36996614847785]]]}",322,073,27,1,44,52
55476,55000,SAVONNIERES-DEVANT-BAR,MEUSE,LORRAINE,"Commune simple",252.0,514.0,0.5,"48.7489756437, 5.17589243702","{""type"": ""Polygon"", ""coordinates"": [[[5.167466600459626, 48.73082184101837], [5.165584988550648, 48.732349600911], [5.168237280198483, 48.73529763287339], [5.163467273046398, 48.74131356705585], [5.16667220846318, 48.751341597989715], [5.163467709981303, 48.76135081948726], [5.166576651520556, 48.76411961530357], [5.181422253289893, 48.761123128936454], [5.193586935750982, 48.75460204381004], [5.180571017641063, 48.73618861771796], [5.167466600459626, 48.73082184101837]]]}",26386,476,29,1,55,41
03116,03140,FOURILLES,ALLIER,AUVERGNE,"Commune simple",273.0,704.0,0.2,"46.2438583922, 3.19784046802","{""type"": ""Polygon"", ""coordinates"": [[[3.204650996919069, 46.22766771558654], [3.187978022138902, 46.23134344363401], [3.180516007780586, 46.23497546966514], [3.179682062819009, 46.24183846881011], [3.186655609639691, 46.25452404398191], [3.201380143775234, 46.262648306481736], [3.216912621256019, 46.24416888263918], [3.21500492486416, 46.23759897201858], [3.20758161687219, 46.23407385409194], [3.204650996919069, 46.22766771558654]]]}",15051,116,03,2,03,83
70078,70500,BOUGEY,HAUTE-SAONE,FRANCHE-COMTE,"Commune simple",252.0,851.0,0.1,"47.783385036, 5.86240543155","{""type"": ""Polygon"", ""coordinates"": [[[5.846682821361639, 47.768896942969384], [5.832570537104698, 47.778083236274725], [5.846503480919684, 47.791515717971805], [5.860309540901159, 47.79400730108553], [5.878285414878458, 47.79770079551194], [5.892527419566295, 47.78946950019016], [5.891224195445599, 47.784917477908024], [5.864197729051109, 47.77115362068081], [5.846682821361639, 47.768896942969384]]]}",15067,078,05,2,70,43
77239,77970,JOUY-LE-CHATEL,SEINE-ET-MARNE,ILE-DE-FRANCE,"Commune simple",136.0,3776.0,1.4,"48.6642848062, 3.13507230422","{""type"": ""Polygon"", ""coordinates"": [[[3.102264740088979, 48.62426225937383], [3.103612108751579, 48.66746340832894], [3.105194176894084, 48.69111784253861], [3.117950160245659, 48.69669149363514], [3.126340230362202, 48.705119693486594], [3.135684015281592, 48.70815853579167], [3.145518926489146, 48.70659091426859], [3.156656068957444, 48.69990293922107], [3.154391539677861, 48.69688374904256], [3.161251502701178, 48.691963673537416], [3.172221349573458, 48.656662289088445], [3.176573649844253, 48.654928918948094], [3.17353891990901, 48.64457131477508], [3.162018996240194, 48.63713075571474], [3.12297332538464, 48.625645902296], [3.102264740088979, 48.62426225937383]]]}",11614,239,23,3,77,11
19090,19320,GUMOND,CORREZE,LIMOUSIN,"Commune simple",493.0,1001.0,0.1,"45.2198203568, 1.96223391046","{""type"": ""Polygon"", ""coordinates"": [[[1.972552743295102, 45.202699402380716], [1.969729718886856, 45.20520379323573], [1.943437382861174, 45.207929826185456], [1.939524577554044, 45.21004494671261], [1.933889595732742, 45.21826694223813], [1.941034381082631, 45.22044207605869], [1.945787347754945, 45.22851952735401], [1.963021683994195, 45.238532309514376], [1.968703430237204, 45.233172860054154], [1.986213152942463, 45.22833530862149], [1.989859542169143, 45.226126091093136], [1.972552743295102, 45.202699402380716]]]}",11734,090,20,2,19,74
27270,27700,FRESNE-L'ARCHEVEQUE,EURE,HAUTE-NORMANDIE,"Commune simple",138.0,1061.0,0.5,"49.288073354, 1.40975224515","{""type"": ""Polygon"", ""coordinates"": [[[1.427589048127984, 49.275216172142486], [1.42066889728952, 49.27008162657474], [1.41065138342254, 49.26831364044912], [1.38982381906056, 49.27792807857329], [1.393176745582287, 49.280589266300126], [1.384248560931127, 49.29668141979411], [1.393036833362897, 49.30408159350797], [1.407764113822087, 49.3058231811074], [1.430104161677263, 49.298266489198895], [1.433384197105466, 49.2957376338895], [1.432089225524091, 49.285866470911216], [1.427589048127984, 49.275216172142486]]]}",26802,270,02,1,27,23
09310,09350,THOUARS-SUR-ARIZE,ARIEGE,MIDI-PYRENEES,"Commune simple",263.0,233.0,0.1,"43.1819071244, 1.23707299493","{""type"": ""Polygon"", ""coordinates"": [[[1.249383313165686, 43.18330603757268], [1.232129418316039, 43.17300197736832], [1.227734920562321, 43.17400051157371], [1.230324427376214, 43.187385682184946], [1.244266729831745, 43.189035003070806], [1.249383313165686, 43.18330603757268]]]}",16064,310,08,2,09,73
35268,35550,SAINT-GANTON,ILLE-ET-VILAINE,BRETAGNE,"Commune simple",78.0,1421.0,0.4,"47.769209131, -1.89133276373","{""type"": ""Polygon"", ""coordinates"": [[[-1.866882124058222, 47.76583148761466], [-1.869771431863542, 47.74874922869882], [-1.909724899090775, 47.7536885367393], [-1.917889671120351, 47.76519494363159], [-1.932714207756497, 47.77375094851141], [-1.913974378050905, 47.77681209171855], [-1.897421347201959, 47.78838142299883], [-1.872773754502624, 47.78867091723461], [-1.863407398687815, 47.77244151707305], [-1.866882124058222, 47.76583148761466]]]}",29418,268,25,2,35,53
21128,21320,CHAILLY-SUR-ARMANCON,COTE-D'OR,BOURGOGNE,"Commune simple",448.0,1872.0,0.3,"47.2731849062, 4.47732423155","{""type"": ""Polygon"", ""coordinates"": [[[4.454931201208559, 47.243767714670675], [4.446277851872598, 47.24698240008964], [4.445645694500416, 47.25297800351905], [4.452297230780595, 47.265203454855005], [4.446256787741932, 47.270285170260046], [4.451774040366883, 47.282560743859314], [4.460427044310886, 47.29081685394698], [4.478739671834714, 47.29551913333133], [4.491508513198849, 47.292078264883145], [4.510643038935537, 47.291533619420186], [4.51425755263861, 47.27281196554122], [4.50623638776746, 47.264641578805545], [4.487416423624206, 47.26139085419266], [4.473888945861336, 47.25716954652188], [4.458047841685229, 47.24411573977183], [4.454931201208559, 47.243767714670675]]]}",9477,128,26,1,21,26
09326,09310,VEBRE,ARIEGE,MIDI-PYRENEES,"Commune simple",831.0,523.0,0.1,"42.7696976304, 1.71781381664","{""type"": ""Polygon"", ""coordinates"": [[[1.702880806468347, 42.74986627407755], [1.713864612172106, 42.786203633619756], [1.72584816006351, 42.785366516030585], [1.73062535172431, 42.78409224570848], [1.728972804242104, 42.77367693740046], [1.730556095124556, 42.77048527917086], [1.722634866690118, 42.758232981885854], [1.702880806468347, 42.74986627407755]]]}",6527,326,03,1,09,73
47009,47170,ANDIRAN,LOT-ET-GARONNE,AQUITAINE,"Commune simple",84.0,986.0,0.2,"44.1023256865, 0.285513474394","{""type"": ""Polygon"", ""coordinates"": [[[0.309986630852013, 44.08878511232813], [0.286128741725606, 44.09047490865594], [0.27292956146369, 44.08821979792908], [0.261707054840974, 44.09475713077127], [0.262489391867135, 44.10758297548631], [0.271072497794397, 44.11000355641796], [0.280145254225276, 44.120756997507605], [0.28304157356976, 44.11822616725154], [0.291204007750586, 44.12113001158044], [0.301648333030417, 44.11074292117171], [0.302619779207074, 44.10422870508896], [0.309423381460133, 44.099902209804554], [0.309986630852013, 44.08878511232813]]]}",1086,009,25,4,47,72
31339,31530,MERENVIELLE,HAUTE-GARONNE,MIDI-PYRENEES,"Commune simple",222.0,970.0,0.5,"43.6206862872, 1.1676078873","{""type"": ""Polygon"", ""coordinates"": [[[1.188439251216213, 43.60562363261575], [1.180900159332147, 43.61410174667741], [1.171418228895334, 43.60689550401044], [1.158654087249557, 43.605176907295075], [1.142600331724265, 43.62131101508403], [1.146710672223877, 43.63558365124287], [1.154117886403009, 43.637608757681384], [1.180213607624392, 43.629885538340744], [1.19965330767464, 43.615323082393594], [1.188439251216213, 43.60562363261575]]]}",31346,339,18,3,31,73
06144,06420,"LA TOUR",ALPES-MARITIMES,"PROVENCE-ALPES-COTE D'AZUR","Commune simple",849.0,3634.0,0.5,"43.9626877314, 7.19994914649","{""type"": ""Polygon"", ""coordinates"": [[[7.187753578470046, 43.92484748421096], [7.170876304846172, 43.936515535143634], [7.161854742104008, 43.93850003430174], [7.161988802077963, 43.94529006237059], [7.15145695114033, 43.96389549947931], [7.174018817493637, 43.968704342227184], [7.183575386484671, 43.984822474306384], [7.196259762952293, 43.98977061969375], [7.205985464257885, 44.00178910139909], [7.225105910629244, 44.004034815324545], [7.229681004530458, 43.99788233875797], [7.238522716294094, 43.95647758246901], [7.223527831844338, 43.94808204535357], [7.214591779920169, 43.93250236686931], [7.187753578470046, 43.92484748421096]]]}",14248,144,29,2,06,93
80209,80500,CONTOIRE,SOMME,PICARDIE,"Commune simple",85.0,736.0,0.4,"49.7265282008, 2.5554571775","{""type"": ""Polygon"", ""coordinates"": [[[2.569400045772757, 49.70980232790315], [2.566996010357671, 49.71390011682666], [2.55326856499825, 49.71809160936759], [2.538033694461916, 49.717064356272715], [2.532290384213649, 49.7222808700483], [2.523222980287827, 49.72858930275852], [2.541300595383668, 49.73602655750522], [2.557722750708403, 49.73508094738957], [2.573351241891525, 49.73780525815003], [2.58553417616034, 49.73135107175268], [2.577580223714051, 49.727657797925154], [2.569400045772757, 49.70980232790315]]]}",14368,209,28,3,80,22
47180,47600,MONTAGNAC-SUR-AUVIGNON,LOT-ET-GARONNE,AQUITAINE,"Commune simple",125.0,2291.0,0.6,"44.1657823187, 0.457096230702","{""type"": ""Polygon"", ""coordinates"": [[[0.466317190321766, 44.13471133009225], [0.455929853216848, 44.14134173227663], [0.438998526374465, 44.14659381931749], [0.421313907223187, 44.167549266581325], [0.413930703258527, 44.17912770016601], [0.445247367733893, 44.18675981783907], [0.462536546142644, 44.181874887656456], [0.477465910793832, 44.19061227918363], [0.477323773095672, 44.19409411869355], [0.485124092511279, 44.19093218457107], [0.490488829910689, 44.18225678198209], [0.486262410072198, 44.17002081385826], [0.487694728594231, 44.1602648939479], [0.47637683967471, 44.14188642208823], [0.466317190321766, 44.13471133009225]]]}",9566,180,25,4,47,72
27220,27730,EPIEDS,EURE,HAUTE-NORMANDIE,"Commune simple",131.0,482.0,0.4,"48.9349153283, 1.39579544609","{""type"": ""Polygon"", ""coordinates"": [[[1.397804993648614, 48.920859569017914], [1.379871688638075, 48.926968546434885], [1.379099151234036, 48.93949639610027], [1.388441420439836, 48.94291432848499], [1.396317697255483, 48.94608704249806], [1.413415549266419, 48.94334645937604], [1.414746095394227, 48.933740112174874], [1.40164828811259, 48.92948265436185], [1.397804993648614, 48.920859569017914]]]}",18477,220,32,3,27,23
22293,22290,SAINT-GILLES-LES-BOIS,COTES-D'ARMOR,BRETAGNE,"Commune simple",90.0,961.0,0.4,"48.6570226311, -3.09056968713","{""type"": ""Polygon"", ""coordinates"": [[[-3.082671466013794, 48.64542409396201], [-3.092863480877775, 48.64538050594567], [-3.105432671452337, 48.639584400997535], [-3.119632983602796, 48.644014983960545], [-3.120533477737731, 48.65053660586318], [-3.100236132193039, 48.67084963325613], [-3.097315808560987, 48.66812144503763], [-3.07856340078635, 48.665219812454886], [-3.06714264733945, 48.67499546488662], [-3.054055974199568, 48.67056503137611], [-3.058724838460929, 48.66185643756318], [-3.07629171536221, 48.65658506387586], [-3.076825329955304, 48.65087426201579], [-3.082671466013794, 48.64542409396201]]]}",29592,293,40,2,22,53
25316,25550,ISSANS,DOUBS,FRANCHE-COMTE,"Commune simple",376.0,270.0,0.3,"47.5266990034, 6.73156159928","{""type"": ""Polygon"", ""coordinates"": [[[6.726681300791324, 47.51375217624926], [6.71768712397795, 47.52806150784112], [6.728033780352678, 47.534480478631124], [6.747199255685103, 47.536623201092304], [6.75002724350201, 47.53709994746136], [6.73685737148439, 47.52384352962271], [6.732875555290058, 47.51464420940415], [6.726681300791324, 47.51375217624926]]]}",31317,316,30,2,25,43
58251,58200,SAINT-LOUP,NIEVRE,BOURGOGNE,"Commune simple",239.0,1732.0,0.5,"47.4524727684, 3.00689474871","{""type"": ""Polygon"", ""coordinates"": [[[3.011101116374942, 47.418473455635194], [3.01035890438455, 47.421138095840995], [2.998567488880285, 47.42255185012712], [3.000504158129046, 47.43599168400986], [2.986904051488689, 47.44050988011472], [2.982284729987282, 47.44627044321926], [2.98352896112742, 47.45646966778182], [2.991941833319581, 47.46859591873775], [2.98783928146552, 47.47059394576244], [2.987876785522565, 47.48085588793911], [3.002509757443565, 47.48368301696493], [3.012362596415305, 47.48245816096265], [3.026294690297709, 47.460707698361325], [3.032138456420725, 47.44434096338851], [3.023098510711997, 47.43624144505625], [3.023822340727946, 47.42302652187919], [3.011101116374942, 47.418473455635194]]]}",36297,251,07,4,58,26
41240,41150,SEILLAC,LOIR-ET-CHER,CENTRE,"Commune simple",110.0,957.0,0.1,"47.5491979348, 1.16402336964","{""type"": ""Polygon"", ""coordinates"": [[[1.180486977599779, 47.52949884120112], [1.172572745018846, 47.526511800629386], [1.160521202447647, 47.53678476761994], [1.145719722861674, 47.534956588520295], [1.141919904566291, 47.537174081866844], [1.143549305311113, 47.553812212172254], [1.153226081254991, 47.563987085068085], [1.17516666839471, 47.56658332816929], [1.18680039070575, 47.561290499154595], [1.185720327664109, 47.55118052449083], [1.171273832952957, 47.542725391423126], [1.17340065201727, 47.53613190739197], [1.178343205462623, 47.53662341936706], [1.180486977599779, 47.52949884120112]]]}",20501,240,06,1,41,24
94074,94460,VALENTON,VAL-DE-MARNE,ILE-DE-FRANCE,"Chef-lieu canton",48.0,531.0,12.2,"48.752872402, 2.46129479573","{""type"": ""Polygon"", ""coordinates"": [[[2.472978586691335, 48.72757015586587], [2.471230822690982, 48.73771709503522], [2.462081323818802, 48.74015865873284], [2.450870605872155, 48.75877074598695], [2.442551918007305, 48.761961124587756], [2.435570211859142, 48.76723489590301], [2.442927277322039, 48.77140673297802], [2.466568851063951, 48.76546160118295], [2.468329082369069, 48.762285519633664], [2.468064418955474, 48.75221083303292], [2.472595858349036, 48.75066593410956], [2.47460080017612, 48.74065513466541], [2.484547064037293, 48.72907777269324], [2.475371106486753, 48.72759868522589], [2.472978586691335, 48.72757015586587]]]}",35681,074,47,1,94,11
89336,89630,SAINT-BRANCHER,YONNE,BOURGOGNE,"Commune simple",344.0,2225.0,0.3,"47.4294751821, 3.99056021345","{""type"": ""Polygon"", ""coordinates"": [[[4.01356505465719, 47.40690135374689], [4.008617398626749, 47.40190283741979], [3.993792046198743, 47.40114820382701], [3.982950746815419, 47.40793834415288], [3.973132136376852, 47.406922583000096], [3.970467777024228, 47.404054988034865], [3.957122882399109, 47.41269107676342], [3.957274020833748, 47.4256085578982], [3.970421134024672, 47.43004594828306], [3.969133974080871, 47.44690041559564], [3.973252060115596, 47.4602707426962], [3.976499275162785, 47.462908277258194], [3.995542922028121, 47.46258495870874], [3.988617156117489, 47.45775562966444], [3.990588779186688, 47.45455198873068], [4.022970437688872, 47.44598058046648], [4.027608202396453, 47.44007903545399], [4.027619601177009, 47.43652290057664], [4.020042113775274, 47.439947538662494], [4.009507800390757, 47.43299035705642], [4.021670387042915, 47.422351102278384], [4.01356505465719, 47.40690135374689]]]}",20859,336,23,2,89,26
80626,80540,PISSY,SOMME,PICARDIE,"Commune simple",118.0,668.0,0.3,"49.8666021286, 2.12931431789","{""type"": ""Polygon"", ""coordinates"": [[[2.13527611703188, 49.85288011846798], [2.116751862318103, 49.8577877129973], [2.106784761481427, 49.857167187767764], [2.102054690187532, 49.865362036343605], [2.111014844748561, 49.86802398826528], [2.123144122151546, 49.87803004380458], [2.132250281576103, 49.88047580572782], [2.146022649010818, 49.87748235315526], [2.152969225124961, 49.86686667233358], [2.13527611703188, 49.85288011846798]]]}",27903,626,26,2,80,22
54406,54450,OGEVILLER,MEURTHE-ET-MOSELLE,LORRAINE,"Commune simple",259.0,370.0,0.3,"48.5513307344, 6.71800139721","{""type"": ""Polygon"", ""coordinates"": [[[6.718171732736629, 48.540425331657644], [6.692628368106603, 48.55302798245267], [6.711105845986758, 48.55573946860695], [6.725138788357863, 48.5640268289175], [6.733020807074343, 48.55563856067204], [6.732326306403293, 48.54551104572407], [6.718171732736629, 48.540425331657644]]]}",21593,406,06,2,54,41
16031,16700,BARRO,CHARENTE,POITOU-CHARENTES,"Commune simple",107.0,1072.0,0.4,"46.0050083194, 0.235825640846","{""type"": ""Polygon"", ""coordinates"": [[[0.255711967838763, 45.99683560247176], [0.247353047726015, 45.99362326677018], [0.224064120438522, 45.99528937687608], [0.200542140141549, 45.99261088174298], [0.204210154503841, 46.010992957008], [0.210498761024866, 46.01219321304961], [0.240378274824574, 46.01386212337327], [0.25632378568649, 46.02137662467237], [0.268090520759514, 46.01258757031198], [0.269405820264713, 46.00667247909537], [0.259961094196911, 45.996920466969456], [0.255711967838763, 45.99683560247176]]]}",31203,031,24,3,16,54
56076,56310,GUERN,MORBIHAN,BRETAGNE,"Commune simple",146.0,4693.0,1.4,"48.034812094, -3.10210819961","{""type"": ""Polygon"", ""coordinates"": [[[-3.057466005142175, 48.01248869156977], [-3.076033466003066, 48.00749508218088], [-3.091202403475291, 48.00968782249471], [-3.131737078518078, 48.00707291558707], [-3.144984736300385, 48.02106630029381], [-3.145872544689217, 48.02754586335658], [-3.157640133860375, 48.0337264982903], [-3.172461229617818, 48.033643828728316], [-3.166112293103909, 48.04266962181022], [-3.168412375588652, 48.04922842250049], [-3.156857830624232, 48.06005197040671], [-3.140266702360678, 48.067788555005144], [-3.122760146215635, 48.072663872290796], [-3.11499457527435, 48.06351872091811], [-3.095125526638963, 48.052826193975264], [-3.079667456354008, 48.05150575493209], [-3.053569249054246, 48.040018712815986], [-3.037898065428079, 48.040319524876274], [-3.028810551893845, 48.036986482890626], [-3.016993577854675, 48.025859505886146], [-3.030671267793387, 48.02121414378581], [-3.036815583222047, 48.01187317399844], [-3.050176306197634, 48.01625801709088], [-3.057466005142175, 48.01248869156977]]]}",3459,076,26,2,56,53
51035,51230,BANNES,MARNE,CHAMPAGNE-ARDENNE,"Commune simple",146.0,2337.0,0.3,"48.7922110406, 3.92587879621","{""type"": ""Polygon"", ""coordinates"": [[[3.90541717428811, 48.76513684498593], [3.896842017624714, 48.77681340455636], [3.888612361002305, 48.81299589881758], [3.910495435958131, 48.81602416753925], [3.931026282984802, 48.81487669813808], [3.958130203598701, 48.80684656781078], [3.957161228550566, 48.80079217673452], [3.973228563006107, 48.78334819022844], [3.930164916931566, 48.76887729716356], [3.914401202728926, 48.767703801014946], [3.90541717428811, 48.76513684498593]]]}",20253,035,13,2,51,21
54566,54700,VILCEY-SUR-TREY,MEURTHE-ET-MOSELLE,LORRAINE,"Commune simple",312.0,1353.0,0.2,"48.9396903192, 5.95866589461","{""type"": ""Polygon"", ""coordinates"": [[[5.949501680617419, 48.916960293470126], [5.946641760845649, 48.92359993318234], [5.939058992402448, 48.92836667321034], [5.943019153231806, 48.941632678875585], [5.930043254757793, 48.9566904775172], [5.950581613932055, 48.96536520757321], [5.954903501620366, 48.963737981209825], [5.973692779965656, 48.953428687163466], [5.970520407359393, 48.95099670115281], [5.984693511968573, 48.93798305944097], [5.982842261415438, 48.92904816633675], [5.978715790175627, 48.92424637860023], [5.982622942687168, 48.9187946806204], [5.949501680617419, 48.916960293470126]]]}",34990,566,26,4,54,41
31200,31510,FRONTIGNAN-DE-COMMINGES,HAUTE-GARONNE,MIDI-PYRENEES,"Commune simple",737.0,260.0,0.1,"42.9631400152, 0.665864279596","{""type"": ""Polygon"", ""coordinates"": [[[0.690306758081639, 42.954182921811544], [0.666805169475633, 42.95714811091932], [0.649963802628113, 42.96406884505901], [0.658964681647123, 42.97537677031151], [0.666926065015664, 42.966624664463296], [0.690306758081639, 42.954182921811544]]]}",21674,200,05,2,31,73
10319,10160,RIGNY-LE-FERRON,AUBE,CHAMPAGNE-ARDENNE,"Commune simple",168.0,1903.0,0.4,"48.2023856771, 3.62729053332","{""type"": ""Polygon"", ""coordinates"": [[[3.593966709028613, 48.178696288481774], [3.575186376717009, 48.18874134782556], [3.609470285877338, 48.210542946781764], [3.621602401116235, 48.22561450590134], [3.643975118218419, 48.22383905987563], [3.644258066430015, 48.22054422183329], [3.663085716704178, 48.21654387989449], [3.672404308223994, 48.20926569070302], [3.667954498828521, 48.203370120837505], [3.669460005059601, 48.19683787503804], [3.654108349838145, 48.19507025729332], [3.640509577481581, 48.18461681148889], [3.623548325341178, 48.1920051963169], [3.593966709028613, 48.178696288481774]]]}",19539,319,01,3,10,21
77389,77000,"LA ROCHETTE",SEINE-ET-MARNE,ILE-DE-FRANCE,"Commune simple",75.0,586.0,3.0,"48.5068460173, 2.65955941883","{""type"": ""Polygon"", ""coordinates"": [[[2.673571653483779, 48.48715282401237], [2.664025111468118, 48.49862315552854], [2.659156294096813, 48.48964923007996], [2.641001452599028, 48.494507603100786], [2.6493362332967, 48.507072920265834], [2.653274335058753, 48.523690896003416], [2.670142195861713, 48.52680647281771], [2.670039349952726, 48.51301554426249], [2.673117483535653, 48.490543094350215], [2.674660171371546, 48.488388273210006], [2.673571653483779, 48.48715282401237]]]}",19642,389,19,2,77,11
14122,14210,"LA CAINE",CALVADOS,BASSE-NORMANDIE,"Commune simple",162.0,243.0,0.1,"49.0352374243, -0.515765831706","{""type"": ""Polygon"", ""coordinates"": [[[-0.51665224921083, 49.02619496676343], [-0.524598695271281, 49.02631284822103], [-0.527718066709474, 49.029515460949874], [-0.521926303126073, 49.03836223578342], [-0.52428237004971, 49.044629518351165], [-0.501425613559479, 49.04110416541235], [-0.505525205531703, 49.03633121942969], [-0.508612765168803, 49.0301655813479], [-0.51665224921083, 49.02619496676343]]]}",18236,122,16,2,14,25
74162,74250,MARCELLAZ,HAUTE-SAVOIE,RHONE-ALPES,"Commune simple",628.0,415.0,0.8,"46.1452555386, 6.35771780068","{""type"": ""Polygon"", ""coordinates"": [[[6.361110116416272, 46.1317685604931], [6.352466801719258, 46.134160253627144], [6.339166813715358, 46.146963079153636], [6.355288526456305, 46.15486087162994], [6.369873861427367, 46.15393324847376], [6.376691693343414, 46.14797133625929], [6.362246916617269, 46.1386839493937], [6.361110116416272, 46.1317685604931]]]}",32115,162,08,2,74,82
62004,62217,ACHICOURT,PAS-DE-CALAIS,NORD-PAS-DE-CALAIS,"Commune simple",78.0,582.0,7.7,"50.272283128, 2.75614634271","{""type"": ""Polygon"", ""coordinates"": [[[2.743556904900379, 50.259953638609204], [2.731204097534468, 50.26506330892656], [2.740099403139721, 50.281370123643626], [2.750010878467683, 50.28324923797255], [2.758800155399568, 50.279639321573775], [2.76888103543143, 50.2813197199403], [2.776188086847343, 50.276655243716114], [2.781016382379705, 50.27792993530571], [2.784265852990432, 50.271632502883875], [2.773679302758568, 50.26430464265373], [2.75376017677078, 50.26723848043306], [2.743556904900379, 50.259953638609204]]]}",14400,004,04,1,62,31
41190,41100,ROCE,LOIR-ET-CHER,CENTRE,"Commune simple",121.0,1021.0,0.2,"47.8136847101, 1.14871194274","{""type"": ""Polygon"", ""coordinates"": [[[1.164117489992945, 47.79909752405611], [1.143174798785393, 47.79465328723832], [1.139492245771048, 47.79642241698323], [1.131680427871286, 47.80200582977919], [1.125777934541081, 47.81138239906671], [1.128260225932969, 47.82895015441535], [1.137293519331808, 47.82868890849127], [1.161628958915288, 47.82664235241467], [1.178574541884106, 47.821730438000145], [1.176266465396247, 47.81536580032383], [1.159118775033376, 47.80454670802807], [1.164117489992945, 47.79909752405611]]]}",30517,190,23,2,41,24
65015,65220,ANTIN,HAUTES-PYRENEES,MIDI-PYRENEES,"Commune simple",308.0,756.0,0.1,"43.3324246014, 0.290105540606","{""type"": ""Polygon"", ""coordinates"": [[[0.279836619229807, 43.31390808707658], [0.268096780611545, 43.32310826181027], [0.267934765233913, 43.32678566780989], [0.273116992917733, 43.33921221402259], [0.298238227887624, 43.345513524931235], [0.303693157534187, 43.35070835558881], [0.313062875123893, 43.33256114875457], [0.31244841466632, 43.32696520734759], [0.285159970472144, 43.32284500121595], [0.279836619229807, 43.31390808707658]]]}",27526,015,24,3,65,73
02214,02680,CONTESCOURT,AISNE,PICARDIE,"Commune simple",88.0,350.0,0.1,"49.7916934603, 3.23428350737","{""type"": ""Polygon"", ""coordinates"": [[[3.24717769605535, 49.77931707206522], [3.225950510263073, 49.78899862216127], [3.21561499159105, 49.78973608699806], [3.215807994570552, 49.79600685960211], [3.23257201431365, 49.80469084815873], [3.243065375502383, 49.792775114787865], [3.255286535418485, 49.7860746989278], [3.24717769605535, 49.77931707206522]]]}",11355,214,29,3,02,22
42161,42120,NOTRE-DAME-DE-BOISSET,LOIRE,RHONE-ALPES,"Commune simple",338.0,903.0,0.5,"45.9892923941, 4.13471430995","{""type"": ""Polygon"", ""coordinates"": [[[4.154562578836186, 45.97648469963385], [4.148504600614064, 45.97277283663113], [4.141660541226775, 45.97657947950828], [4.133877919675639, 45.973748779334684], [4.119115728955149, 45.98015468248142], [4.105497224580932, 45.99800285595295], [4.134546882704618, 46.00182233119538], [4.159431620345976, 46.00650563591847], [4.152727384747497, 46.001728875051136], [4.150749995825038, 45.99492252001815], [4.151911339607505, 45.98805724078339], [4.15787203071862, 45.98275503628243], [4.154562578836186, 45.97648469963385]]]}",30493,161,14,2,42,82
21695,21450,"LA VILLENEUVE-LES-CONVERS",COTE-D'OR,BOURGOGNE,"Commune simple",394.0,896.0,0.0,"47.5761672449, 4.59152552704","{""type"": ""Polygon"", ""coordinates"": [[[4.61145308532296, 47.5700502003926], [4.57892314491748, 47.561834011541784], [4.562581115010034, 47.56974269976829], [4.567835105167874, 47.58241150734102], [4.585740105032033, 47.58850770064379], [4.609946038070405, 47.58317056454978], [4.623206735167442, 47.588226674078065], [4.628450393966569, 47.58343597998304], [4.619325014859413, 47.57826912668085], [4.61145308532296, 47.5700502003926]]]}",21515,695,04,3,21,26
80503,80370,MAIZICOURT,SOMME,PICARDIE,"Commune simple",96.0,586.0,0.2,"50.1958444054, 2.12689223316","{""type"": ""Polygon"", ""coordinates"": [[[2.113256509166284, 50.18213477928159], [2.108015474935535, 50.190673224463126], [2.114558831528035, 50.20286192606696], [2.121929599459644, 50.21028751134975], [2.135691650226947, 50.207448439307704], [2.141667045295478, 50.202461355230845], [2.149759983236091, 50.190430071745496], [2.149002039552588, 50.189751301345254], [2.130312172652469, 50.18824655436055], [2.129049658544957, 50.18520223047447], [2.11549175535359, 50.18227660507515], [2.113256509166284, 50.18213477928159]]]}",33766,503,12,2,80,22
02424,02880,LEURY,AISNE,PICARDIE,"Commune simple",142.0,364.0,0.1,"49.4269529918, 3.34130922178","{""type"": ""Polygon"", ""coordinates"": [[[3.333936041604976, 49.40736455016788], [3.335994456135481, 49.4209581961434], [3.327508110615097, 49.423291435423444], [3.327738989325064, 49.431425129948686], [3.347029457774166, 49.44120437647897], [3.355437851203545, 49.43726117759108], [3.347654173837025, 49.417365906979306], [3.333936041604976, 49.40736455016788]]]}",31399,424,31,4,02,22
02664,02540,ROZOY-BELLEVALLE,AISNE,PICARDIE,"Commune simple",208.0,676.0,0.1,"48.9244622578, 3.45003603667","{""type"": ""Polygon"", ""coordinates"": [[[3.466988138657004, 48.91509481131132], [3.44704876149195, 48.91452338721252], [3.428265974131858, 48.91848590784834], [3.421940870886945, 48.92094540413293], [3.420797269862041, 48.92633610548084], [3.428080554300744, 48.9307797056095], [3.457101616070378, 48.931275041370355], [3.464704809105998, 48.93901551034426], [3.473038760318938, 48.93228333237143], [3.474377767213914, 48.926450721896806], [3.466988138657004, 48.91509481131132]]]}",23002,664,10,1,02,22
33190,33840,GOUALADE,GIRONDE,AQUITAINE,"Commune simple",119.0,1705.0,0.1,"44.3174301368, -0.121216305853","{""type"": ""Polygon"", ""coordinates"": [[[-0.154670909804123, 44.29381857459637], [-0.172847333396136, 44.29856524668372], [-0.104113374909259, 44.34330011085659], [-0.08575207965013, 44.33761004988664], [-0.077776024937419, 44.332653786416024], [-0.090672192239125, 44.31828407608332], [-0.111006667147412, 44.30927863372947], [-0.119224708546452, 44.30085709360187], [-0.127844103122997, 44.29816181963036], [-0.142132685388056, 44.29864602251115], [-0.154670909804123, 44.29381857459637]]]}",34637,190,18,3,33,72
67133,67320,ESCHBOURG,BAS-RHIN,ALSACE,"Commune simple",289.0,1410.0,0.5,"48.8226852369, 7.29080380579","{""type"": ""Polygon"", ""coordinates"": [[[7.291219679291388, 48.793995804622604], [7.270145805443708, 48.80250623914096], [7.26885882790132, 48.8119282932579], [7.261064768429791, 48.815674165532826], [7.262889813131729, 48.818644288411086], [7.276925088496182, 48.821312967140834], [7.279908405846564, 48.834049633401804], [7.276459148814309, 48.84354895248402], [7.290794212810966, 48.84628654176311], [7.295952143539928, 48.855378041979016], [7.305352157721583, 48.853184506259865], [7.313892128899354, 48.841609208427975], [7.303891594068808, 48.826108857893914], [7.304049100884988, 48.80523416199305], [7.309827273986373, 48.79942338343092], [7.291219679291388, 48.793995804622604]]]}",8797,133,17,4,67,42
11068,11700,CAPENDU,AUDE,LANGUEDOC-ROUSSILLON,"Chef-lieu canton",115.0,1596.0,1.6,"43.1836102247, 2.5538350475","{""type"": ""Polygon"", ""coordinates"": [[[2.537566340802647, 43.16242475866018], [2.529642498167855, 43.16525085898239], [2.528215395858711, 43.195566671628505], [2.522613575992636, 43.20097508110539], [2.555409090574819, 43.19899230794918], [2.563280948628134, 43.19535445838275], [2.574786100211225, 43.20069849606906], [2.588247023595991, 43.19935645013726], [2.586217812175113, 43.18397620893339], [2.571471683996773, 43.17676767558303], [2.5679386331032, 43.17095187668646], [2.554101398180577, 43.16292613034849], [2.55348627539423, 43.163022528903], [2.537566340802647, 43.16242475866018]]]}",30605,068,06,1,11,91
51045,51270,BEAUNAY,MARNE,CHAMPAGNE-ARDENNE,"Commune simple",189.0,356.0,0.1,"48.8767550463, 3.88535038911","{""type"": ""Polygon"", ""coordinates"": [[[3.903883430477889, 48.86356230589445], [3.894759339200249, 48.86091476040321], [3.887998297799077, 48.86570481311394], [3.870598535035907, 48.88415262460067], [3.874661830796705, 48.89305355471889], [3.886491936973187, 48.88693191919346], [3.892189133973188, 48.87400178866992], [3.903883430477889, 48.86356230589445]]]}",17323,045,18,2,51,21
55036,55700,BEAUCLAIR,MEUSE,LORRAINE,"Commune simple",214.0,488.0,0.1,"49.451925219, 5.11758186646","{""type"": ""Polygon"", ""coordinates"": [[[5.106153898919042, 49.42769603895671], [5.100886519700943, 49.44083386843604], [5.109860332211645, 49.456250434654066], [5.102876200256586, 49.46017510799471], [5.100658578841215, 49.46126553668114], [5.116380790566221, 49.467905891271855], [5.129656606729773, 49.46501187019979], [5.133773066288812, 49.4631502042144], [5.146018289295362, 49.468670156134415], [5.148932813607079, 49.462810251779935], [5.143326856324861, 49.457712724476856], [5.134707021163424, 49.46172214994428], [5.129835779372466, 49.46034236702375], [5.108963982024217, 49.44481138497096], [5.121518353515129, 49.42990031551867], [5.106153898919042, 49.42769603895671]]]}",21938,036,20,3,55,41
13068,13520,PARADOU,BOUCHES-DU-RHONE,"PROVENCE-ALPES-COTE D'AZUR","Commune simple",25.0,1586.0,1.4,"43.7082242761, 4.77828143607","{""type"": ""Polygon"", ""coordinates"": [[[4.792146548878226, 43.68115147303934], [4.777478395576865, 43.68404725738094], [4.759537095331926, 43.69268229621834], [4.758629522692882, 43.695847124217416], [4.75183277867317, 43.71616287513237], [4.766825039705297, 43.72909747602136], [4.779427118076814, 43.7328165435607], [4.797430477860228, 43.73019862342664], [4.79909780977316, 43.69833573117509], [4.792146548878226, 43.68115147303934]]]}",30664,068,31,2,13,93
62839,62159,VAULX-VRAUCOURT,PAS-DE-CALAIS,NORD-PAS-DE-CALAIS,"Commune simple",106.0,1406.0,1.1,"50.1439845718, 2.90458316152","{""type"": ""Polygon"", ""coordinates"": [[[2.912669186658576, 50.122546594142165], [2.890036533546081, 50.124270662519436], [2.882916699313763, 50.14056377876582], [2.872948573647927, 50.14816926313466], [2.881149470970852, 50.1612707257651], [2.914251721800788, 50.161468899262765], [2.918513348355748, 50.162729025388735], [2.928614647932513, 50.15698796661408], [2.933579051196472, 50.14460688065873], [2.926392410471542, 50.137544158830636], [2.929292354181848, 50.13207672851792], [2.912669186658576, 50.122546594142165]]]}",35166,839,20,1,62,31
67338,67230,OBENHEIM,BAS-RHIN,ALSACE,"Commune simple",156.0,793.0,1.4,"48.3562350534, 7.68497044431","{""type"": ""Polygon"", ""coordinates"": [[[7.653203964617088, 48.34317978343494], [7.657948297903564, 48.34881526320289], [7.657391690800242, 48.35520007383637], [7.683918548433481, 48.36971804026474], [7.694042772740648, 48.36933501426505], [7.700109140461151, 48.364416647840635], [7.714205476911381, 48.36098089729755], [7.7162066625412, 48.35841359083183], [7.711653562544562, 48.35348461309818], [7.703566737282546, 48.350156101049485], [7.702026102974391, 48.34699070431049], [7.687535872032209, 48.34809742828658], [7.678166694281803, 48.34582749480462], [7.669296648295173, 48.34886367142403], [7.66290687239068, 48.34374409617521], [7.653203964617088, 48.34317978343494]]]}",16972,338,07,5,67,42
60154,60940,CINQUEUX,OISE,PICARDIE,"Commune simple",54.0,670.0,1.6,"49.3243592276, 2.53354291409","{""type"": ""Polygon"", ""coordinates"": [[[2.523694287210578, 49.30693964562914], [2.514631485950917, 49.30871043572973], [2.51964738250952, 49.32816542296866], [2.524381184338235, 49.327887507215124], [2.533466114787288, 49.34226064771208], [2.553754273667613, 49.339532670368214], [2.545346351970282, 49.32421971197248], [2.545524222428543, 49.314952410921606], [2.523694287210578, 49.30693964562914]]]}",20630,154,20,2,60,22
63315,63450,SAINT-AMANT-TALLENDE,PUY-DE-DOME,AUVERGNE,"Chef-lieu canton",519.0,509.0,1.8,"45.6673371467, 3.10961194917","{""type"": ""Polygon"", ""coordinates"": [[[3.10161406524769, 45.651591992565294], [3.096877303967846, 45.6742523270021], [3.099765837093041, 45.68049016219021], [3.112066037894157, 45.683504226377096], [3.119525122609826, 45.67517607974024], [3.123941268800543, 45.65679243000936], [3.10161406524769, 45.651591992565294]]]}",24565,315,37,2,63,83
56094,56700,KERVIGNAC,MORBIHAN,BRETAGNE,"Commune simple",33.0,3931.0,5.7,"47.7686555667, -3.2479141613","{""type"": ""Polygon"", ""coordinates"": [[[-3.200824511553369, 47.755041901296565], [-3.215177567554671, 47.7516159948916], [-3.230691930811797, 47.7431515659033], [-3.260534929141981, 47.74036426290424], [-3.300402635375395, 47.742897877317226], [-3.315047744226659, 47.74481588882204], [-3.306528439468488, 47.74838216302844], [-3.29589323598039, 47.77059845959944], [-3.287150794246182, 47.76723174420862], [-3.282843352267111, 47.7798419826058], [-3.253058848895175, 47.797645106791585], [-3.243509738436487, 47.798254613689075], [-3.237574519403854, 47.80373553338346], [-3.213527364982912, 47.80230705027386], [-3.201055623911207, 47.788686597944334], [-3.202139316879149, 47.779727413330065], [-3.200824511553369, 47.755041901296565]]]}",2671,094,28,1,56,53
18155,18600,MORNAY-SUR-ALLIER,CHER,CENTRE,"Commune simple",206.0,2209.0,0.4,"46.8163723965, 3.01072708056","{""type"": ""Polygon"", ""coordinates"": [[[3.032068189394682, 46.79491118852594], [3.027583628727344, 46.79337267963181], [3.016140442259365, 46.79983066983931], [2.996604262242534, 46.7969595017955], [2.979898507526228, 46.803422607054884], [2.959914690820715, 46.8038765767733], [2.958860727680447, 46.810404032995734], [2.969072996737039, 46.816890029979824], [2.978392392009612, 46.83174852603619], [3.008120495645373, 46.82910313824531], [3.054583668833855, 46.83876960218287], [3.058486001906952, 46.8315916284117], [3.057639498253413, 46.82513629402069], [3.039066663232945, 46.80962141689111], [3.032068189394682, 46.79491118852594]]]}",5766,155,26,2,18,24
07284,07140,SAINT-PIERRE-SAINT-JEAN,ARDECHE,RHONE-ALPES,"Commune simple",598.0,2378.0,0.1,"44.4825896332, 4.10164484089","{""type"": ""Polygon"", ""coordinates"": [[[4.12785781207998, 44.446870258710476], [4.125344875581614, 44.44121514430812], [4.113569232208651, 44.44372050392814], [4.107440010928467, 44.44903091211502], [4.0981533574806, 44.45103242474785], [4.09316478263522, 44.45694285930408], [4.074950739259562, 44.4807274943863], [4.075676796424537, 44.49443189957579], [4.067451438040261, 44.502461425864716], [4.065982797206307, 44.50929989957383], [4.078896798147126, 44.50695063563123], [4.099484750760984, 44.514994212778696], [4.113105843252739, 44.515965040466845], [4.11412329568534, 44.50694267289232], [4.124469330084618, 44.50274131247947], [4.127108852006786, 44.476137424121106], [4.118391093056427, 44.47339925108434], [4.114049988368961, 44.46749225138485], [4.127779887016091, 44.453677234156594], [4.12785781207998, 44.446870258710476]]]}",10909,284,27,1,07,82
88406,88130,RUGNEY,VOSGES,LORRAINE,"Commune simple",317.0,576.0,0.1,"48.3482485017, 6.25242889528","{""type"": ""Polygon"", ""coordinates"": [[[6.249541815425081, 48.32830739121635], [6.245279589019361, 48.34437156755117], [6.231360047765177, 48.347120514535284], [6.228453586579973, 48.349946175147366], [6.243754291867236, 48.358847638294314], [6.262369794346603, 48.360974582517805], [6.270258341065759, 48.35311207425225], [6.271989012597867, 48.34987660851269], [6.257089142179632, 48.3359250223071], [6.254161358685488, 48.329639223930116], [6.249541815425081, 48.32830739121635]]]}",11411,406,05,1,88,41
24514,24230,SAINT-VIVIEN,DORDOGNE,AQUITAINE,"Commune simple",60.0,855.0,0.3,"44.8935898149, 0.103204434117","{""type"": ""Polygon"", ""coordinates"": [[[0.102663794140768, 44.8701789780033], [0.096060789620339, 44.88295307770826], [0.086222672793517, 44.88986692064685], [0.084072230226633, 44.90295549132609], [0.095932664234817, 44.90722148073899], [0.100923803174605, 44.91588395244515], [0.105254890689559, 44.91672668011119], [0.121229133081133, 44.89207743308742], [0.113839783256962, 44.876065004424646], [0.102663794140768, 44.8701789780033]]]}",18044,514,42,1,24,72
45169,45140,INGRE,LOIRET,CENTRE,"Chef-lieu canton",115.0,2077.0,7.9,"47.916936377, 1.82353479018","{""type"": ""Polygon"", ""coordinates"": [[[1.804984881916262, 47.89910462252618], [1.795169738846183, 47.89929233738632], [1.76775106920822, 47.91804428215701], [1.774773412679047, 47.91835176179955], [1.800815570794554, 47.928440151601045], [1.831078539228657, 47.934037444403195], [1.844693987923026, 47.94474759432533], [1.864396203044596, 47.9267498318113], [1.856948053947517, 47.91754210584579], [1.859556531697343, 47.90020539785491], [1.804984881916262, 47.89910462252618]]]}",17023,169,39,2,45,24
39363,39320,MONTREVEL,JURA,FRANCHE-COMTE,"Commune simple",447.0,638.0,0.1,"46.4260235257, 5.49493800211","{""type"": ""Polygon"", ""coordinates"": [[[5.478544589260322, 46.40983845835949], [5.474659213673029, 46.411472334712485], [5.489162051032281, 46.43646344239911], [5.504472228462587, 46.44495756503346], [5.511192539001686, 46.44287301233533], [5.509796616547038, 46.428957552003936], [5.500537466073751, 46.41426865412774], [5.487908927118412, 46.40983288989514], [5.478544589260322, 46.40983845835949]]]}",23908,363,27,2,39,43
59075,59540,BETHENCOURT,NORD,NORD-PAS-DE-CALAIS,"Commune simple",108.0,516.0,0.7,"50.1426560397, 3.42342136756","{""type"": ""Polygon"", ""coordinates"": [[[3.444040928717512, 50.13159088796834], [3.424613413687012, 50.13569189201284], [3.415152847976064, 50.13382033188377], [3.408514358967533, 50.13879090519667], [3.402110829774724, 50.14006931078047], [3.399810185850277, 50.14956921615118], [3.404169366081459, 50.15115347554944], [3.413949642677208, 50.14903745499789], [3.433394881782153, 50.15285895093134], [3.4427777144045, 50.14373724431702], [3.444040928717512, 50.13159088796834]]]}",21257,075,15,2,59,31
76514,76520,QUEVREVILLE-LA-POTERIE,SEINE-MARITIME,HAUTE-NORMANDIE,"Commune simple",120.0,472.0,0.9,"49.3544551622, 1.18963435666","{""type"": ""Polygon"", ""coordinates"": [[[1.185540734448413, 49.33789882432377], [1.184846794976573, 49.33806822758546], [1.182716968331065, 49.34384461082661], [1.182663197253259, 49.35435457915004], [1.174946407995215, 49.36355315860701], [1.171863448406975, 49.365862249518116], [1.180445764587016, 49.369219533957825], [1.195779741844099, 49.36695883334485], [1.201746453106438, 49.36127547590709], [1.199457181534418, 49.35114434226805], [1.200101948658904, 49.33858417996338], [1.185540734448413, 49.33789882432377]]]}",21295,514,07,3,76,23
38162,38110,FAVERGES-DE-LA-TOUR,ISERE,RHONE-ALPES,"Commune simple",384.0,765.0,1.3,"45.5942581619, 5.51385290349","{""type"": ""Polygon"", ""coordinates"": [[[5.506443344318841, 45.58360910936981], [5.497718185750717, 45.58530785535237], [5.483655029016824, 45.601043218753], [5.497132800136168, 45.59965461131258], [5.507754520333194, 45.605499523909344], [5.516620094460866, 45.605697891253456], [5.530960190247306, 45.60266424328241], [5.541176898084142, 45.586712371232025], [5.506443344318841, 45.58360910936981]]]}",26829,162,33,2,38,82
85127,85560,LONGEVILLE-SUR-MER,VENDEE,"PAYS DE LA LOIRE","Commune simple",10.0,3803.0,2.4,"46.4091029013, -1.47711855345","{""type"": ""Polygon"", ""coordinates"": [[[-1.440658176758415, 46.37720470891529], [-1.45348584864956, 46.372636588917786], [-1.462715619045838, 46.374286763117574], [-1.481596339228723, 46.371741976507764], [-1.505168458252657, 46.39938571969477], [-1.531630021996495, 46.40829450210761], [-1.543127447182702, 46.408883262868585], [-1.530001493738176, 46.413022272627], [-1.520238383709263, 46.428336761670884], [-1.522827073589679, 46.43470105229825], [-1.496330040403333, 46.446066394256405], [-1.485013685737489, 46.44728738091256], [-1.474926285628338, 46.431214589051855], [-1.453663399324382, 46.421296083010226], [-1.413046136122876, 46.41847366784228], [-1.418631201719521, 46.40885990863205], [-1.415883895074601, 46.395212758071565], [-1.43041413037772, 46.397093123532244], [-1.44689910676238, 46.40455032396436], [-1.452400160388827, 46.39878898606449], [-1.453555865961311, 46.39202470400105], [-1.440658176758415, 46.37720470891529]]]}",14046,127,30,3,85,52
29048,29510,EDERN,FINISTERE,BRETAGNE,"Commune simple",167.0,4018.0,2.1,"48.1199968279, -3.96022667408","{""type"": ""Polygon"", ""coordinates"": [[[-3.936716683846293, 48.09757543802006], [-3.955281000450761, 48.109812165737026], [-3.970885261745687, 48.10040560391299], [-3.977964438674495, 48.08030998625561], [-3.985643916782544, 48.07568912107725], [-3.990664096124457, 48.07664633217478], [-3.992136615572018, 48.08002780572409], [-3.989144553362981, 48.107723112525996], [-3.998439413313196, 48.110476715767106], [-4.013353498079566, 48.107392913358005], [-4.020085480859921, 48.112366521661464], [-4.020707103248882, 48.119366988872216], [-4.006134288647456, 48.133877136727705], [-4.010594381165738, 48.143973305337596], [-4.00077638710147, 48.142209037256364], [-3.950541993043402, 48.15235921093017], [-3.934809893535701, 48.15211289197113], [-3.933190846878584, 48.14893832186407], [-3.938192842354955, 48.143151426205286], [-3.930372942156873, 48.13900536212975], [-3.928052253127627, 48.12915144884123], [-3.908956227064049, 48.126345098011114], [-3.905856605514038, 48.1208092626937], [-3.897731871024543, 48.11872063984599], [-3.895496508438908, 48.10265574741844], [-3.901399374848421, 48.09788327704161], [-3.936716683846293, 48.09757543802006]]]}",14229,048,06,4,29,53
94034,94260,FRESNES,VAL-DE-MARNE,ILE-DE-FRANCE,"Chef-lieu canton",69.0,355.0,25.4,"48.7571343016, 2.32612839743","{""type"": ""Polygon"", ""coordinates"": [[[2.330750483500388, 48.74810233118569], [2.323849274495557, 48.750626851680614], [2.320718017523032, 48.74875623508063], [2.309882294588436, 48.754594416901554], [2.315871175227346, 48.766771195590835], [2.332675007950559, 48.76459970549872], [2.343896032244973, 48.75620724288543], [2.335589241480805, 48.74835421422897], [2.330750483500388, 48.74810233118569]]]}",12598,034,37,3,94,11
10133,10130,EAUX-PUISEAUX,AUBE,CHAMPAGNE-ARDENNE,"Commune simple",200.0,867.0,0.2,"48.1167185548, 3.88681885834","{""type"": ""Polygon"", ""coordinates"": [[[3.873326012767063, 48.10086608408956], [3.85572650566052, 48.116653419847474], [3.87480501417567, 48.11961806669516], [3.886915128570919, 48.134096877800424], [3.896422618446224, 48.135860782277426], [3.905021538184852, 48.13242053070961], [3.906842456474802, 48.10848721298338], [3.888622253597404, 48.10210163048171], [3.878254081176831, 48.10152239966405], [3.873326012767063, 48.10086608408956]]]}",15644,133,09,3,10,21
54144,54290,CREVECHAMPS,MEURTHE-ET-MOSELLE,LORRAINE,"Commune simple",270.0,488.0,0.3,"48.5192078306, 6.26378884079","{""type"": ""Polygon"", ""coordinates"": [[[6.282675112279304, 48.5085497555869], [6.249934847577299, 48.510899715635446], [6.248003439948078, 48.523908452022766], [6.261967783692232, 48.53377171973389], [6.273509079623839, 48.52668374896486], [6.276115688692976, 48.5163388950581], [6.282972162060379, 48.51394371525288], [6.282675112279304, 48.5085497555869]]]}",27405,144,14,3,54,41
40231,40300,PORT-DE-LANNE,LANDES,AQUITAINE,"Commune simple",23.0,1276.0,0.9,"43.567591642, -1.17971224774","{""type"": ""Polygon"", ""coordinates"": [[[-1.174183819288404, 43.546048090989444], [-1.195616298132326, 43.54609504920467], [-1.200310285399407, 43.551670786899656], [-1.216048285279555, 43.55898915351707], [-1.216692589504806, 43.56236096926662], [-1.212447601201841, 43.5637783088897], [-1.194427068540635, 43.564395444521736], [-1.193167128575226, 43.56766977560562], [-1.20147468046447, 43.5750160659767], [-1.173241427442281, 43.573285446712624], [-1.160990175189694, 43.57864838085217], [-1.160982109780693, 43.58537017479832], [-1.171909639047112, 43.59671791651457], [-1.168931710922707, 43.60657235943087], [-1.160632922682471, 43.6039624088758], [-1.15666989937568, 43.59821258760602], [-1.155516713596621, 43.57426303864738], [-1.174183819288404, 43.546048090989444]]]}",17374,231,16,1,40,72
08463,08240,VAUX-EN-DIEULET,ARDENNES,CHAMPAGNE-ARDENNE,"Commune simple",253.0,1092.0,0.1,"49.4785340396, 4.9918664976","{""type"": ""Polygon"", ""coordinates"": [[[4.991717615746788, 49.46199116383419], [4.97796682609733, 49.46489569948449], [4.965015363035495, 49.46023361743583], [4.958851230911836, 49.464253347075484], [4.966944220893644, 49.47280702613555], [4.964797152887125, 49.482695355899864], [4.979161875535602, 49.485922877798245], [5.003880586048971, 49.49768961447067], [5.01368748471141, 49.49785972641121], [5.021482140563826, 49.50021131878647], [5.028519030955136, 49.497333711347636], [5.015398993968639, 49.49187065448223], [5.008015102206552, 49.464653026151964], [4.991717615746788, 49.46199116383419]]]}",20663,463,03,4,08,21
60381,60310,MARGNY-AUX-CERISES,OISE,PICARDIE,"Commune simple",84.0,460.0,0.2,"49.6724443709, 2.86865853956","{""type"": ""Polygon"", ""coordinates"": [[[2.870161834119028, 49.658674900063666], [2.847434668931299, 49.67213611144388], [2.858079304781658, 49.67810646952132], [2.860329130906327, 49.68077779279892], [2.856764677765698, 49.68275047406299], [2.860622615603064, 49.68488452751491], [2.875526976249002, 49.683768506358064], [2.878076057428941, 49.67757104117253], [2.888794828326643, 49.6706893231506], [2.888843224617263, 49.66752640364027], [2.875533716661796, 49.663892265734845], [2.870161834119028, 49.658674900063666]]]}",13022,381,19,3,60,22
29273,29250,SANTEC,FINISTERE,BRETAGNE,"Commune simple",15.0,820.0,2.3,"48.7000595566, -4.02979290086","{""type"": ""Polygon"", ""coordinates"": [[[-4.02447132058836, 48.68664876293489], [-4.035776560879389, 48.68765117758074], [-4.056171185780797, 48.6887909741644], [-4.053806040400616, 48.70226025188482], [-4.039427487266716, 48.705197823594325], [-4.035342632245341, 48.71152577255985], [-4.015227744080209, 48.71343563679163], [-4.006921082425234, 48.725943689584184], [-4.00995857632534, 48.716057775446295], [-4.007458199670952, 48.69644753825028], [-4.012185025227473, 48.69619611316439], [-4.02447132058836, 48.68664876293489]]]}",10692,273,38,3,29,53
01242,01450,MERIGNAT,AIN,RHONE-ALPES,"Commune simple",452.0,312.0,0.1,"46.0648564341, 5.44210660051","{""type"": ""Polygon"", ""coordinates"": [[[5.448033934553832, 46.057582628526724], [5.439073909580543, 46.0565955190179], [5.427480128765822, 46.06130386459253], [5.434248676912155, 46.07269953062481], [5.442852890111541, 46.07436142127446], [5.450840532714175, 46.07031512631632], [5.457589769720433, 46.06117782261062], [5.448033934553832, 46.057582628526724]]]}",17808,242,24,4,01,82
80088,80240,BERNES,SOMME,PICARDIE,"Commune simple",103.0,768.0,0.3,"49.9087174553, 3.10186976194","{""type"": ""Polygon"", ""coordinates"": [[[3.117857515729745, 49.890264437996755], [3.098035418455743, 49.89350694762506], [3.094019747634212, 49.902726891434746], [3.089042089603291, 49.90358401919115], [3.079901082760773, 49.91046242525459], [3.079840434185852, 49.91614873839316], [3.083286988405244, 49.92246148023043], [3.091489202591322, 49.92640810965981], [3.104979368837093, 49.9229568127273], [3.117606241887509, 49.91396232029975], [3.122607158203335, 49.8994137137326], [3.117857515729745, 49.890264437996755]]]}",17940,088,36,4,80,22
42095,42700,FIRMINY,LOIRE,RHONE-ALPES,"Chef-lieu canton",542.0,1044.0,17.2,"45.3788146093, 4.28879456136","{""type"": ""Polygon"", ""coordinates"": [[[4.308199323181691, 45.37098690693707], [4.307725973225866, 45.36443626595316], [4.303817520779449, 45.36283378642874], [4.295644022412748, 45.36403633748623], [4.289754567586757, 45.3590701348621], [4.271631339474831, 45.35976368566051], [4.270802156010557, 45.37492061076236], [4.275511962182919, 45.38640336652434], [4.272096677753858, 45.39186361874327], [4.284841129449528, 45.39523945565713], [4.294616428019213, 45.40938306020394], [4.294031400848447, 45.40621978824989], [4.301440824794367, 45.40269379940064], [4.297589793975026, 45.39763218723251], [4.308199323181691, 45.37098690693707]]]}",8246,095,08,3,42,82
24026,24330,BASSILLAC,DORDOGNE,AQUITAINE,"Commune simple",151.0,1877.0,1.8,"45.1789592433, 0.820956969026","{""type"": ""Polygon"", ""coordinates"": [[[0.813696185707578, 45.15135225152638], [0.793598330788076, 45.15870313481042], [0.792932783950548, 45.16201378856541], [0.791142159063388, 45.16801348122493], [0.801560046455459, 45.18575707523807], [0.796678967517562, 45.19130865603696], [0.801022605597406, 45.192610331649874], [0.80368844681356, 45.20223796508272], [0.811828733932045, 45.20519916214219], [0.816719618974766, 45.20492557844511], [0.825674341864686, 45.196822299994636], [0.840043764251132, 45.19520961557008], [0.859508639822628, 45.20288055566238], [0.861218438367416, 45.196166700587725], [0.854046670223246, 45.18720173543293], [0.840342672614539, 45.176948113663634], [0.830690584527831, 45.15691735239129], [0.823617179678649, 45.15188851691091], [0.813696185707578, 45.15135225152638]]]}",27268,026,34,3,24,72
41014,41170,BEAUCHENE,LOIR-ET-CHER,CENTRE,"Commune simple",187.0,999.0,0.2,"47.9427844885, 0.971276009612","{""type"": ""Polygon"", ""coordinates"": [[[0.9603782794733, 47.923424825071365], [0.952168011987392, 47.93869427438709], [0.945280232671123, 47.94322830009588], [0.948176858380027, 47.95251542107771], [0.964985848809265, 47.956597688257176], [0.993614586980993, 47.955829596120225], [0.996961322539893, 47.937476975307774], [0.992113821149244, 47.937772327398754], [0.973887481222827, 47.927061584145896], [0.9603782794733, 47.923424825071365]]]}",27326,014,11,2,41,24
38055,38510,BRANGUES,ISERE,RHONE-ALPES,"Commune simple",210.0,1164.0,0.6,"45.6960928828, 5.53688016446","{""type"": ""Polygon"", ""coordinates"": [[[5.550315241305215, 45.6818529873749], [5.522641613258917, 45.67762021216363], [5.518295690446339, 45.68351054485991], [5.509457166615719, 45.68616740398062], [5.510068345479998, 45.692838756111016], [5.527274723078909, 45.71546418310202], [5.54554159780885, 45.713593457464874], [5.552641255166109, 45.70970288195699], [5.556225863824666, 45.7004498641669], [5.569971191522264, 45.69685761766047], [5.575157451707623, 45.69116220621242], [5.570887067344152, 45.68530440360267], [5.565996185592933, 45.684893390033906], [5.55658020352802, 45.696432563314296], [5.547542549742294, 45.69784460071311], [5.545289262106729, 45.68771477183508], [5.550315241305215, 45.6818529873749]]]}",15880,055,19,2,38,82
63104,63660,"LA CHAULME",PUY-DE-DOME,AUVERGNE,"Commune simple",1159.0,1351.0,0.1,"45.4716212556, 3.95792941378","{""type"": ""Polygon"", ""coordinates"": [[[3.960143257046263, 45.44344571733883], [3.957034244212894, 45.45010916731984], [3.938779640113875, 45.45481106601452], [3.933875992427403, 45.46833285411091], [3.925881988819146, 45.472469470262205], [3.94197861970953, 45.48501495559759], [3.955873930276764, 45.483069410839036], [3.972738288575317, 45.50013373886768], [3.984007150006436, 45.495064583374834], [3.98562929441086, 45.486180074474646], [3.967553322029653, 45.47155059920657], [3.973125682196471, 45.45939927925382], [3.969091173753303, 45.453319604504394], [3.975105750923648, 45.44826954913943], [3.960143257046263, 45.44344571733883]]]}",2536,104,38,1,63,83
58140,58370,LAROCHEMILLAY,NIEVRE,BOURGOGNE,"Commune simple",430.0,4039.0,0.3,"46.8904175771, 3.98533892675","{""type"": ""Polygon"", ""coordinates"": [[[4.010467140215589, 46.86192653254095], [4.006192379819522, 46.86360279499136], [3.972172061509287, 46.8486775813768], [3.963067133745496, 46.850347924427425], [3.95804036849327, 46.856287793554344], [3.959879479514076, 46.863034803562584], [3.96883243609181, 46.871090804104924], [3.967650861732992, 46.87770997815335], [3.95939453413664, 46.88160592803773], [3.944963225706441, 46.88242759353343], [3.939086913235902, 46.89192121395701], [3.925277915396384, 46.893977903930654], [3.923151981288528, 46.90410677525457], [3.94206572001531, 46.91515499468353], [3.976959705051155, 46.914747376635596], [3.999713635861708, 46.90876240827118], [4.008783503677323, 46.911789862364046], [4.012062160123327, 46.921990067081886], [4.020585521093706, 46.92376079396803], [4.037067367515434, 46.919687745473055], [4.044686856989334, 46.9011688486116], [4.039951167797983, 46.9022111906783], [4.017780091722608, 46.89480046699871], [4.021130924608467, 46.878850932765324], [4.02678950490531, 46.87324484313497], [4.019551272179609, 46.864700864446895], [4.010467140215589, 46.86192653254095]]]}",10514,140,13,1,58,26
29039,29900,CONCARNEAU,FINISTERE,BRETAGNE,"Chef-lieu canton",50.0,4101.0,19.4,"47.8966260003, -3.90716871821","{""type"": ""Polygon"", ""coordinates"": [[[-3.878634866493335, 47.8598573834486], [-3.884259561466984, 47.85830704446854], [-3.900438531368746, 47.85080427209374], [-3.910202153157592, 47.85249574053324], [-3.913313920968396, 47.855257188458474], [-3.905423754108768, 47.859400053283785], [-3.906365239863962, 47.862813708313446], [-3.912988210488383, 47.86809633806198], [-3.927460002553222, 47.87146891264357], [-3.933873703701467, 47.88087364395932], [-3.942081954058219, 47.88509427585122], [-3.948108620561891, 47.89417803015442], [-3.946011256399111, 47.9045115443364], [-3.949054542815283, 47.92125275431785], [-3.93655835812825, 47.92620321835307], [-3.931001008792857, 47.935602462431554], [-3.938867561350714, 47.939410225460776], [-3.937418524297626, 47.94261282626562], [-3.92290854889858, 47.94496129887497], [-3.911806519719264, 47.938407266141354], [-3.901899682030157, 47.93872905247038], [-3.883223554151317, 47.92269015785427], [-3.893451900513345, 47.91082350785729], [-3.876939396335245, 47.885279454904584], [-3.851687303485944, 47.88224289837744], [-3.848749841841403, 47.87936135498831], [-3.851143837581364, 47.87004297307804], [-3.860702074381232, 47.86941089768635], [-3.873780198496104, 47.85999806452311], [-3.878634866493335, 47.8598573834486]]]}",6267,039,10,4,29,53
89115,89140,COMPIGNY,YONNE,BOURGOGNE,"Commune simple",126.0,782.0,0.2,"48.367152724, 3.27965951388","{""type"": ""Polygon"", ""coordinates"": [[[3.282089420036817, 48.352795269949574], [3.256673729185398, 48.355948017666854], [3.251007205717776, 48.365101031950765], [3.272181535872187, 48.37889144933123], [3.281402594311381, 48.378339104344185], [3.28282451053873, 48.38157456964112], [3.310892801114208, 48.37296628008847], [3.310588992404268, 48.369539267267136], [3.29492762622797, 48.36023148768564], [3.282384070861282, 48.35991116557083], [3.282089420036817, 48.352795269949574]]]}",26384,115,31,3,89,26
02697,02840,SAMOUSSY,AISNE,PICARDIE,"Commune simple",80.0,2558.0,0.3,"49.5868706589, 3.74329094453","{""type"": ""Polygon"", ""coordinates"": [[[3.757273409092901, 49.56261047960292], [3.724182642357115, 49.56361225369488], [3.709766457338934, 49.5812401018419], [3.710062277312931, 49.601629531366214], [3.706194732414246, 49.60393470309699], [3.696116939590238, 49.60311216466504], [3.698303774979961, 49.611394315901656], [3.691556864632217, 49.6146231468697], [3.691558132456635, 49.617795400952936], [3.701170827544821, 49.61879174869711], [3.701263660712163, 49.612428706067924], [3.710515778246752, 49.6104158722179], [3.720377285724944, 49.60950407529413], [3.732541579625013, 49.61396062838675], [3.747322298014877, 49.61177673560612], [3.756871213870566, 49.596260390703044], [3.792135861523089, 49.596826396582], [3.796321840544537, 49.594830897749134], [3.779642840972248, 49.588100045433116], [3.787049085663902, 49.56895476849001], [3.779084778054451, 49.56408116526979], [3.757273409092901, 49.56261047960292]]]}",26471,697,38,2,02,22
67012,67250,ASCHBACH,BAS-RHIN,ALSACE,"Commune simple",158.0,428.0,0.7,"48.9421865958, 7.98028356812","{""type"": ""Polygon"", ""coordinates"": [[[7.990030092925453, 48.93100787674965], [7.963765323325166, 48.94194834796611], [7.953923661832885, 48.944599561690204], [7.961512026474512, 48.949862658746056], [7.975699968363681, 48.95173370021782], [7.982472794153226, 48.9468928049462], [8.001446993738435, 48.943912084246875], [8.003132081787577, 48.94081411593727], [7.99843075554001, 48.93630699034569], [7.990030092925453, 48.93100787674965]]]}",20608,012,26,7,67,42
69141,69440,MORNANT,RHONE,RHONE-ALPES,"Chef-lieu canton",361.0,1574.0,5.4,"45.6159773607, 4.67379130422","{""type"": ""Polygon"", ""coordinates"": [[[4.665590571995947, 45.58860756884801], [4.664593049388478, 45.59896211144429], [4.644279789524492, 45.60924938837091], [4.639223298257607, 45.610971417039], [4.651167855946667, 45.62206418237853], [4.649780944384588, 45.6289386729256], [4.653357565262263, 45.63092171031731], [4.655688300371585, 45.64361403100511], [4.676445287659095, 45.62982355603217], [4.696053248108465, 45.62830479644864], [4.710276173958943, 45.618713331803605], [4.704051063343599, 45.61453852660696], [4.706005062094044, 45.605889322587196], [4.686909330384604, 45.60288983196843], [4.665590571995947, 45.58860756884801]]]}",581,141,24,1,69,82
21136,21440,CHAMPAGNY,COTE-D'OR,BOURGOGNE,"Commune simple",509.0,719.0,0.0,"47.4615477148, 4.76760990741","{""type"": ""Polygon"", ""coordinates"": [[[4.76506826004675, 47.44554626095077], [4.752498986991359, 47.456099841080146], [4.746386562175567, 47.47261490935966], [4.776573639639551, 47.47588589531117], [4.781032541341387, 47.474188060022556], [4.785589521267584, 47.45195028624186], [4.779155333626158, 47.44727664457664], [4.76506826004675, 47.44554626095077]]]}",28759,136,30,2,21,26
24363,24170,SAINT-AMAND-DE-BELVES,DORDOGNE,AQUITAINE,"Commune simple",196.0,733.0,0.1,"44.7565762479, 1.04332389325","{""type"": ""Polygon"", ""coordinates"": [[[1.057576434433446, 44.74535641905026], [1.023271263618743, 44.74811776655974], [1.017372317937607, 44.75556828448111], [1.025917739565303, 44.758413624471885], [1.027578041367183, 44.76477432642513], [1.044145478906642, 44.77256084793203], [1.053440865601794, 44.76663655376134], [1.069633107254088, 44.748638118236286], [1.057576434433446, 44.74535641905026]]]}",35887,363,02,4,24,72
33162,33320,EYSINES,GIRONDE,AQUITAINE,"Commune simple",24.0,1203.0,18.9,"44.8797152377, -0.647899474657","{""type"": ""Polygon"", ""coordinates"": [[[-0.666567072972541, 44.85808822380438], [-0.661701043059299, 44.871101579835596], [-0.669626653867926, 44.878717244097196], [-0.669252236401552, 44.895476102133365], [-0.642108260497336, 44.89496392690493], [-0.629853394667762, 44.89820440483139], [-0.62589375064913, 44.88834743561781], [-0.628908700596882, 44.88184069662694], [-0.62237316354054, 44.87682671032941], [-0.631051278917787, 44.871658097694564], [-0.638336425567463, 44.86066702174277], [-0.651198399990665, 44.86260588360756], [-0.666567072972541, 44.85808822380438]]]}",24210,162,06,2,33,72
69196,69430,SAINT-DIDIER-SUR-BEAUJEU,RHONE,RHONE-ALPES,"Commune simple",615.0,1448.0,0.6,"46.1460297825, 4.53494871719","{""type"": ""Polygon"", ""coordinates"": [[[4.530095250430512, 46.12091222767363], [4.522936347872925, 46.125241559996475], [4.499048102205813, 46.144103822207335], [4.505699109884609, 46.148023746883084], [4.503358160096679, 46.15386394340323], [4.507432657110442, 46.15924087452067], [4.520783518849727, 46.15413638317806], [4.530943701904378, 46.15412601302904], [4.547195330340281, 46.16239906176282], [4.548688490867733, 46.16937683978788], [4.569832574709399, 46.16532194179136], [4.559321077492045, 46.143472509039384], [4.546221743862508, 46.13383439107693], [4.530095250430512, 46.12091222767363]]]}",12492,196,04,2,69,82
65044,65350,AUBAREDE,HAUTES-PYRENEES,MIDI-PYRENEES,"Commune simple",282.0,486.0,0.3,"43.2705496988, 0.249527710509","{""type"": ""Polygon"", ""coordinates"": [[[0.268092943246037, 43.262855473983805], [0.259952749614886, 43.26050707014704], [0.237027831888218, 43.26345135632212], [0.233060028370719, 43.275303069700946], [0.241099077639628, 43.27747089841344], [0.241982767255385, 43.28372216652796], [0.255866558354168, 43.27961121404241], [0.268092943246037, 43.262855473983805]]]}",36578,044,17,3,65,73
14186,14480,COULOMBS,CALVADOS,BASSE-NORMANDIE,"Commune simple",62.0,432.0,0.3,"49.2487073696, -0.568008824876","{""type"": ""Polygon"", ""coordinates"": [[[-0.583278182386147, 49.23464740147429], [-0.586982924815103, 49.23595005530007], [-0.591278880981627, 49.237648945741675], [-0.582129993679461, 49.247820285049286], [-0.569322293606906, 49.25782013140482], [-0.555108784062431, 49.261452688508], [-0.546962348722233, 49.25775115243887], [-0.553383597509948, 49.25376454208327], [-0.551309870726298, 49.244997723291625], [-0.576822028375375, 49.240247700259005], [-0.583278182386147, 49.23464740147429]]]}",16374,186,13,2,14,25
31335,31110,MAYREGNE,HAUTE-GARONNE,MIDI-PYRENEES,"Commune simple",1465.0,522.0,0.0,"42.8481521233, 0.540039042931","{""type"": ""Polygon"", ""coordinates"": [[[0.532124343428869, 42.83336389162129], [0.523911496895691, 42.83619744322813], [0.525127591639198, 42.84294596798163], [0.534542744675396, 42.854435564876276], [0.534179807526843, 42.86125572899443], [0.547135848233731, 42.864611561595154], [0.55404062552214, 42.860090897399004], [0.548852118363301, 42.83757099552398], [0.532124343428869, 42.83336389162129]]]}",9701,335,04,2,31,73
12004,12300,ALMONT-LES-JUNIES,AVEYRON,MIDI-PYRENEES,"Commune simple",423.0,2372.0,0.5,"44.6009371852, 2.31097212819","{""type"": ""Polygon"", ""coordinates"": [[[2.294245274864132, 44.578226574344576], [2.286679397408973, 44.586847709487145], [2.269920107199507, 44.59201392760093], [2.278188094940616, 44.59966668262907], [2.277553830436422, 44.60983583959023], [2.265296548364892, 44.62004544371356], [2.298129891312375, 44.623400796167374], [2.306691533319668, 44.62015973490825], [2.330450982678372, 44.619252837159124], [2.339379733099515, 44.60705361847281], [2.357506127187826, 44.59563684564316], [2.360843028277096, 44.5891471745743], [2.369181619736656, 44.585909082138116], [2.360472920959995, 44.58289710880021], [2.323896404927323, 44.58980055799972], [2.316689822315932, 44.58565094202302], [2.315221802501807, 44.578934765632965], [2.294245274864132, 44.578226574344576]]]}",22956,004,10,3,12,73
04128,04110,MONTFURON,ALPES-DE-HAUTE-PROVENCE,"PROVENCE-ALPES-COTE D'AZUR","Commune simple",538.0,1894.0,0.2,"43.831580084, 5.68859318549","{""type"": ""Polygon"", ""coordinates"": [[[5.674483353980396, 43.80736044633384], [5.659790934679943, 43.815715534290426], [5.65444513741414, 43.82511098585936], [5.657558625860696, 43.827610301694236], [5.652123415773934, 43.84341879255574], [5.693123800474289, 43.847807596139845], [5.705219014183812, 43.84468989330599], [5.721089858477042, 43.850084912485194], [5.727149454900407, 43.84539531747498], [5.728275438591102, 43.83666887566879], [5.721025055480649, 43.82417192349092], [5.717032988623852, 43.822344569601846], [5.708296551659991, 43.824578908401996], [5.695610217796748, 43.81480863280487], [5.681883473690208, 43.81536331809625], [5.674483353980396, 43.80736044633384]]]}",25349,128,33,4,04,93
55386,55210,NONSARD-LAMARCHE,MEUSE,LORRAINE,"Commune simple",226.0,1826.0,0.1,"48.9387436314, 5.75541848294","{""type"": ""Polygon"", ""coordinates"": [[[5.732765966852865, 48.911502085302466], [5.724274292636426, 48.91540278679133], [5.727925772372786, 48.92177128382251], [5.729688485847766, 48.935066154159315], [5.726227572686093, 48.937565397942656], [5.730944827271247, 48.95066684149324], [5.726788756394063, 48.95686196602417], [5.730743477012542, 48.9590573600225], [5.751314239398804, 48.95918080337596], [5.754993091025734, 48.961561708617864], [5.799580314121997, 48.946320686956184], [5.776647393272573, 48.92515979977779], [5.751909144179053, 48.92112366132279], [5.747025431243316, 48.91526100056429], [5.732765966852865, 48.911502085302466]]]}",3054,386,27,2,55,41
58226,58230,SAINT-AGNAN,NIEVRE,BOURGOGNE,"Commune simple",559.0,2423.0,0.2,"47.3229791004, 4.09119317284","{""type"": ""Polygon"", ""coordinates"": [[[4.114587142161054, 47.29260998939568], [4.100672219655944, 47.30519432741911], [4.091682426117634, 47.3076830836731], [4.078644060359719, 47.30372650783382], [4.060001762343544, 47.30341207019456], [4.05844193117162, 47.31291565169886], [4.044760277562912, 47.326859353527574], [4.039858820839846, 47.327434527681866], [4.048066489064038, 47.33953288788885], [4.067523124319951, 47.338212313606995], [4.076937538325295, 47.34073630302792], [4.096188478514892, 47.337135042964285], [4.106085850126875, 47.339255985490894], [4.107050966308406, 47.33596064487161], [4.111898023404136, 47.33531113329596], [4.122584023514412, 47.34219479570996], [4.13090512651955, 47.35427732299155], [4.139859611124354, 47.35670169263655], [4.143319249220037, 47.35429087566685], [4.12504337322338, 47.335670717776274], [4.12377666834852, 47.32956981682199], [4.130407061723541, 47.32057426767247], [4.115373509284454, 47.30753890228157], [4.123863730829493, 47.30399975313036], [4.132540767439282, 47.30748972881735], [4.114587142161054, 47.29260998939568]]]}",18160,226,14,1,58,26
13087,13790,ROUSSET,BOUCHES-DU-RHONE,"PROVENCE-ALPES-COTE D'AZUR","Commune simple",256.0,1954.0,4.4,"43.4841496165, 5.62380799416","{""type"": ""Polygon"", ""coordinates"": [[[5.611258096209532, 43.46355625796957], [5.600263907970055, 43.46885255068726], [5.590243082733697, 43.467814279712904], [5.583715345891125, 43.47601756739958], [5.585370868017636, 43.482045233782955], [5.59488155070569, 43.481862995558046], [5.602594431603574, 43.48538682800071], [5.600755411975741, 43.50212038809921], [5.617629799797783, 43.50497307317444], [5.628240893803043, 43.51037870060884], [5.654308173473657, 43.49071341821493], [5.657975637855156, 43.47697653413094], [5.653068623184023, 43.463863969142494], [5.647361766085033, 43.468756510216856], [5.639221814868669, 43.46644353485753], [5.62169585328669, 43.46940742794114], [5.611258096209532, 43.46355625796957]]]}",13260,087,34,1,13,93
02680,02410,SAINT-GOBAIN,AISNE,PICARDIE,"Commune simple",135.0,2987.0,2.3,"49.5953887213, 3.39411143672","{""type"": ""Polygon"", ""coordinates"": [[[3.431308526860018, 49.56525770986013], [3.41758952987931, 49.57051804793087], [3.396294761403179, 49.577608092210774], [3.390671231470015, 49.58323401969172], [3.380669385994043, 49.583930795539466], [3.372292595858894, 49.58002958338412], [3.368188602928081, 49.58207308721485], [3.363556383391457, 49.58374058944882], [3.356567196396775, 49.57845018162862], [3.351192102495966, 49.57860963281011], [3.343720346782759, 49.58351077636205], [3.343060901982598, 49.59031550919788], [3.333192761675929, 49.59275137881751], [3.33117482979779, 49.59924516280901], [3.342697994481463, 49.606357434538495], [3.361155338075508, 49.61181263680997], [3.362864746766279, 49.61495276869347], [3.371661355304415, 49.61693013687192], [3.371966941560101, 49.62283319659149], [3.374534993364055, 49.62028219392895], [3.382196985090541, 49.61645713020232], [3.411353778124293, 49.614915133721794], [3.42340212897056, 49.62019367108397], [3.433849185611932, 49.6206690482773], [3.445379037890528, 49.62794218528638], [3.446694087192957, 49.6216829044973], [3.441357711446762, 49.62201692065316], [3.435742891136473, 49.61237684530509], [3.427559754220387, 49.60788574095641], [3.421284098644541, 49.59134548830376], [3.421214016129238, 49.58785891830307], [3.437435561799, 49.578949674321855], [3.447605810218298, 49.58666815022966], [3.458295794488599, 49.58722140415113], [3.459267539765766, 49.58459361904947], [3.454502435678492, 49.58499797325462], [3.450779090747046, 49.57969170939395], [3.459224846606299, 49.57673037706599], [3.431308526860018, 49.56525770986013]]]}",5915,680,14,2,02,22
38486,38180,SEYSSINS,ISERE,RHONE-ALPES,"Commune simple",524.0,798.0,6.9,"45.1548597914, 5.67545398227","{""type"": ""Polygon"", ""coordinates"": [[[5.688695638032303, 45.14297761555433], [5.640000234988267, 45.14831208222393], [5.638726680730948, 45.153423363540945], [5.653320885880746, 45.15348260680238], [5.661942797537534, 45.161538662028974], [5.685212698221752, 45.1648009894102], [5.700746110656062, 45.17262462852534], [5.699648054668818, 45.16045248080588], [5.688695638032303, 45.14297761555433]]]}",22518,486,56,1,38,82
62511,62810,LIGNEREUIL,PAS-DE-CALAIS,NORD-PAS-DE-CALAIS,"Commune simple",141.0,296.0,0.1,"50.2913104341, 2.47081083726","{""type"": ""Polygon"", ""coordinates"": [[[2.456959270074601, 50.28433554582972], [2.457357803398505, 50.29682688481778], [2.474343230879893, 50.29981857859771], [2.488635162184532, 50.29072034583286], [2.487636104386534, 50.28834578243135], [2.478561941646166, 50.28492268528629], [2.456959270074601, 50.28433554582972]]]}",4753,511,08,1,62,31
56111,56220,LIMERZEL,MORBIHAN,BRETAGNE,"Commune simple",64.0,2517.0,1.3,"47.6357871831, -2.36132601788","{""type"": ""Polygon"", ""coordinates"": [[[-2.319750574913378, 47.613863324004065], [-2.321901181072213, 47.610815127202954], [-2.35446567845063, 47.60389296390079], [-2.384700608000927, 47.615320650572116], [-2.387682489069432, 47.61261160975119], [-2.393747021491365, 47.615055893900156], [-2.399555932121672, 47.619054512018934], [-2.386498453780041, 47.633245574587654], [-2.394066278325279, 47.64168328796824], [-2.375608009531553, 47.653235197286875], [-2.375266945393565, 47.66361693370008], [-2.369840330494877, 47.66953237016636], [-2.373957527930358, 47.67591970215736], [-2.341717700019064, 47.671183619310966], [-2.339036005896166, 47.66814880438729], [-2.34672878648781, 47.65923522810609], [-2.337087460705611, 47.63924280252178], [-2.343818180494595, 47.62609685196964], [-2.319750574913378, 47.613863324004065]]]}",9146,111,32,3,56,53
31333,31230,MAUVEZIN,HAUTE-GARONNE,MIDI-PYRENEES,"Commune simple",234.0,485.0,0.1,"43.3839989782, 0.920647647087","{""type"": ""Polygon"", ""coordinates"": [[[0.916292642275169, 43.36666294041106], [0.911504476314923, 43.368082508453824], [0.915305475135187, 43.377578069549564], [0.897102013655292, 43.387530232411336], [0.902722555012797, 43.39075308751327], [0.901578516290909, 43.396409589206215], [0.916375073304684, 43.39063875845647], [0.927284766712455, 43.39506891845294], [0.94429130588836, 43.38088628912926], [0.945204705848765, 43.376035040243444], [0.936197885518215, 43.37674558594143], [0.930851554199887, 43.38201608286311], [0.926437417891161, 43.381247658365545], [0.916292642275169, 43.36666294041106]]]}",30269,333,16,2,31,73
08472,08270,VIEL-SAINT-REMY,ARDENNES,CHAMPAGNE-ARDENNE,"Commune simple",199.0,2261.0,0.3,"49.632572198, 4.48367438059","{""type"": ""Polygon"", ""coordinates"": [[[4.48063554368237, 49.60379507930643], [4.457466044077969, 49.610438655902826], [4.45026335102252, 49.61838913634589], [4.436083761909926, 49.6203550675184], [4.450720369555586, 49.63846202949044], [4.461223055723772, 49.639882102670846], [4.468643883098005, 49.64481670633825], [4.46911466734479, 49.654966824863955], [4.472800373601836, 49.65749263578267], [4.483489535706783, 49.65706613690656], [4.497535704677408, 49.662088708175695], [4.497842668538947, 49.66122214009668], [4.501922205625826, 49.654916585015016], [4.528215508133838, 49.63834841941433], [4.518086985369306, 49.62251308400724], [4.48932732284101, 49.61498662487403], [4.481330366308693, 49.61061741691023], [4.48063554368237, 49.60379507930643]]]}",865,472,19,2,08,21
05084,05230,MONTGARDIN,HAUTES-ALPES,"PROVENCE-ALPES-COTE D'AZUR","Commune simple",965.0,1490.0,0.5,"44.543584781, 6.23305665739","{""type"": ""Polygon"", ""coordinates"": [[[6.223780236811502, 44.520306172831106], [6.2079975337447, 44.544182546881615], [6.211204208509144, 44.56068533998452], [6.224534604652153, 44.563945747693964], [6.25273383420582, 44.56252376518107], [6.25037584930652, 44.55243894555356], [6.261463531288324, 44.54610216096064], [6.260762938620724, 44.54269906194926], [6.240580013009473, 44.52009321217421], [6.223780236811502, 44.520306172831106]]]}",17318,084,05,2,05,93
10422,10130,VILLENEUVE-AU-CHEMIN,AUBE,CHAMPAGNE-ARDENNE,"Commune simple",167.0,339.0,0.2,"48.089137016, 3.83985245464","{""type"": ""Polygon"", ""coordinates"": [[[3.845221627248032, 48.075729454673095], [3.815987845884921, 48.09575153780751], [3.830529054489245, 48.096999830674235], [3.854301726595565, 48.09501211571765], [3.857580135013822, 48.09256755201457], [3.858375053935032, 48.0918868325869], [3.845221627248032, 48.075729454673095]]]}",16928,422,09,3,10,21
77174,77157,EVERLY,SEINE-ET-MARNE,ILE-DE-FRANCE,"Commune simple",59.0,877.0,0.6,"48.4602932041, 3.2638422634","{""type"": ""Polygon"", ""coordinates"": [[[3.275517714020058, 48.44600722739247], [3.270982596166449, 48.447637010012755], [3.256818275562658, 48.44365613325566], [3.252812652039265, 48.44580586475216], [3.239619816343382, 48.47060890959668], [3.241865210637297, 48.47346513486339], [3.251427422474213, 48.47281554376241], [3.264692271727126, 48.47671803305487], [3.272976193120034, 48.47476511055954], [3.289867035869205, 48.45128088903493], [3.275517714020058, 48.44600722739247]]]}",20569,174,01,3,77,11
62152,62175,BOISLEUX-SAINT-MARC,PAS-DE-CALAIS,NORD-PAS-DE-CALAIS,"Commune simple",83.0,344.0,0.2,"50.212910679, 2.79651597969","{""type"": ""Polygon"", ""coordinates"": [[[2.801319973824872, 50.19914404386357], [2.792256385835613, 50.198733961183436], [2.789853884977139, 50.2012172764538], [2.791508379688211, 50.21053203814139], [2.784193870798689, 50.22608996772359], [2.801343707393396, 50.225211916672215], [2.80699630970809, 50.20739646770553], [2.801319973824872, 50.19914404386357]]]}",20747,152,20,1,62,31
69194,69370,SAINT-DIDIER-AU-MONT-D'OR,RHONE,RHONE-ALPES,"Commune simple",350.0,831.0,6.4,"45.8147288136, 4.79844330211","{""type"": ""Polygon"", ""coordinates"": [[[4.818259251538413, 45.79937155298365], [4.806234043834076, 45.78960260201211], [4.802671824903777, 45.791704205266484], [4.797269630300982, 45.8001851081489], [4.785419881240564, 45.805291102182274], [4.782243209581964, 45.811412153422665], [4.789305105886753, 45.82940496502266], [4.786828221744313, 45.8420452818957], [4.793479667170687, 45.84248931235839], [4.809631277375533, 45.82098354658344], [4.808821466809412, 45.807278449335385], [4.818259251538413, 45.79937155298365]]]}",17192,194,10,1,69,82
62590,62130,MONTS-EN-TERNOIS,PAS-DE-CALAIS,NORD-PAS-DE-CALAIS,"Commune simple",140.0,341.0,0.1,"50.3211000612, 2.38646498424","{""type"": ""Polygon"", ""coordinates"": [[[2.399251253063015, 50.307978373488396], [2.38064568226079, 50.31148676727511], [2.381290074793534, 50.317263257445916], [2.374144694838907, 50.321294493601165], [2.372079394297765, 50.327245726507144], [2.383209995808341, 50.33230287350139], [2.387625036750218, 50.33142702916928], [2.396964931817654, 50.328052262861114], [2.394895931857222, 50.313425077907524], [2.399888148259651, 50.30865487620275], [2.399251253063015, 50.307978373488396]]]}",31551,590,43,1,62,31
38172,38080,FOUR,ISERE,RHONE-ALPES,"Commune simple",389.0,1190.0,1.1,"45.5768084385, 5.19447045153","{""type"": ""Polygon"", ""coordinates"": [[[5.18847196497966, 45.54787370683108], [5.174465394490533, 45.54803756280419], [5.175068588597577, 45.55132286713778], [5.18470111451614, 45.55890103672033], [5.179609026758385, 45.568656676485034], [5.180401888831105, 45.58262200156241], [5.172953168832033, 45.59125191821384], [5.183596953654339, 45.59566693192013], [5.183852919045473, 45.598580623283134], [5.206636296403372, 45.59646933100123], [5.21690078397331, 45.59579900698644], [5.210674360001085, 45.57931930349306], [5.213924791514231, 45.57269729952685], [5.208518771974456, 45.564173728713804], [5.190477304646113, 45.554176395070705], [5.18847196497966, 45.54787370683108]]]}",14393,172,37,2,38,82
63434,63590,TOURS-SUR-MEYMONT,PUY-DE-DOME,AUVERGNE,"Commune simple",597.0,1807.0,0.5,"45.6740219658, 3.57621725614","{""type"": ""Polygon"", ""coordinates"": [[[3.596050855633493, 45.6429460730777], [3.594364656347355, 45.64612477225484], [3.563815793196046, 45.65444048429233], [3.557086374948871, 45.66328992167468], [3.545231235596906, 45.668381762986925], [3.545703726943213, 45.678528164430176], [3.562232928913514, 45.6844532557113], [3.556512094675364, 45.69687263668565], [3.563988843670395, 45.70042848925884], [3.586264013752432, 45.701980746717894], [3.587068044685859, 45.70508332139644], [3.590589063556198, 45.70502890409796], [3.592738584007444, 45.70052407060658], [3.589106144626571, 45.694914930714454], [3.596332905803634, 45.69179716973741], [3.590888020653059, 45.68247856756479], [3.604467608868316, 45.64365761903392], [3.596050855633493, 45.6429460730777]]]}",13382,434,39,2,63,83
23259,23170,VERNEIGES,CREUSE,LIMOUSIN,"Commune simple",424.0,765.0,0.1,"46.2641701184, 2.34076152374","{""type"": ""Polygon"", ""coordinates"": [[[2.353773493793652, 46.251771084266274], [2.340189895605884, 46.2490006249668], [2.331272226628465, 46.25114582743153], [2.329429365049287, 46.257474587204435], [2.321114048845958, 46.26115341959148], [2.316714471927782, 46.2672595849352], [2.325495808241885, 46.2753895259711], [2.338996766482822, 46.27473027958651], [2.355145686170664, 46.27965860043332], [2.358620867931917, 46.27347373323487], [2.355922456095047, 46.26330977801639], [2.357997907079127, 46.260151711608216], [2.362994939487627, 46.260269833584516], [2.353773493793652, 46.251771084266274]]]}",36268,259,09,1,23,74
80654,80132,QUESNOY-LE-MONTANT,SOMME,PICARDIE,"Commune simple",56.0,711.0,0.6,"50.1063029095, 1.68766890084","{""type"": ""Polygon"", ""coordinates"": [[[1.679354822127018, 50.091080927956796], [1.664765240886457, 50.09690525699847], [1.667901906620987, 50.107214945852284], [1.679656374130671, 50.11707844977136], [1.687532012017691, 50.12151013723431], [1.70234208520969, 50.1203471894486], [1.711901424681939, 50.11082818342772], [1.693533110368628, 50.092975235857544], [1.679354822127018, 50.091080927956796]]]}",32622,654,29,1,80,22
63468,63120,VOLLORE-MONTAGNE,PUY-DE-DOME,AUVERGNE,"Commune simple",958.0,2118.0,0.3,"45.7827859194, 3.68768043722","{""type"": ""Polygon"", ""coordinates"": [[[3.72710575635949, 45.75557873515154], [3.717878252231674, 45.75727679509937], [3.708326285609467, 45.764820540825674], [3.685221729040718, 45.76720553822664], [3.655301457250739, 45.7657623534764], [3.654152004813597, 45.779528969725746], [3.657925844385297, 45.78950281228709], [3.652990294787296, 45.795573968460005], [3.657330362495553, 45.81301889727084], [3.668571163921908, 45.806514162237384], [3.683064943517111, 45.80507661866237], [3.69641797121385, 45.80819190617069], [3.712630833928553, 45.80129175989727], [3.695114999851555, 45.794701063303386], [3.693391010912046, 45.78863312538712], [3.700393439847368, 45.783555953607284], [3.728468535913458, 45.77601190777089], [3.737971948702838, 45.76778236334638], [3.733107827633395, 45.76194263471479], [3.730436481159911, 45.76035702461353], [3.72710575635949, 45.75557873515154]]]}",27650,468,15,5,63,83
76710,76640,TREMAUVILLE,SEINE-MARITIME,HAUTE-NORMANDIE,"Commune simple",130.0,271.0,0.1,"49.6649596837, 0.521421339648","{""type"": ""Polygon"", ""coordinates"": [[[0.531784721456722, 49.67197193636689], [0.526222299897246, 49.65348304080254], [0.512402526685871, 49.65605099622224], [0.514097394642949, 49.67306812012242], [0.520726845718737, 49.676340960068195], [0.531784721456722, 49.67197193636689]]]}",13640,710,20,2,76,23
38554,38460,VILLEMOIRIEU,ISERE,RHONE-ALPES,"Commune simple",262.0,1337.0,1.8,"45.7139810956, 5.23197765072","{""type"": ""Polygon"", ""coordinates"": [[[5.244815232452786, 45.699193748403175], [5.23781559879542, 45.69999963275596], [5.227150512954162, 45.70748078346916], [5.187777934838695, 45.712954485058894], [5.189098617088835, 45.72227947697137], [5.210452366469137, 45.73010537643315], [5.232343518960928, 45.72846682767179], [5.232320950286047, 45.725359353334674], [5.251193278852226, 45.71786725448054], [5.275319950838903, 45.70975242925306], [5.281863274949398, 45.70129614695307], [5.244815232452786, 45.699193748403175]]]}",17519,554,08,2,38,82
79343,79170,VERNOUX-SUR-BOUTONNE,DEUX-SEVRES,POITOU-CHARENTES,"Commune simple",50.0,819.0,0.1,"46.1579500022, -0.262109778783","{""type"": ""Polygon"", ""coordinates"": [[[-0.243118012296183, 46.146259296669555], [-0.261498975015915, 46.15161798043906], [-0.275277212399728, 46.14759832226404], [-0.300009347196142, 46.147017383401405], [-0.285698295670185, 46.15618372349609], [-0.276909387972649, 46.16819013197501], [-0.264216781200396, 46.173097926239635], [-0.257025686781077, 46.16407551452486], [-0.238263616457478, 46.167919557163394], [-0.2264377339151, 46.16203754486887], [-0.234556033272854, 46.16048180275371], [-0.243118012296183, 46.146259296669555]]]}",4400,343,05,2,79,54
49373,49310,VIHIERS,MAINE-ET-LOIRE,"PAYS DE LA LOIRE","Chef-lieu canton",120.0,6003.0,4.3,"47.1373301524, -0.559450064005","{""type"": ""Polygon"", ""coordinates"": [[[-0.592515041872627, 47.07729510741611], [-0.602054870771896, 47.08442432542749], [-0.604257642811681, 47.09072746890779], [-0.600596347121717, 47.10090855604062], [-0.604917412441808, 47.11775329319399], [-0.589624245168297, 47.12620511466696], [-0.604305002594139, 47.135040130478224], [-0.611221790432851, 47.14798239745338], [-0.588969210996512, 47.175423216376345], [-0.567831215162758, 47.19090160234814], [-0.559736079185001, 47.18224700816643], [-0.539786909189256, 47.18079513323861], [-0.531464956860808, 47.177048101987104], [-0.526164957633726, 47.15365271118006], [-0.521619347832788, 47.15222311733004], [-0.513986708464625, 47.15651957081712], [-0.509221438940569, 47.155366520558985], [-0.501265740485168, 47.14781239442716], [-0.491664344017654, 47.14722849461115], [-0.496455919259306, 47.1416856933052], [-0.505742715715548, 47.139683296365924], [-0.509647034108027, 47.13352692172877], [-0.486810956089313, 47.120627991565364], [-0.493595302761025, 47.11551171187071], [-0.512786213164523, 47.11990471081553], [-0.521212862242238, 47.115917384149725], [-0.525170960668537, 47.10942524301398], [-0.550749252114378, 47.10696601148924], [-0.564595690172651, 47.10237611833621], [-0.592515041872627, 47.07729510741611]]]}",6517,373,34,3,49,52
69090,69620,FRONTENAS,RHONE,RHONE-ALPES,"Commune simple",340.0,350.0,0.8,"45.9219427499, 4.63235973295","{""type"": ""Polygon"", ""coordinates"": [[[4.646696038088773, 45.90604321889833], [4.624319812963932, 45.91946274849698], [4.619459753528957, 45.91875784371229], [4.611966085181106, 45.92330523179333], [4.613324285891422, 45.929581629133054], [4.65100627163698, 45.92933525825698], [4.652771203546864, 45.926211115894006], [4.639147800005849, 45.92337400414103], [4.648159636522979, 45.90839071026387], [4.646696038088773, 45.90604321889833]]]}",31272,090,06,2,69,82
27635,27700,"LE THUIT",EURE,HAUTE-NORMANDIE,"Commune simple",95.0,311.0,0.1,"49.2597517999, 1.367256434","{""type"": ""Polygon"", ""coordinates"": [[[1.375796635187388, 49.250693443268084], [1.373434408696791, 49.25112018458463], [1.358399041127272, 49.250952438292934], [1.353885497899584, 49.25681646211509], [1.358403692539121, 49.26594161036347], [1.367872736987137, 49.272391140715754], [1.372564029443147, 49.266547071758566], [1.381462231441244, 49.263205028212866], [1.375796635187388, 49.250693443268084]]]}",31436,635,02,1,27,23
11420,11250,VILLEBAZY,AUDE,LANGUEDOC-ROUSSILLON,"Commune simple",375.0,1263.0,0.1,"43.0558531373, 2.33940629653","{""type"": ""Polygon"", ""coordinates"": [[[2.36364013372233, 43.03816125874219], [2.342341780717458, 43.04360057823018], [2.320326706373493, 43.04288821353558], [2.317315620356204, 43.04450609166362], [2.318668722934116, 43.05665680305854], [2.311429516901641, 43.06410297089824], [2.317316347348553, 43.07565318669311], [2.34398104123531, 43.06992760887179], [2.359162914661767, 43.061600391272464], [2.372482171581731, 43.04027280187136], [2.36364013372233, 43.03816125874219]]]}",1292,420,27,2,11,91
64087,64300,BAIGTS-DE-BEARN,PYRENEES-ATLANTIQUES,AQUITAINE,"Commune simple",94.0,1345.0,0.8,"43.5246551723, -0.845538853902","{""type"": ""Polygon"", ""coordinates"": [[[-0.832982279313292, 43.5028467836794], [-0.838777333011125, 43.50827150571399], [-0.851938808049609, 43.509651219896526], [-0.857791624599272, 43.504659951222116], [-0.87445051835921, 43.50523679791541], [-0.868500442323588, 43.51060181079888], [-0.864909056219334, 43.52380938928829], [-0.86396409927975, 43.54416513026168], [-0.855712998795721, 43.54190047228048], [-0.842812505744201, 43.54342123691645], [-0.818342547844894, 43.53969142706465], [-0.822754238979102, 43.526916133973664], [-0.828890467862424, 43.52221377772445], [-0.825464140650414, 43.5127775601792], [-0.832982279313292, 43.5028467836794]]]}",1413,087,29,3,64,72
58115,58240,FLEURY-SUR-LOIRE,NIEVRE,BOURGOGNE,"Commune simple",206.0,1986.0,0.2,"46.830039713, 3.31570978537","{""type"": ""Polygon"", ""coordinates"": [[[3.31659903360782, 46.79831546511034], [3.301922794607959, 46.80690871651228], [3.282588968169588, 46.808542546442695], [3.291255690572241, 46.83510951809035], [3.304313673470034, 46.845043026907426], [3.302737138514273, 46.851764069077134], [3.313118789219634, 46.8631711815897], [3.334347657412021, 46.8507942046206], [3.351705057621554, 46.835750976326175], [3.341918034752367, 46.82340907476407], [3.329773789102361, 46.817357861417854], [3.31659903360782, 46.79831546511034]]]}",9801,115,08,3,58,26
23255,23230,TROIS-FONDS,CREUSE,LIMOUSIN,"Commune simple",432.0,970.0,0.1,"46.2431666421, 2.23617811093","{""type"": ""Polygon"", ""coordinates"": [[[2.241396196599524, 46.219973539292354], [2.22924315171936, 46.229896671374995], [2.233648268232827, 46.23594192398423], [2.230342497371903, 46.23846809311365], [2.221578544817538, 46.241479266710186], [2.216689546834393, 46.24120257792836], [2.215490915222047, 46.237898400117025], [2.21100550503373, 46.2429643614342], [2.210069609700251, 46.254763747823375], [2.217041622029474, 46.25834196926698], [2.239317657301329, 46.25662892657093], [2.240387489697195, 46.25343922195762], [2.249836542095337, 46.25449245998706], [2.257267359928957, 46.250272728398], [2.259263633542362, 46.234157427888306], [2.247627677350509, 46.22911920713501], [2.241396196599524, 46.219973539292354]]]}",9914,255,20,2,23,74
59634,59190,WALLON-CAPPEL,NORD,NORD-PAS-DE-CALAIS,"Commune simple",47.0,550.0,0.9,"50.7278457083, 2.48249397523","{""type"": ""Polygon"", ""coordinates"": [[[2.494004698070775, 50.714972748352515], [2.487898553770558, 50.70947397710492], [2.468175168053192, 50.720975827976595], [2.468253789818968, 50.721559428629625], [2.47162659696956, 50.738183160022984], [2.47170632656836, 50.73866804409208], [2.478226407577834, 50.74397169134409], [2.488364311916898, 50.745539188124454], [2.494584999906438, 50.728910598665095], [2.494004698070775, 50.714972748352515]]]}",25492,634,29,4,59,31
01214,01450,LEYSSARD,AIN,RHONE-ALPES,"Commune simple",619.0,934.0,0.2,"46.1624187428, 5.47633297491","{""type"": ""Polygon"", ""coordinates"": [[[5.475629628041088, 46.13182389280583], [5.475698120358684, 46.13506574859347], [5.459273922363908, 46.14016152942694], [5.471513456900213, 46.166743443722716], [5.463438312582656, 46.178937146713494], [5.465024526988736, 46.18508308533264], [5.483030491577582, 46.18484426838064], [5.48945364493701, 46.18946968103372], [5.494032456491592, 46.18803591648353], [5.489361714979412, 46.18258857346091], [5.487703946501946, 46.16034481595926], [5.483527730284546, 46.14628255349824], [5.475629628041088, 46.13182389280583]]]}",23198,214,16,4,01,82
47301,47350,SEYCHES,LOT-ET-GARONNE,AQUITAINE,"Chef-lieu canton",83.0,2494.0,1.0,"44.5491210196, 0.292236597438","{""type"": ""Polygon"", ""coordinates"": [[[0.26351699472623, 44.51851609265636], [0.260622681086102, 44.52108350392667], [0.264286721010298, 44.527056419177924], [0.262241946841966, 44.5300142665599], [0.246144959040622, 44.53551378247069], [0.258770018842729, 44.54550242887966], [0.261524621532327, 44.56219916402799], [0.263503549079624, 44.568418582313356], [0.276218353868714, 44.56971481381498], [0.281265290776655, 44.575072707274714], [0.291217243636105, 44.56780482954691], [0.313876706407525, 44.56402573151478], [0.331959966535396, 44.567166455390534], [0.333700761720315, 44.57032511759005], [0.345037658348614, 44.56559010872135], [0.344168275619171, 44.55916487802034], [0.323422620115128, 44.54287367492461], [0.317331797655569, 44.53375432736414], [0.299650013706833, 44.53878164187466], [0.283587185590213, 44.52187650580511], [0.269955468424759, 44.52335957193566], [0.26351699472623, 44.51851609265636]]]}",2256,301,31,2,47,72
55061,55500,"LE BOUCHON-SUR-SAULX",MEUSE,LORRAINE,"Commune simple",254.0,533.0,0.2,"48.6090454105, 5.22782104309","{""type"": ""Polygon"", ""coordinates"": [[[5.197752064165966, 48.5972295111059], [5.197511362255841, 48.60054547229013], [5.216972678982697, 48.61092901153567], [5.231997561362363, 48.62403826374982], [5.248817787731952, 48.61430015258813], [5.253023730109383, 48.61553444861688], [5.246776496062254, 48.61132411492133], [5.249781409516049, 48.602934482173886], [5.233966186458857, 48.60306138479473], [5.197752064165966, 48.5972295111059]]]}",20905,061,13,1,55,41
33304,33580,NEUFFONS,GIRONDE,AQUITAINE,"Commune simple",50.0,470.0,0.2,"44.6479485924, 0.0115623600622","{""type"": ""Polygon"", ""coordinates"": [[[0.024756451263438, 44.63931426624035], [0.013472019445246, 44.63462254048082], [0.00084681011778, 44.63666812189802], [-0.001077658095877, 44.65148105105057], [0.010580962292395, 44.66177004749496], [0.024614884949771, 44.660157507159646], [0.026087508490481, 44.65689077249673], [0.016636603553175, 44.650158616644745], [0.024756451263438, 44.63931426624035]]]}",21198,304,32,3,33,72
35100,35210,DOMPIERRE-DU-CHEMIN,ILLE-ET-VILAINE,BRETAGNE,"Commune simple",137.0,979.0,0.6,"48.2671470329, -1.14643708815","{""type"": ""Polygon"", ""coordinates"": [[[-1.123833854836852, 48.250127610209134], [-1.138917309655488, 48.250140656544346], [-1.157695990147934, 48.25458086640719], [-1.163404052630866, 48.266714593228905], [-1.176264363132592, 48.27998305710121], [-1.163466208507585, 48.28559726583828], [-1.134800208176352, 48.27709819379762], [-1.123328753543711, 48.27004792751562], [-1.125503997889611, 48.26318763540487], [-1.12231702051423, 48.260397715280604], [-1.123833854836852, 48.250127610209134]]]}",28872,100,13,1,35,53
10393,10500,VALLENTIGNY,AUBE,CHAMPAGNE-ARDENNE,"Commune simple",125.0,1570.0,0.2,"48.442454066, 4.61489587199","{""type"": ""Polygon"", ""coordinates"": [[[4.550325756261716, 48.419004636045365], [4.550274700313506, 48.42093991824766], [4.558048022710832, 48.439185309157615], [4.560529813076599, 48.45171398183228], [4.565160382974473, 48.45322766018714], [4.56890796088873, 48.463210936441314], [4.570863030913609, 48.4629871271692], [4.577563074542893, 48.453630334104524], [4.59171875702568, 48.448933298835925], [4.612692791321289, 48.44834420421864], [4.635781810256639, 48.45661246800061], [4.673884717723938, 48.44413151567437], [4.676941571187281, 48.435665885712446], [4.661177177758266, 48.43490682986159], [4.650976908573002, 48.42702266597807], [4.603038876609794, 48.439593810521984], [4.577027319718768, 48.44029329702797], [4.563653254464892, 48.43577327412135], [4.560134064055111, 48.42199841258431], [4.550325756261716, 48.419004636045365]]]}",9363,393,06,1,10,21
84003,84400,APT,VAUCLUSE,"PROVENCE-ALPES-COTE D'AZUR",Sous-préfecture,311.0,4509.0,11.4,"43.879393265, 5.38921757843","{""type"": ""Polygon"", ""coordinates"": [[[5.357751992468396, 43.84180659087691], [5.34336554002748, 43.86316585930544], [5.334939554531767, 43.8649490643173], [5.31778670843673, 43.860219061779], [5.3106762663554, 43.864385240078455], [5.318923499441245, 43.86768545516772], [5.351486596536772, 43.88844328875675], [5.370052341443802, 43.88974337368691], [5.375851465753962, 43.90314946516053], [5.374108310735937, 43.906446642876894], [5.37956345601699, 43.91154092402999], [5.392794344667661, 43.91224218187866], [5.396570469779149, 43.905775834113925], [5.409844524130773, 43.90221535088696], [5.437775880388018, 43.92089022895643], [5.455168806867574, 43.904761948711545], [5.454946358075112, 43.90132751929304], [5.452474497534537, 43.89567472131366], [5.448962092802739, 43.897968484897426], [5.444713803708934, 43.89646105111468], [5.438435368255973, 43.88735474957377], [5.423170893616267, 43.87939345034142], [5.413053347217742, 43.86795817547348], [5.409632790426163, 43.85118849979535], [5.404176120769216, 43.845690862745265], [5.385204766334558, 43.84418970706268], [5.372074042657951, 43.847915273061986], [5.359219195160633, 43.845106005465794], [5.357751992468396, 43.84180659087691]]]}",9623,003,01,1,84,93
17008,17230,ANDILLY,CHARENTE-MARITIME,POITOU-CHARENTES,"Commune simple",7.0,2878.0,2.0,"46.2630044811, -1.01765756102","{""type"": ""Polygon"", ""coordinates"": [[[-0.999758242486925, 46.23257719089233], [-1.023097773044774, 46.236000427775], [-1.050279372183043, 46.249858720448394], [-1.03893194217224, 46.25653784432467], [-1.038469745414783, 46.259962523304665], [-1.06712311136549, 46.26314335414423], [-1.063602764542409, 46.28296167116869], [-1.044478864704802, 46.28023473003586], [-1.039025589225722, 46.2895081086223], [-1.014922856449394, 46.28611424314899], [-0.99549782570077, 46.28244303737846], [-0.990462533513667, 46.27652472118451], [-0.963607722450605, 46.26659894699942], [-0.980909742458326, 46.254426953364444], [-0.990198875650163, 46.242425317924706], [-0.998552521305737, 46.239372861436834], [-0.999758242486925, 46.23257719089233]]]}",11953,008,13,3,17,54
24428,24800,SAINT-JORY-DE-CHALAIS,DORDOGNE,AQUITAINE,"Commune simple",263.0,3240.0,0.6,"45.4894020576, 0.897020061184","{""type"": ""Polygon"", ""coordinates"": [[[0.890833160815551, 45.447808568772416], [0.88309461476741, 45.45912976200573], [0.873958029774374, 45.459731649325434], [0.874175940091688, 45.463068697021846], [0.862166737217608, 45.467776831028715], [0.863645734828672, 45.47692103132898], [0.85941066766904, 45.4824883092771], [0.879564035279721, 45.51742528334517], [0.877247103359794, 45.52406540645573], [0.883146025679654, 45.53336484717626], [0.895635629385024, 45.52476277594573], [0.917975723169057, 45.52876426245352], [0.922285262285958, 45.52730372845382], [0.921292796444464, 45.51000838044322], [0.913320922231885, 45.50123101569092], [0.910410325937477, 45.4910971274371], [0.927407227502864, 45.48521493138852], [0.928279730312955, 45.47830408271507], [0.942201592387573, 45.47612816258213], [0.94248514565713, 45.46501787075368], [0.928253451189023, 45.46184646865227], [0.903409308892315, 45.46282615206636], [0.890833160815551, 45.447808568772416]]]}",4201,428,15,2,24,72
81041,81600,BROZE,TARN,MIDI-PYRENEES,"Commune simple",230.0,395.0,0.1,"43.9545871483, 1.89131601329","{""type"": ""Polygon"", ""coordinates"": [[[1.914442168284194, 43.95333503594105], [1.893935959708344, 43.945568995404074], [1.880508921605627, 43.94928450194359], [1.871417734661085, 43.957309524782275], [1.864947006185256, 43.96502807114775], [1.870229380439245, 43.96635188299167], [1.872351509392003, 43.95986633507886], [1.891065040163332, 43.95804165661523], [1.903599715556922, 43.96193034434034], [1.914442168284194, 43.95333503594105]]]}",21904,041,12,1,81,73
67138,67117,FESSENHEIM-LE-BAS,BAS-RHIN,ALSACE,"Commune simple",185.0,506.0,0.5,"48.6322069438, 7.54708136376","{""type"": ""Polygon"", ""coordinates"": [[[7.559845115210316, 48.62175040106122], [7.546596765972763, 48.62333862811193], [7.532207424834113, 48.623374073273965], [7.529185786081897, 48.629597792898586], [7.526795451026819, 48.635427965435724], [7.546855285622398, 48.64428571994527], [7.553331218373123, 48.641524408706005], [7.566025100648854, 48.63665024029879], [7.567297035883622, 48.63549320257676], [7.559845115210316, 48.62175040106122]]]}",31086,138,31,6,67,42
44202,44440,TEILLE,LOIRE-ATLANTIQUE,"PAYS DE LA LOIRE","Commune simple",41.0,2907.0,1.7,"47.4641557957, -1.28707085178","{""type"": ""Polygon"", ""coordinates"": [[[-1.292967906586586, 47.438518133106804], [-1.311282716875613, 47.44121216773151], [-1.318601916035482, 47.45023533065701], [-1.32785301248169, 47.45303777211939], [-1.329105396721711, 47.46325960922116], [-1.317445047727465, 47.47427682534377], [-1.327719406566489, 47.4895094524739], [-1.302857681760801, 47.4907918893188], [-1.293387399795182, 47.48863546751478], [-1.284758349553307, 47.49215377128593], [-1.275343362948341, 47.489849628725345], [-1.268398010682137, 47.480819284522404], [-1.258383630315466, 47.47930210111661], [-1.246456535012794, 47.47277860010245], [-1.245397613944871, 47.45575227600085], [-1.240393602985382, 47.44963347858449], [-1.244262070789306, 47.44730175770615], [-1.263021348906859, 47.44139591660668], [-1.292967906586586, 47.438518133106804]]]}",34882,202,33,4,44,52
48094,48500,"LE MASSEGROS",LOZERE,LANGUEDOC-ROUSSILLON,"Chef-lieu canton",880.0,1796.0,0.3,"44.2937484234, 3.15910137508","{""type"": ""Polygon"", ""coordinates"": [[[3.138298201793565, 44.263970093813505], [3.129397908042526, 44.26093853549703], [3.121865265666796, 44.26444860817802], [3.125306115500515, 44.28541762147649], [3.15426648831573, 44.30922534759935], [3.163729436664743, 44.30865357903817], [3.183545102961673, 44.32309658898241], [3.19688533391412, 44.31913088167589], [3.204049917336658, 44.31016140012624], [3.161447463359942, 44.28207601101129], [3.154268320419432, 44.27304006016321], [3.146170476928894, 44.27603053931261], [3.138298201793565, 44.263970093813505]]]}",418,094,13,1,48,91
14696,14140,TORTISAMBERT,CALVADOS,BASSE-NORMANDIE,"Commune simple",149.0,611.0,0.1,"48.9641856249, 0.1149383499","{""type"": ""Polygon"", ""coordinates"": [[[0.138491476441162, 48.965472947342164], [0.13337779025021, 48.96526978578716], [0.111363671855968, 48.9517026522536], [0.091596615252695, 48.95408608181885], [0.102811089383962, 48.9717965818367], [0.123099776509512, 48.97540753059776], [0.142705312005415, 48.9703604926289], [0.138491476441162, 48.965472947342164]]]}",18237,696,23,3,14,25
80028,80560,ARQUEVES,SOMME,PICARDIE,"Commune simple",136.0,766.0,0.2,"50.0728473755, 2.47755633754","{""type"": ""Polygon"", ""coordinates"": [[[2.497421515844521, 50.06509364069188], [2.47930316987492, 50.057644206123236], [2.459343179449931, 50.06253364657061], [2.457619708463224, 50.08021952347611], [2.44928716905578, 50.08924455780051], [2.45293948691411, 50.09360780994142], [2.459411502969529, 50.08234702855669], [2.474197458360685, 50.08189035781337], [2.479336351796028, 50.08709447731628], [2.500115615781049, 50.0791605776597], [2.502752803814711, 50.07352200914962], [2.497421515844521, 50.06509364069188]]]}",36547,028,03,2,80,22
07116,07200,LABEGUDE,ARDECHE,RHONE-ALPES,"Commune simple",325.0,315.0,1.4,"44.6420481125, 4.35738052578","{""type"": ""Polygon"", ""coordinates"": [[[4.372469214325705, 44.63235316835973], [4.368317874382161, 44.63847331803724], [4.354341239231453, 44.640419162432984], [4.339883788712669, 44.63172638225132], [4.337928134349394, 44.64177145951809], [4.338550421733594, 44.643015481201786], [4.369157163952147, 44.65122165294864], [4.375607719440723, 44.63953539177297], [4.372469214325705, 44.63235316835973]]]}",24918,116,33,1,07,82
59603,59125,TRITH-SAINT-LEGER,NORD,NORD-PAS-DE-CALAIS,"Commune simple",43.0,692.0,6.4,"50.33056703, 3.48645305133","{""type"": ""Polygon"", ""coordinates"": [[[3.472693689917807, 50.3143628806217], [3.472009236995964, 50.320650431439816], [3.463525870028549, 50.32838605525493], [3.463864255682118, 50.33774912146836], [3.476985586438028, 50.34273585642332], [3.485636349414483, 50.339245508541616], [3.489250049078651, 50.341556585191604], [3.498096593749297, 50.338109468495105], [3.508020485144807, 50.34008910579002], [3.512110119935402, 50.338034140172475], [3.507325662749894, 50.32956941929469], [3.515287901601905, 50.32637602838652], [3.510397511440857, 50.3212517273344], [3.502649433240801, 50.32477615546207], [3.492851450000952, 50.323872963858115], [3.472693689917807, 50.3143628806217]]]}",26936,603,67,6,59,31
94080,94300,VINCENNES,VAL-DE-MARNE,ILE-DE-FRANCE,"Chef-lieu canton",55.0,191.0,48.7,"48.8473732045, 2.43798650741","{""type"": ""Polygon"", ""coordinates"": [[[2.427516511860881, 48.841575821289226], [2.428110579453695, 48.84455552923826], [2.419546960746261, 48.846357961806795], [2.418968740818384, 48.849332011243774], [2.429167050346281, 48.84886847284359], [2.437246481853589, 48.852791932880464], [2.447103397771503, 48.85115610761062], [2.455516394414248, 48.849404986731415], [2.456159814159023, 48.84651200859662], [2.447852027015208, 48.84481015467711], [2.427516511860881, 48.841575821289226]]]}",29658,080,98,2,94,11
25334,25270,LEVIER,DOUBS,FRANCHE-COMTE,"Chef-lieu canton",752.0,3757.0,1.9,"46.9571786318, 6.11754093497","{""type"": ""Polygon"", ""coordinates"": [[[6.106709386234669, 46.9162366979912], [6.087162210551909, 46.914743928107484], [6.076875365322135, 46.9257686672232], [6.074114799253073, 46.94244854147412], [6.067088130253698, 46.95517815812428], [6.074320354856674, 46.95994117411055], [6.104195353671797, 46.97025943670314], [6.107607640113134, 46.972600335796486], [6.101558898476514, 46.977529712969705], [6.10416716753984, 46.98030681884125], [6.135305963400786, 46.990772615944294], [6.158255299240678, 46.99679631871334], [6.162360331067053, 47.006397291900115], [6.175491654990191, 47.011073564291955], [6.17571858871874, 47.01761805119779], [6.180620004432232, 47.016951429751984], [6.184587158710682, 47.01072376282592], [6.177338107750463, 47.002381502790286], [6.178472962358518, 46.999061339183704], [6.155391074186181, 46.9915043854628], [6.146336576412906, 46.98323673888875], [6.146111015799557, 46.96987114689475], [6.15818397459578, 46.96337775124659], [6.161841767549634, 46.956834812520505], [6.138665897337323, 46.943907194692834], [6.118972393519559, 46.92798853811865], [6.106709386234669, 46.9162366979912]]]}",6668,334,11,3,25,43
64229,64220,GAMARTHE,PYRENEES-ATLANTIQUES,AQUITAINE,"Commune simple",343.0,990.0,0.1,"43.1951524207, -1.13016306002","{""type"": ""Polygon"", ""coordinates"": [[[-1.111375041804652, 43.17496386220562], [-1.115388511065553, 43.17360376936806], [-1.126947223073361, 43.18294353866743], [-1.135584351336274, 43.18186495454744], [-1.144699633438896, 43.182478657312735], [-1.153858579604839, 43.18916985077805], [-1.150999465109887, 43.19494558288948], [-1.139747797104368, 43.21589693731356], [-1.13182758636193, 43.2191460410052], [-1.117263036163693, 43.20248102407783], [-1.107509671275689, 43.18757691237888], [-1.111375041804652, 43.17496386220562]]]}",35775,229,35,1,64,72
63114,63340,COLLANGES,PUY-DE-DOME,AUVERGNE,"Commune simple",490.0,442.0,0.2,"45.435304448, 3.21485301473","{""type"": ""Polygon"", ""coordinates"": [[[3.222714642953306, 45.423795700496925], [3.201151253281532, 45.4297254677158], [3.197014172009822, 45.43875543563516], [3.206070457721182, 45.44578978616202], [3.208615226255203, 45.44555096204595], [3.234900402195302, 45.438817558985676], [3.222714642953306, 45.423795700496925]]]}",35903,114,40,3,63,83
79125,79230,FORS,DEUX-SEVRES,POITOU-CHARENTES,"Commune simple",46.0,1885.0,1.7,"46.2413057135, -0.414327333899","{""type"": ""Polygon"", ""coordinates"": [[[-0.394524634770947, 46.220085742678364], [-0.435442644116599, 46.22591407359684], [-0.439138774949698, 46.22376531375606], [-0.436775936820316, 46.23019117432744], [-0.445562846969212, 46.23298980568058], [-0.442735269671559, 46.23924960727812], [-0.450423684930567, 46.247263868182024], [-0.448330161779139, 46.25383502282242], [-0.445012995821038, 46.26265145227839], [-0.41692053375856, 46.256044650564135], [-0.392991768522485, 46.25927549589431], [-0.37984350411487, 46.24667905426482], [-0.385791767086915, 46.22438402268714], [-0.394524634770947, 46.220085742678364]]]}",14669,125,23,2,79,54
65267,65400,LAU-BALAGNAS,HAUTES-PYRENEES,MIDI-PYRENEES,"Commune simple",446.0,292.0,0.5,"42.9932113326, -0.0889285600847","{""type"": ""Polygon"", ""coordinates"": [[[-0.077338098164743, 42.98447387862639], [-0.089624135513745, 42.98383345598818], [-0.092808731426172, 42.98929503364066], [-0.097082579861692, 42.98943300371458], [-0.106995445646592, 42.99824634651747], [-0.081626759386376, 43.00195551800321], [-0.078901920022562, 42.99498635185793], [-0.076205331266953, 42.98507331068275], [-0.077338098164743, 42.98447387862639]]]}",15853,267,01,1,65,73
62712,62173,RIVIERE,PAS-DE-CALAIS,NORD-PAS-DE-CALAIS,"Commune simple",103.0,1204.0,1.1,"50.232029156, 2.68653803853","{""type"": ""Polygon"", ""coordinates"": [[[2.658671742315398, 50.21098056460377], [2.650996353611036, 50.216095400572215], [2.651771692247656, 50.21730984625444], [2.664453360751501, 50.231730274297725], [2.662612749104883, 50.23485008105567], [2.68744776761707, 50.25302684189094], [2.713310992432302, 50.243697506844924], [2.721245342678535, 50.23184503968092], [2.711376725515111, 50.22930805679396], [2.695839033162706, 50.21530746588326], [2.689314689730239, 50.2203736159561], [2.665621987839899, 50.215866621960494], [2.658671742315398, 50.21098056460377]]]}",35784,712,10,1,62,31
84141,84270,VEDENE,VAUCLUSE,"PROVENCE-ALPES-COTE D'AZUR","Commune simple",40.0,1147.0,10.4,"43.9708612885, 4.90327834789","{""type"": ""Polygon"", ""coordinates"": [[[4.883970868372068, 43.952767564259155], [4.884374157947975, 43.981946073839765], [4.911173821041767, 43.993310156328576], [4.928948038824064, 43.9676470569484], [4.913882003380283, 43.95995379709353], [4.918015263034522, 43.953894784055834], [4.883970868372068, 43.952767564259155]]]}",25765,141,05,2,84,93
52545,52200,VOISINES,HAUTE-MARNE,CHAMPAGNE-ARDENNE,"Commune simple",429.0,1909.0,0.1,"47.8566535707, 5.18061608381","{""type"": ""Polygon"", ""coordinates"": [[[5.174083518892014, 47.821761180575805], [5.159856148371222, 47.83122569338143], [5.164809018292488, 47.84088500758588], [5.155916837185268, 47.84420900041607], [5.140774380875312, 47.84446840317484], [5.14030886067296, 47.84785312101158], [5.159076766227305, 47.85285705554184], [5.165667553977864, 47.85768735103345], [5.161384540420032, 47.867498845213994], [5.156455289508277, 47.868354823918466], [5.169702273866434, 47.87819417566715], [5.176194010553313, 47.89095749005801], [5.18417637605571, 47.891061307297626], [5.184883834341782, 47.88841021356784], [5.193505425525536, 47.873538109250894], [5.216829276515997, 47.871920316633435], [5.217604032884021, 47.87028506977822], [5.211049954852963, 47.86520482373866], [5.198494206610959, 47.8398531220889], [5.18018732600341, 47.833685457169224], [5.178643115641585, 47.823414196882815], [5.174083518892014, 47.821761180575805]]]}",10963,545,16,2,52,21
01348,01140,SAINT-DIDIER-SUR-CHALARONNE,AIN,RHONE-ALPES,"Commune simple",182.0,2513.0,2.7,"46.1840408682, 4.81645666173","{""type"": ""Polygon"", ""coordinates"": [[[4.802549982872382, 46.15643703846725], [4.791741126283018, 46.16360660211436], [4.805542631193093, 46.172935765027084], [4.802386924826669, 46.17475127045583], [4.78231870246214, 46.171636053322516], [4.780213475718982, 46.17667702271937], [4.781114179927089, 46.190038509061424], [4.792326647097301, 46.200968101800086], [4.792735156142187, 46.2075098614158], [4.795510001380157, 46.22013914484489], [4.833300257246416, 46.202773797469625], [4.843373578391375, 46.19487366986399], [4.845254675688693, 46.18525037769844], [4.864783203554484, 46.174140853442395], [4.861933805177022, 46.17155742614155], [4.843720273873954, 46.16699945345212], [4.833680649155533, 46.15597486041249], [4.820631349264334, 46.15957146559789], [4.802549982872382, 46.15643703846725]]]}",5184,348,32,2,01,82
08176,08240,FOSSE,ARDENNES,CHAMPAGNE-ARDENNE,"Commune simple",279.0,895.0,0.1,"49.4497857688, 5.00506242697","{""type"": ""Polygon"", ""coordinates"": [[[5.016955885909595, 49.43620134553805], [4.998360592544563, 49.43272456145723], [4.979246393192471, 49.44831400344731], [4.991717615746788, 49.46199116383419], [5.008015102206552, 49.464653026151964], [5.030977564992252, 49.459630945017096], [5.016955885909595, 49.43620134553805]]]}",27522,176,03,4,08,21
43062,43320,CHASPUZAC,HAUTE-LOIRE,AUVERGNE,"Commune simple",884.0,1007.0,0.7,"45.065005117, 3.75027511306","{""type"": ""Polygon"", ""coordinates"": [[[3.759236708901531, 45.05474024105657], [3.745650536766149, 45.05618265144894], [3.724187489411411, 45.050777622170635], [3.717680412524527, 45.05546592842487], [3.718932837233134, 45.06494834889229], [3.730538237218126, 45.07020340299219], [3.75216147932826, 45.07841556270426], [3.776293571369429, 45.07644020006932], [3.784009055207257, 45.06294267992653], [3.759236708901531, 45.05474024105657]]]}",1866,062,12,2,43,83
32164,32230,JUILLAC,GERS,MIDI-PYRENEES,"Commune simple",156.0,762.0,0.1,"43.542341334, 0.12212200093","{""type"": ""Polygon"", ""coordinates"": [[[0.11262449251685, 43.527106659395244], [0.111146967235088, 43.532127129889425], [0.107757733539274, 43.54831479208088], [0.09912678089223, 43.56013998877222], [0.100598048183511, 43.563366530616264], [0.111012531772771, 43.556936687726285], [0.128881900428662, 43.55435877001112], [0.141461758228703, 43.54312172048965], [0.137703658673292, 43.53781881042225], [0.143579773646528, 43.52841237411672], [0.11262449251685, 43.527106659395244]]]}",26284,164,14,3,32,73
76175,76660,CLAIS,SEINE-MARITIME,HAUTE-NORMANDIE,"Commune simple",156.0,1252.0,0.2,"49.8139194785, 1.47363845661","{""type"": ""Polygon"", ""coordinates"": [[[1.465813712467169, 49.792560155687525], [1.465519061984363, 49.7935898462312], [1.45488018358471, 49.800213034941514], [1.441383880196666, 49.803465002993946], [1.437512568698005, 49.80929231119119], [1.476859340797471, 49.83180494595157], [1.494247663897458, 49.83476128857917], [1.499289460479152, 49.833852938867935], [1.500585725805361, 49.81430710420319], [1.488365970544228, 49.80255559408895], [1.465813712467169, 49.792560155687525]]]}",26405,175,34,1,76,23
27420,27420,MOUFLAINES,EURE,HAUTE-NORMANDIE,"Commune simple",118.0,378.0,0.2,"49.2445398768, 1.55531520317","{""type"": ""Polygon"", ""coordinates"": [[[1.57032135511192, 49.23709764990115], [1.566330397404632, 49.238902489962456], [1.55905157345346, 49.23499437340262], [1.54966981253237, 49.23659026141509], [1.543514793270585, 49.23524827237045], [1.536524244510572, 49.24694239576422], [1.560185836612579, 49.25638932121954], [1.566077282341755, 49.253968927912645], [1.565735350881056, 49.247976672569244], [1.574771835496444, 49.24202365586051], [1.57032135511192, 49.23709764990115]]]}",34024,420,15,1,27,23
41252,41500,SUEVRES,LOIR-ET-CHER,CENTRE,"Commune simple",95.0,3673.0,1.5,"47.6814203099, 1.4544890001","{""type"": ""Polygon"", ""coordinates"": [[[1.460826515561114, 47.65306879859111], [1.43999396779072, 47.65286454899595], [1.435131846283924, 47.65873229066065], [1.417285471534907, 47.665144927406104], [1.402858065564575, 47.67474356816678], [1.397395016261095, 47.67999836729365], [1.418798428045621, 47.70086960382668], [1.432391859607325, 47.710703196477795], [1.45722600130963, 47.70799956197096], [1.465177456596073, 47.716719389511645], [1.472446202044657, 47.712115321764045], [1.482729429563391, 47.696684127557766], [1.514444119439538, 47.680716046876825], [1.502459150988601, 47.67742130522456], [1.505237324511039, 47.6691386187496], [1.49764114409003, 47.66107403423631], [1.470314877099015, 47.65439974437087], [1.460826515561114, 47.65306879859111]]]}",24646,252,10,1,41,24
63238,63230,MONTFERMY,PUY-DE-DOME,AUVERGNE,"Commune simple",687.0,1428.0,0.2,"45.8710003985, 2.79757348907","{""type"": ""Polygon"", ""coordinates"": [[[2.778424203035245, 45.84398082205886], [2.772698725396846, 45.85763896989198], [2.775146009173061, 45.86746827341572], [2.761250542105886, 45.86745778651764], [2.754872140045257, 45.872766067955325], [2.782387504239682, 45.87469541690158], [2.784541520862485, 45.877716203206894], [2.777059371041011, 45.88521183184854], [2.779497589020648, 45.88813421999211], [2.798458930378683, 45.88653971006073], [2.839672105631437, 45.88131975861251], [2.834178920426955, 45.86866889631226], [2.825701214718052, 45.87143866896659], [2.815025937281087, 45.86420874253187], [2.800898446965669, 45.86086191243799], [2.778424203035245, 45.84398082205886]]]}",12322,238,31,4,63,83
70169,70120,CONFRACOURT,HAUTE-SAONE,FRANCHE-COMTE,"Commune simple",261.0,1955.0,0.2,"47.6738636873, 5.88867029246","{""type"": ""Polygon"", ""coordinates"": [[[5.908907052200434, 47.655945032282695], [5.877263356563399, 47.647865923793475], [5.867797063322307, 47.65004421510592], [5.856815489386768, 47.667993613193254], [5.856903409667709, 47.68058283391538], [5.864313078480393, 47.689660344863896], [5.873915712121128, 47.691856461345296], [5.909420196979407, 47.694671001066546], [5.9131251033191, 47.70118974656828], [5.921559686255211, 47.705122432188226], [5.920881803325035, 47.70005951362909], [5.919897944273679, 47.68989732310071], [5.9146862661983, 47.68411887470609], [5.920091460462332, 47.6795525489221], [5.908907052200434, 47.655945032282695]]]}",17866,169,06,2,70,43
11035,11500,BELVIANES-ET-CAVIRAC,AUDE,LANGUEDOC-ROUSSILLON,"Commune simple",570.0,1194.0,0.3,"42.8470909079, 2.21251651397","{""type"": ""Polygon"", ""coordinates"": [[[2.253061912318337, 42.836062519551426], [2.245412628457046, 42.8323220498375], [2.218048012530985, 42.83748566289332], [2.204018464022095, 42.8367350277793], [2.188526020872266, 42.84364223553782], [2.174953052779585, 42.843358876398064], [2.178820634907804, 42.85331652489937], [2.19191248870027, 42.86199503020713], [2.215078112997125, 42.85924428021284], [2.221998308243659, 42.85456447679761], [2.231018702616143, 42.85364028982423], [2.242865640389736, 42.848697612086966], [2.244184703657742, 42.84218724850916], [2.253061912318337, 42.836062519551426]]]}",18302,035,26,2,11,91
62747,62350,SAINT-FLORIS,PAS-DE-CALAIS,NORD-PAS-DE-CALAIS,"Commune simple",16.0,410.0,0.5,"50.6245104816, 2.57921156269","{""type"": ""Polygon"", ""coordinates"": [[[2.568955869817075, 50.61138994299955], [2.564287007119032, 50.62443170078129], [2.56775901573128, 50.63246701746803], [2.57811555418614, 50.6325295657329], [2.584979255418052, 50.636923222113786], [2.589615711395556, 50.63769247778905], [2.592597576664863, 50.63194972459429], [2.594878136103537, 50.622112188862204], [2.574749849027502, 50.611741996642806], [2.568955869817075, 50.61138994299955]]]}",26418,747,33,2,62,31
53051,53640,CHAMPEON,MAYENNE,"PAYS DE LA LOIRE","Commune simple",192.0,2098.0,0.6,"48.355940269, -0.513101128528","{""type"": ""Polygon"", ""coordinates"": [[[-0.483649993478682, 48.35681454444226], [-0.481968299766862, 48.35019080372852], [-0.492247728468585, 48.33489335524672], [-0.496344098605291, 48.33291719829995], [-0.521165755186384, 48.333874400090956], [-0.533587512096286, 48.339033880687055], [-0.548027928225871, 48.34083539322772], [-0.551456775637147, 48.359609249429], [-0.537831160292002, 48.36979754050086], [-0.517734449336141, 48.37184609692654], [-0.494412022670138, 48.38476607325134], [-0.482450568769157, 48.37930975294787], [-0.483455388076821, 48.36570883097], [-0.487133532976021, 48.363295138150875], [-0.483649993478682, 48.35681454444226]]]}",14528,051,14,3,53,52
36143,36400,NOHANT-VIC,INDRE,CENTRE,"Commune simple",204.0,2140.0,0.5,"46.6401357121, 1.95677952761","{""type"": ""Polygon"", ""coordinates"": [[[1.99567264965966, 46.619319635958185], [1.9871990177815, 46.61606627842438], [1.962680976163178, 46.618206277036876], [1.954003032359987, 46.614813518686475], [1.939945624437145, 46.61527866844462], [1.933468692660271, 46.62569151532572], [1.925611389449412, 46.64232259138107], [1.941341416775734, 46.66846647087836], [1.938491794161906, 46.67505881546332], [1.943655030855086, 46.68874902435373], [1.956364369204432, 46.67020703570153], [1.964066944549665, 46.64699894410942], [1.973785648331612, 46.645438428464715], [1.992378840671547, 46.63415800240222], [1.998930040610559, 46.62909156033747], [1.99567264965966, 46.619319635958185]]]}",32407,143,09,3,36,24
50199,50530,GENETS,MANCHE,BASSE-NORMANDIE,"Commune simple",15.0,705.0,0.4,"48.6891667321, -1.47354012671","{""type"": ""Polygon"", ""coordinates"": [[[-1.457398627347466, 48.67365144792287], [-1.486549841334547, 48.68632282065525], [-1.496102140161536, 48.68380048473931], [-1.5049345173722, 48.68729570447206], [-1.506956488356646, 48.690543620001115], [-1.481056057745537, 48.69999804675668], [-1.463846027424918, 48.701346666965186], [-1.449764687527555, 48.688630399888716], [-1.451734641577605, 48.679656034688065], [-1.457398627347466, 48.67365144792287]]]}",28126,199,42,1,50,25
28234,28120,MARCHEVILLE,EURE-ET-LOIR,CENTRE,"Commune simple",188.0,1260.0,0.5,"48.3638497344, 1.24329723832","{""type"": ""Polygon"", ""coordinates"": [[[1.232831843604096, 48.33923735747705], [1.234355823779288, 48.34611751562182], [1.226702470983191, 48.35850306178532], [1.218633002097568, 48.362728591057], [1.203747102348056, 48.36482561926952], [1.200458351892298, 48.372532988112255], [1.207847195851171, 48.374498785034056], [1.25193037249857, 48.37545424220419], [1.259777055510426, 48.378755358945256], [1.269318332501582, 48.38026291328503], [1.277082027586325, 48.376254536241866], [1.279219861595255, 48.369950351751825], [1.264215989162073, 48.356403938130306], [1.25181221022978, 48.350561082317014], [1.251459985178327, 48.34368951404202], [1.232831843604096, 48.33923735747705]]]}",15347,234,15,1,28,24
79203,79100,PAS-DE-JEU,DEUX-SEVRES,POITOU-CHARENTES,"Commune simple",59.0,1105.0,0.4,"46.9791242431, -0.062634350018","{""type"": ""Polygon"", ""coordinates"": [[[-0.046251466460951, 46.96651593591542], [-0.071137092889096, 46.96506279154657], [-0.079295044871539, 46.96917915049381], [-0.093700721341411, 46.966288606820164], [-0.086481269862947, 46.9852957099194], [-0.069951789212167, 46.99284596577563], [-0.055331015164375, 46.99463975656496], [-0.038713643264236, 46.98928522407689], [-0.033123657331442, 46.98025108812131], [-0.046251466460951, 46.96651593591542]]]}",15455,203,31,1,79,54
50136,50250,COIGNY,MANCHE,BASSE-NORMANDIE,"Commune simple",24.0,457.0,0.2,"49.3221921843, -1.38816879974","{""type"": ""Polygon"", ""coordinates"": [[[-1.38316066882563, 49.3113040794679], [-1.405056137829533, 49.31776320101601], [-1.413109289716864, 49.32174545660157], [-1.412676043216766, 49.328270582235106], [-1.410255493731313, 49.329925599549156], [-1.400679659807998, 49.32247847623507], [-1.39575133151606, 49.32331532269703], [-1.390380897919386, 49.332225717526], [-1.381380998606223, 49.33428130151072], [-1.37238133410623, 49.32741436606533], [-1.36813017820056, 49.3175570839318], [-1.38316066882563, 49.3113040794679]]]}",14908,136,16,3,50,25
60364,60130,LIEUVILLERS,OISE,PICARDIE,"Commune simple",129.0,958.0,0.6,"49.4742826717, 2.48980639031","{""type"": ""Polygon"", ""coordinates"": [[[2.514143125696605, 49.46139947399279], [2.490134426776044, 49.467133982184784], [2.465996060865703, 49.46357862013405], [2.45634973502739, 49.465566997136484], [2.452776595885937, 49.466997971376486], [2.457127388804631, 49.47159239704503], [2.46563896057211, 49.47937776384834], [2.467767503839864, 49.48563364053986], [2.464328362859451, 49.49131670866729], [2.473059217485198, 49.49563310857746], [2.488616187963998, 49.47836241410596], [2.507949396636972, 49.48183983602773], [2.516220521386255, 49.478044343610314], [2.526482121271544, 49.47963976028228], [2.526931259009449, 49.46679790146092], [2.514143125696605, 49.46139947399279]]]}",34029,364,33,2,60,22
80049,80500,AYENCOURT,SOMME,PICARDIE,"Commune simple",82.0,469.0,0.2,"49.6264865136, 2.55113103063","{""type"": ""Polygon"", ""coordinates"": [[[2.566468929748606, 49.6190346714852], [2.54649411401248, 49.61614005875053], [2.526593332358118, 49.62944480423851], [2.529293454638601, 49.632196092865804], [2.548551026129311, 49.63544125905554], [2.557975576553258, 49.63517934599869], [2.57250395782145, 49.62845570367419], [2.573221062313404, 49.625402897714785], [2.566468929748606, 49.6190346714852]]]}",10275,049,27,3,80,22
79292,79100,SAINTE-RADEGONDE,DEUX-SEVRES,POITOU-CHARENTES,"Commune simple",82.0,750.0,2.0,"46.9906438525, -0.25058352877","{""type"": ""Polygon"", ""coordinates"": [[[-0.250029447975508, 46.97016036749041], [-0.254720807456702, 46.97133463511325], [-0.270201058595249, 46.99197371175889], [-0.25852389010431, 47.0099388554175], [-0.257673740983867, 47.01135056128277], [-0.247172818207241, 47.00476217884539], [-0.245395470468958, 46.99842339524002], [-0.231226476478683, 46.99781194197482], [-0.225322292263244, 46.99267875872083], [-0.239309117463768, 46.982374672325264], [-0.250029447975508, 46.97016036749041]]]}",33109,292,32,1,79,54
88190,88440,FRIZON,VOSGES,LORRAINE,"Commune simple",342.0,1178.0,0.4,"48.2855591767, 6.35372827024","{""type"": ""Polygon"", ""coordinates"": [[[6.363684610517894, 48.2631422978072], [6.357712638694347, 48.267211553366195], [6.348773936651058, 48.26642949634821], [6.347564756464252, 48.269264483153485], [6.338826639970139, 48.27016002228911], [6.339447422007583, 48.27676153000708], [6.325768628075433, 48.290880310915526], [6.332566836019926, 48.29680354836553], [6.339642395399126, 48.30750039510531], [6.342774104595498, 48.3079252413822], [6.377880332550517, 48.293752913048046], [6.371610225838532, 48.26453749629262], [6.363684610517894, 48.2631422978072]]]}",33229,190,06,1,88,41
57473,57810,MONCOURT,MOSELLE,LORRAINE,"Commune simple",248.0,668.0,0.1,"48.7177111982, 6.64038481874","{""type"": ""Polygon"", ""coordinates"": [[[6.64241117401141, 48.702432359075516], [6.625195899003813, 48.71310447307918], [6.616654162796559, 48.71471442942059], [6.62513057118255, 48.72666614675101], [6.633649141201336, 48.73036857631027], [6.633934004655214, 48.73680655916771], [6.641234851702112, 48.735314408029744], [6.653962630846647, 48.71782685403655], [6.658746411075048, 48.71677077182214], [6.665238838932475, 48.709044009038806], [6.661575144564132, 48.7060771926015], [6.649380321599608, 48.70638807973719], [6.64241117401141, 48.702432359075516]]]}",11212,473,34,2,57,41
64467,64110,RONTIGNON,PYRENEES-ATLANTIQUES,AQUITAINE,"Commune simple",268.0,705.0,0.7,"43.2476646594, -0.339294477978","{""type"": ""Polygon"", ""coordinates"": [[[-0.332996649957481, 43.23314480107247], [-0.339202598114591, 43.2293156713244], [-0.351179155764284, 43.229466629616645], [-0.357739273307321, 43.243388984782555], [-0.333242032740906, 43.270645155162434], [-0.331151215925201, 43.26943117502277], [-0.322130100870318, 43.25891400822562], [-0.332996649957481, 43.23314480107247]]]}",22354,467,48,3,64,72
25200,25870,DEVECEY,DOUBS,FRANCHE-COMTE,"Commune simple",264.0,375.0,1.4,"47.3240979046, 6.01735548201","{""type"": ""Polygon"", ""coordinates"": [[[6.02932695302884, 47.31652413614591], [6.015521768006897, 47.314379182985526], [6.01346265804654, 47.31734254316634], [5.996666480283382, 47.32211968415291], [6.010495213448305, 47.33316702382847], [6.023554991442849, 47.332350155856986], [6.036876265107957, 47.32375023942545], [6.02941663788307, 47.31975601150979], [6.02932695302884, 47.31652413614591]]]}",32050,200,13,1,25,43
71006,71800,AMANZE,SAONE-ET-LOIRE,BOURGOGNE,"Commune simple",370.0,1130.0,0.2,"46.3264716768, 4.23626914802","{""type"": ""Polygon"", ""coordinates"": [[[4.228168823103048, 46.30672397786956], [4.208041663443206, 46.33801811869325], [4.212910434389586, 46.34414437725909], [4.220851461981835, 46.345113294599884], [4.227251011648812, 46.34170343856071], [4.264441819669604, 46.33162471047271], [4.264144421023305, 46.31763287373681], [4.228168823103048, 46.30672397786956]]]}",22498,006,11,3,71,26
2B361,20214,ZILIA,HAUTE-CORSE,CORSE,"Commune simple",692.0,1400.0,0.3,"42.5186011027, 8.90376320006","{""type"": ""Polygon"", ""coordinates"": [[[8.918912106966228, 42.49798365541715], [8.85791834018546, 42.52344038061332], [8.871132585860291, 42.525417398416934], [8.907250744675006, 42.53824139771865], [8.914557589309677, 42.53408596176052], [8.917447758595973, 42.527615131051725], [8.932348167445078, 42.51965582730874], [8.939586594573438, 42.515944066213954], [8.918912106966228, 42.49798365541715]]]}",9524,361,11,5,2B,94
10221,10500,MAIZIERES-LES-BRIENNE,AUBE,CHAMPAGNE-ARDENNE,"Commune simple",131.0,945.0,0.2,"48.4303148659, 4.6007889307","{""type"": ""Polygon"", ""coordinates"": [[[4.644126853216436, 48.4189652493091], [4.642740857676612, 48.42219688878527], [4.574039106542724, 48.424964090946354], [4.560134064055111, 48.42199841258431], [4.563653254464892, 48.43577327412135], [4.577027319718768, 48.44029329702797], [4.603038876609794, 48.439593810521984], [4.650976908573002, 48.42702266597807], [4.644126853216436, 48.4189652493091]]]}",18536,221,06,1,10,21
70164,70240,COLOMBOTTE,HAUTE-SAONE,FRANCHE-COMTE,"Commune simple",310.0,432.0,0.1,"47.66356733, 6.28784995728","{""type"": ""Polygon"", ""coordinates"": [[[6.300091842757761, 47.65272735084885], [6.295558058912179, 47.65142297378517], [6.277028371466434, 47.65558385536953], [6.2713536577659, 47.66805767988692], [6.276645113097868, 47.67364786042341], [6.286397118357746, 47.67476130205586], [6.289906135935524, 47.6721851811189], [6.299971435882258, 47.67254094920193], [6.302232548347257, 47.669855533757456], [6.300091842757761, 47.65272735084885]]]}",21869,164,18,2,70,43
54083,54300,BONVILLER,MEURTHE-ET-MOSELLE,LORRAINE,"Commune simple",257.0,511.0,0.2,"48.62740859, 6.49547156004","{""type"": ""Polygon"", ""coordinates"": [[[6.493572555960742, 48.61803988275698], [6.479317299694055, 48.620546347851345], [6.475699440657348, 48.62680160430638], [6.474222795347258, 48.63013105942964], [6.485911448660078, 48.636965328485324], [6.499926587231317, 48.64055182976127], [6.507404270015027, 48.62827568139263], [6.51715370129677, 48.62641233778777], [6.523396632009805, 48.62109544445377], [6.493572555960742, 48.61803988275698]]]}",21989,083,17,2,54,41
45060,45230,"LA BUSSIERE",LOIRET,CENTRE,"Commune simple",165.0,3500.0,0.8,"47.7346543928, 2.74663448165","{""type"": ""Polygon"", ""coordinates"": [[[2.747868006722493, 47.70649635582246], [2.732661310479728, 47.70751567514663], [2.711332388429874, 47.7160606465051], [2.694739066620325, 47.73735000587787], [2.703682517212532, 47.753420924674664], [2.712761408099829, 47.75281351463058], [2.749339270609068, 47.767928255452446], [2.770394842159933, 47.758070971327065], [2.782696444685473, 47.742919651632604], [2.801221276112388, 47.73122487938878], [2.799218688610066, 47.7280712618814], [2.792511922078298, 47.720373053041264], [2.794508415615744, 47.714553168303276], [2.781659602009351, 47.70939951956412], [2.772499699649962, 47.71216327278451], [2.752523537850664, 47.71187070500967], [2.747868006722493, 47.70649635582246]]]}",6246,060,05,1,45,24
64151,64390,BURGARONNE,PYRENEES-ATLANTIQUES,AQUITAINE,"Commune simple",149.0,536.0,0.1,"43.4177713373, -0.906845978602","{""type"": ""Polygon"", ""coordinates"": [[[-0.907324635493565, 43.40271982609709], [-0.917821013254068, 43.40900582809381], [-0.923115247040586, 43.41815486542242], [-0.918859416399653, 43.423884729400086], [-0.910381881672564, 43.426614342805536], [-0.91027051068362, 43.435517871336444], [-0.901074637371944, 43.42987759326857], [-0.897207040814697, 43.430620396275266], [-0.895617249079631, 43.42047214305964], [-0.891164596575765, 43.41931721988269], [-0.894697227516585, 43.41035390579763], [-0.907324635493565, 43.40271982609709]]]}",24128,151,38,2,64,72
88429,88200,SAINT-NABORD,VOSGES,LORRAINE,"Commune simple",508.0,3814.0,4.0,"48.0360750198, 6.55639744064","{""type"": ""Polygon"", ""coordinates"": [[[6.521702974420028, 47.98669762224954], [6.520217681101451, 47.98918331529588], [6.50597724891142, 48.00272456026914], [6.510772345449594, 48.0191741235681], [6.505872145983379, 48.028508290326215], [6.507497168061293, 48.03519769303568], [6.532519621660838, 48.03299879064855], [6.536855648129255, 48.034778203171484], [6.548615837549827, 48.04511654872804], [6.549589921623813, 48.062040036298804], [6.554480567900443, 48.06782864064547], [6.581150806702248, 48.07745158749054], [6.589534529230764, 48.096797520590606], [6.594514272632852, 48.09686185635213], [6.595788684798602, 48.08377048243747], [6.606564556256545, 48.07205478061388], [6.616198779722679, 48.07004771687277], [6.587525168909777, 48.04638697503133], [6.582022964649373, 48.03377202939171], [6.586101268807029, 48.027558230888296], [6.57662777169707, 48.01991942292256], [6.566648513606118, 48.02027650553384], [6.56347877985605, 48.01767012979117], [6.559806252241819, 48.007980436713886], [6.542753034363827, 47.991659170416064], [6.521702974420028, 47.98669762224954]]]}",13937,429,23,1,88,41
80459,80270,LALEU,SOMME,PICARDIE,"Commune simple",44.0,160.0,0.1,"49.9424056241, 1.9357914781","{""type"": ""Polygon"", ""coordinates"": [[[1.928975111133351, 49.933934754132075], [1.926069938029561, 49.93970371718835], [1.932140077339583, 49.948282219317456], [1.94192319714766, 49.94847500687249], [1.948272430274026, 49.943714598773724], [1.928975111133351, 49.933934754132075]]]}",23674,459,26,2,80,22
39221,39250,"LA FAVIERE",JURA,FRANCHE-COMTE,"Commune simple",830.0,275.0,0.0,"46.7481190667, 6.03667883413","{""type"": ""Polygon"", ""coordinates"": [[[6.047721988409553, 46.73848452436315], [6.034568345329667, 46.74092346410302], [6.024168775527624, 46.747406219682475], [6.025217798965824, 46.74811745792505], [6.031712305779128, 46.76088546896074], [6.038931887604082, 46.753540173130126], [6.046556177617422, 46.75063492623061], [6.047721988409553, 46.73848452436315]]]}",23826,221,20,2,39,43
05100,05000,PELLEAUTIER,HAUTES-ALPES,"PROVENCE-ALPES-COTE D'AZUR","Commune simple",1052.0,1273.0,0.6,"44.5102662977, 5.99877739937","{""type"": ""Polygon"", ""coordinates"": [[[6.004124425144783, 44.48211163247523], [5.992373709747523, 44.49997094064041], [5.961275790282043, 44.50774694235712], [5.961356059756563, 44.51215896666179], [5.964633496394439, 44.51823278285033], [5.978803860683667, 44.5204815668362], [6.006919811959657, 44.52092595229405], [6.017494165247626, 44.5269974464286], [6.033985776882489, 44.522905563486844], [6.030038488050972, 44.51317637783902], [6.014748897425899, 44.50482981098686], [6.004124425144783, 44.48211163247523]]]}",34337,100,09,2,05,93
56065,56800,GOURHEL,MORBIHAN,BRETAGNE,"Commune simple",83.0,281.0,0.6,"47.9391748838, -2.35828875195","{""type"": ""Polygon"", ""coordinates"": [[[-2.339982828425696, 47.937439043192526], [-2.353667804901204, 47.93325242469192], [-2.37404755886341, 47.93448553416828], [-2.371651882175058, 47.944616810097706], [-2.346643416364397, 47.944514161203905], [-2.339982828425696, 47.937439043192526]]]}",34140,065,23,3,56,53
37227,37130,SAINT-MICHEL-SUR-LOIRE,INDRE-ET-LOIRE,CENTRE,"Commune simple",78.0,1757.0,0.6,"47.3178105636, 0.32657913623","{""type"": ""Polygon"", ""coordinates"": [[[0.336698278380748, 47.29009130355647], [0.336952795282366, 47.29350200046558], [0.32748593312335, 47.29537407209857], [0.320938786543683, 47.30054656217271], [0.318765942202949, 47.31064790446179], [0.299817240295493, 47.31057789474307], [0.2928988296438, 47.325909832549705], [0.28897566584516, 47.32804315909132], [0.287698804082194, 47.32473456372884], [0.27996100478608, 47.32972389939066], [0.280971353667264, 47.33096359575079], [0.285372548761778, 47.33720075754937], [0.284243319053137, 47.34406514358698], [0.289195750379891, 47.34440604297092], [0.287690600529614, 47.33774133724057], [0.291526814718134, 47.33157062572166], [0.300302233643646, 47.32858633974185], [0.305152705452453, 47.3293475749842], [0.311597879193149, 47.33847746943327], [0.32448556857519, 47.343900353163185], [0.328936392690493, 47.34207522970845], [0.36826633784327, 47.30210701673128], [0.348873678375444, 47.29688259978626], [0.336698278380748, 47.29009130355647]]]}",5938,227,11,1,37,24
26216,26240,"LA MOTTE-DE-GALAURE",DROME,RHONE-ALPES,"Commune simple",248.0,773.0,0.8,"45.1987797497, 4.90084017437","{""type"": ""Polygon"", ""coordinates"": [[[4.899959502053945, 45.18082398016401], [4.892289230764528, 45.18409762193277], [4.880637931187578, 45.20192970011186], [4.879487398337409, 45.21164935102983], [4.890209722048401, 45.213711096808346], [4.889351964679539, 45.21058223711267], [4.906636741248474, 45.207046040179144], [4.913316852420409, 45.2104985105917], [4.930015918911669, 45.19964609914665], [4.917681934930478, 45.195508290612544], [4.899959502053945, 45.18082398016401]]]}",28299,216,26,3,26,82
38190,38118,HIERES-SUR-AMBY,ISERE,RHONE-ALPES,"Commune simple",239.0,866.0,1.1,"45.7996652612, 5.29431190301","{""type"": ""Polygon"", ""coordinates"": [[[5.288975910500866, 45.77996862176251], [5.266894883868229, 45.789369010990164], [5.29061381618408, 45.81418642268274], [5.300206313298714, 45.814676039249676], [5.316374577321763, 45.821426346770764], [5.310414286745091, 45.7907745472587], [5.305834953850215, 45.78935474732442], [5.297452561040306, 45.79030047722067], [5.288975910500866, 45.77996862176251]]]}",23199,190,08,2,38,82
12079,12190,COUBISOU,AVEYRON,MIDI-PYRENEES,"Commune simple",573.0,3087.0,0.5,"44.5755974174, 2.73237270649","{""type"": ""Polygon"", ""coordinates"": [[[2.728257986832991, 44.53448629836245], [2.720027242555755, 44.54200970760397], [2.711700818465804, 44.543185596016976], [2.709876893784738, 44.54292875178318], [2.708312892518747, 44.56302703064502], [2.698900332136432, 44.585417997015035], [2.710921046302462, 44.59961112939673], [2.736109399313104, 44.6130790152052], [2.740658663811157, 44.61868941906975], [2.748114492160633, 44.62289288848966], [2.759532626761737, 44.617588747812576], [2.747420810156675, 44.60327459627663], [2.746796057955246, 44.59647622373794], [2.751136963708766, 44.59498265712965], [2.751550008609081, 44.57843694638312], [2.756436312921711, 44.57279426775728], [2.772093246894152, 44.56605783307988], [2.737194257974027, 44.53713661776539], [2.728257986832991, 44.53448629836245]]]}",4693,079,13,2,12,73
81271,81370,SAINT-SULPICE,TARN,MIDI-PYRENEES,"Commune simple",129.0,2408.0,7.9,"43.7589885163, 1.68659997767","{""type"": ""Polygon"", ""coordinates"": [[[1.693022863943283, 43.72970259549731], [1.688781949840546, 43.7284636513921], [1.679455001821721, 43.73574867498364], [1.659730445271701, 43.74218551483114], [1.657220431132306, 43.74811247036342], [1.65008663147961, 43.75159722693761], [1.655761505436331, 43.76688623551255], [1.651526281436566, 43.77586087175492], [1.661410992701434, 43.78285875040527], [1.670186208970356, 43.78424418513166], [1.682906264232658, 43.7853526553955], [1.683403535927645, 43.77832068509045], [1.687762095312741, 43.77675326961649], [1.697433586367112, 43.7764013135725], [1.709957952853359, 43.771258379384136], [1.72922181420541, 43.77121476259394], [1.726236883895814, 43.7686149583584], [1.730449397952649, 43.758989359990096], [1.727276555005222, 43.74923262724732], [1.7048103992004, 43.747374833338185], [1.693022863943283, 43.72970259549731]]]}",9645,271,17,2,81,73
78140,78130,CHAPET,YVELINES,ILE-DE-FRANCE,"Commune simple",59.0,519.0,1.2,"48.9681465305, 1.9401229913","{""type"": ""Polygon"", ""coordinates"": [[[1.951517372786187, 48.95469287219419], [1.932478159411551, 48.95816711007873], [1.92077456719323, 48.96868326972048], [1.934534757144936, 48.982430768875794], [1.939088358567342, 48.980906347052596], [1.949439854044278, 48.97979239040739], [1.953586536219516, 48.96994530550846], [1.955721495649821, 48.95682497439127], [1.951517372786187, 48.95469287219419]]]}",26767,140,14,1,78,11
72352,72110,TERREHAULT,SARTHE,"PAYS DE LA LOIRE","Commune simple",82.0,583.0,0.1,"48.20419337, 0.406392146471","{""type"": ""Polygon"", ""coordinates"": [[[0.398193265583542, 48.1856220873914], [0.397725076049431, 48.195118790820786], [0.393094993737341, 48.19426040377576], [0.39672526912941, 48.218116822143024], [0.409501387923874, 48.21828068779697], [0.422063133673584, 48.214837448164836], [0.42017114473561, 48.21193329776485], [0.422455458699413, 48.20542924117948], [0.414984776866468, 48.20067454715362], [0.413272428678904, 48.19384896258297], [0.407785316411422, 48.187957798353246], [0.398193265583542, 48.1856220873914]]]}",35729,352,03,2,72,52
85081,85170,DOMPIERRE-SUR-YON,VENDEE,"PAYS DE LA LOIRE","Commune simple",80.0,3393.0,4.0,"46.7599858068, -1.37275519417","{""type"": ""Polygon"", ""coordinates"": [[[-1.401618139634146, 46.71789277084584], [-1.403620496788499, 46.720268835306086], [-1.415401710327273, 46.719374012056086], [-1.414886348514487, 46.72222556142232], [-1.41635065567815, 46.735218494682556], [-1.430751810031279, 46.73793685276948], [-1.430425234873679, 46.74405481396526], [-1.415413953011587, 46.75255134036206], [-1.398867572677385, 46.768869033427215], [-1.399804870066999, 46.772169767697264], [-1.401370176275643, 46.77899950556221], [-1.397193219249076, 46.78090902076569], [-1.377520927953705, 46.77837817402824], [-1.362742279334835, 46.78003178736546], [-1.351309499654353, 46.78657955566335], [-1.348210742792197, 46.79311746238955], [-1.339534397950843, 46.796755040337665], [-1.329280618784449, 46.808765471289725], [-1.324837994532312, 46.806254617141526], [-1.325482776113507, 46.78998991976453], [-1.320348084446933, 46.784375955076904], [-1.33569800015962, 46.776547330760664], [-1.322770791566798, 46.750568347840606], [-1.372452237606004, 46.74598088028758], [-1.401618139634146, 46.71789277084584]]]}",9803,081,06,2,85,52
51083,51800,BRAUX-SAINT-REMY,MARNE,CHAMPAGNE-ARDENNE,"Commune simple",168.0,976.0,0.1,"49.024131251, 4.86523753879","{""type"": ""Polygon"", ""coordinates"": [[[4.833771885710944, 49.01251399765212], [4.830789599731891, 49.01790214444808], [4.822725277266091, 49.02112788925347], [4.829374039229783, 49.02430065131678], [4.865863699301262, 49.0342083900732], [4.905601633132503, 49.033818148137556], [4.9111862718558, 49.0287105180116], [4.908428871345389, 49.02588516409311], [4.883540683756684, 49.02449734447211], [4.881494993541457, 49.01824234603809], [4.872992074899458, 49.014534714908], [4.833771885710944, 49.01251399765212]]]}",21636,083,23,5,51,21
78590,78720,SENLISSE,YVELINES,ILE-DE-FRANCE,"Commune simple",148.0,814.0,0.5,"48.6854188568, 1.97174310378","{""type"": ""Polygon"", ""coordinates"": [[[2.00076464907271, 48.668024965498475], [1.990225768144295, 48.67577114558809], [1.958762606795346, 48.677398547226986], [1.935192186575686, 48.6855650934503], [1.937892291577651, 48.68773906363643], [1.943273386565222, 48.69508206714281], [1.95770128847735, 48.69179981443941], [1.965868928476708, 48.69582883046343], [1.980543874162343, 48.69583822567571], [2.003423430626526, 48.68885340497597], [1.996724745686856, 48.68464142408274], [2.00076464907271, 48.668024965498475]]]}",27740,590,05,2,78,11
55464,55230,SAINT-PIERREVILLERS,MEUSE,LORRAINE,"Commune simple",281.0,1119.0,0.2,"49.3759234559, 5.68731569816","{""type"": ""Polygon"", ""coordinates"": [[[5.712224772623202, 49.36345642567217], [5.707462524759396, 49.35432630152896], [5.697222130905554, 49.35386278092136], [5.694239798224247, 49.3566005500681], [5.696006594104486, 49.35984396419315], [5.68952856501063, 49.365267768601896], [5.664511535838611, 49.36856500874007], [5.655610732649266, 49.376504504023046], [5.660168432701441, 49.382079313555295], [5.654459568617757, 49.387582970650165], [5.687281198885457, 49.393747132269326], [5.707787351474617, 49.38410704966923], [5.714874885218899, 49.37246288343479], [5.712224772623202, 49.36345642567217]]]}",15557,464,19,3,55,41
60581,60130,SAINT-JUST-EN-CHAUSSEE,OISE,PICARDIE,"Chef-lieu canton",127.0,1470.0,5.5,"49.5112063236, 2.41780624403","{""type"": ""Polygon"", ""coordinates"": [[[2.44345927459798, 49.49456611270996], [2.424134741900876, 49.49396355394067], [2.410889731129619, 49.489046529785035], [2.401809474719218, 49.491590532294374], [2.392286516580603, 49.48948496469229], [2.386489468798146, 49.494309150793114], [2.396011808981464, 49.501223565475684], [2.393484848441996, 49.50720569927003], [2.405668473022941, 49.51823082059359], [2.406346522739283, 49.52167633904303], [2.397452734239027, 49.53017950894595], [2.398918704267876, 49.5335210876858], [2.408568888702451, 49.53610293702935], [2.432886899401657, 49.53612916954992], [2.430269418448174, 49.526841986472995], [2.440173785163939, 49.51625598587221], [2.444612643794767, 49.51042553513065], [2.44345927459798, 49.49456611270996]]]}",8274,581,33,2,60,22
71082,71120,CHAMPLECY,SAONE-ET-LOIRE,BOURGOGNE,"Commune simple",311.0,2284.0,0.2,"46.4628044788, 4.22805088541","{""type"": ""Polygon"", ""coordinates"": [[[4.210953750863915, 46.43664478911627], [4.198172246903933, 46.44540698591236], [4.185020516614955, 46.449308523771734], [4.187456674196525, 46.4522910919812], [4.197119275051075, 46.450857414384735], [4.203655026026917, 46.455948952087134], [4.197740169460593, 46.46489963650684], [4.180298638120101, 46.47074562347504], [4.179811709193259, 46.474145742055924], [4.189140074077834, 46.47632746525854], [4.214380927075783, 46.477106701244495], [4.238268682893257, 46.48944926254801], [4.246372680047558, 46.485191580982956], [4.257673104716067, 46.47544074252437], [4.270576365856207, 46.47312764295741], [4.267015051691247, 46.45673176224856], [4.247353350962276, 46.44712291322211], [4.237908476340894, 46.44600989432192], [4.234204015917597, 46.4406285619183], [4.22441294310299, 46.44086002623947], [4.210953750863915, 46.43664478911627]]]}",31608,082,09,3,71,26
11278,11420,PECH-LUNA,AUDE,LANGUEDOC-ROUSSILLON,"Commune simple",317.0,679.0,0.1,"43.2103140883, 1.83766149326","{""type"": ""Polygon"", ""coordinates"": [[[1.842908405285312, 43.19720462044614], [1.838053557717038, 43.20199226599924], [1.813300218317506, 43.20675170162434], [1.816596127503807, 43.20855110682575], [1.810487702713001, 43.212541182821205], [1.824062057680833, 43.21817750559285], [1.825159680633034, 43.224081901377076], [1.856541808656744, 43.21349763317165], [1.865240810790836, 43.213328542544986], [1.854327245951497, 43.201131707249935], [1.842908405285312, 43.19720462044614]]]}",31728,278,05,1,11,91
81098,81570,FREJEVILLE,TARN,MIDI-PYRENEES,"Commune simple",172.0,942.0,0.6,"43.6088880274, 2.14739300043","{""type"": ""Polygon"", ""coordinates"": [[[2.171693224455531, 43.6071922290942], [2.153631962452139, 43.594203681495706], [2.135704222769468, 43.59426049315159], [2.126111229374258, 43.60145427719143], [2.132827851499305, 43.614195594544086], [2.124525672150131, 43.61772834641742], [2.13844835070566, 43.62423740063581], [2.147179476151538, 43.621849718856254], [2.156290000900221, 43.623090599294876], [2.166581640080067, 43.616385310482535], [2.171693224455531, 43.6071922290942]]]}",9188,098,35,2,81,73
50132,50220,"LES CHERIS",MANCHE,BASSE-NORMANDIE,"Commune simple",61.0,591.0,0.3,"48.6330560894, -1.24595706912","{""type"": ""Polygon"", ""coordinates"": [[[-1.246120623017402, 48.62042327550561], [-1.263985485429233, 48.62472988125745], [-1.268759516711688, 48.63027889094322], [-1.257906360105943, 48.64152235503909], [-1.25284471641526, 48.64212667642454], [-1.234886532753279, 48.64377578690937], [-1.222432886182262, 48.639705282673226], [-1.224955326905178, 48.633076103786316], [-1.246120623017402, 48.62042327550561]]]}",29883,132,13,1,50,25
73314,73800,VILLARD-D'HERY,SAVOIE,RHONE-ALPES,"Commune simple",418.0,483.0,0.2,"45.5142759171, 6.1391908576","{""type"": ""Polygon"", ""coordinates"": [[[6.134418100403615, 45.49901779392804], [6.119219395390351, 45.50903872606013], [6.127086493125447, 45.518092919971885], [6.152753172328234, 45.52897332061465], [6.15860509329885, 45.520734186384715], [6.15387526624675, 45.51555916264308], [6.134418100403615, 45.49901779392804]]]}",8768,314,18,2,73,82
31342,31160,MILHAS,HAUTE-GARONNE,MIDI-PYRENEES,"Commune simple",917.0,1314.0,0.2,"42.9775941, 0.827567903546","{""type"": ""Polygon"", ""coordinates"": [[[0.854372958291757, 42.956063211635225], [0.838267879594536, 42.958331474009185], [0.824803781988704, 42.97114087021848], [0.789373757069044, 42.97432272672159], [0.795955424444333, 42.989086686034895], [0.793634561081599, 42.994680149253504], [0.849822630573177, 42.988602844505856], [0.850660068300977, 42.98221395488102], [0.85994101618221, 42.971459238935395], [0.854372958291757, 42.956063211635225]]]}",3878,342,01,2,31,73
33135,33760,COURPIAC,GIRONDE,AQUITAINE,"Commune simple",51.0,218.0,0.1,"44.7547642391, -0.185776017902","{""type"": ""Polygon"", ""coordinates"": [[[-0.175713082743008, 44.75071499874934], [-0.184173899432961, 44.74784104146007], [-0.198060278022804, 44.74856720460861], [-0.189009876284038, 44.76578576851765], [-0.184448970433926, 44.76096124779174], [-0.173628717636517, 44.757919934474955], [-0.175713082743008, 44.75071499874934]]]}",31951,135,48,3,33,72
61376,61490,SAINT-CLAIR-DE-HALOUZE,ORNE,BASSE-NORMANDIE,"Commune simple",247.0,1185.0,0.9,"48.6891169765, -0.626025775908","{""type"": ""Polygon"", ""coordinates"": [[[-0.607442938094722, 48.66823619630732], [-0.639696896772858, 48.683588728891934], [-0.653663729031107, 48.68010888688945], [-0.656965538594897, 48.6826008200365], [-0.657771108671283, 48.694884819538984], [-0.653738238352918, 48.70023088890036], [-0.656607312898093, 48.706238670422465], [-0.64735099100532, 48.70499153284615], [-0.632180327023819, 48.70397805553232], [-0.613706072156744, 48.69826379348584], [-0.586544192928715, 48.6895581305942], [-0.599966267846186, 48.680077516926076], [-0.607442938094722, 48.66823619630732]]]}",15918,376,10,1,61,25
40104,40380,GAMARDE-LES-BAINS,LANDES,AQUITAINE,"Commune simple",53.0,1931.0,1.0,"43.7278148495, -0.872597495596","{""type"": ""Polygon"", ""coordinates"": [[[-0.865890093882873, 43.70274650293291], [-0.87254161700971, 43.706717109477204], [-0.893799746383515, 43.70466078270594], [-0.907813122354201, 43.71146471830179], [-0.908813802227601, 43.71702357738985], [-0.899376936026824, 43.71707396844403], [-0.891941158680848, 43.721160204312596], [-0.888737989822549, 43.72740108472544], [-0.904641359484599, 43.744165705578666], [-0.902667500470645, 43.74711054261773], [-0.898131767810859, 43.74657035317862], [-0.891887161629899, 43.75141569944722], [-0.878432305396197, 43.7511301704973], [-0.856799578996107, 43.742916620082944], [-0.853241148690914, 43.744880552232], [-0.837868463780006, 43.738576797553165], [-0.831881909516092, 43.73583278844927], [-0.83216811600531, 43.733056929614776], [-0.837744632698683, 43.726914411006355], [-0.850090758179491, 43.72300070671876], [-0.852980573204364, 43.71297040012444], [-0.865890093882873, 43.70274650293291]]]}",8736,104,12,1,40,72
19183,19320,SAINT-BAZILE-DE-LA-ROCHE,CORREZE,LIMOUSIN,"Commune simple",337.0,715.0,0.2,"45.1514682942, 1.95404126432","{""type"": ""Polygon"", ""coordinates"": [[[1.949382810434043, 45.13706302582779], [1.93879646621658, 45.13175800727989], [1.929077366825243, 45.13772541071217], [1.945132001035841, 45.14994491865504], [1.95091597470806, 45.1590853902518], [1.951018757923281, 45.168523509098904], [1.958799988566683, 45.17381021351989], [1.974905880059243, 45.156408756793155], [1.960540458143933, 45.14254344412229], [1.949382810434043, 45.13706302582779]]]}",892,183,20,2,19,74
22131,22780,LOGUIVY-PLOUGRAS,COTES-D'ARMOR,BRETAGNE,"Commune simple",194.0,4894.0,1.0,"48.5106432062, -3.49141017809","{""type"": ""Polygon"", ""coordinates"": [[[-3.479640322349365, 48.4780228705633], [-3.499244900128843, 48.48054181118079], [-3.531177472650113, 48.471492327603684], [-3.544286035277395, 48.47579706098771], [-3.533277745326465, 48.5060758416208], [-3.538933685367292, 48.515467811701505], [-3.527388401872154, 48.52715243283488], [-3.534987219650108, 48.53641952826815], [-3.535081051712494, 48.54348213005989], [-3.51893176108057, 48.55144715793635], [-3.49499742587292, 48.548661709454855], [-3.469071823174982, 48.537333350982586], [-3.455458156300699, 48.52272192472218], [-3.4202388985257, 48.51695279817691], [-3.421021496066373, 48.501404316714165], [-3.44315495280712, 48.49463446019418], [-3.451847789042195, 48.486931737925225], [-3.471115717657617, 48.489022423408066], [-3.478300108475796, 48.48464029518495], [-3.479640322349365, 48.4780228705633]]]}",2516,131,36,3,22,53
23175,23150,SOUS-PARSAT,CREUSE,LIMOUSIN,"Commune simple",561.0,929.0,0.1,"46.0580187213, 1.97890165632","{""type"": ""Polygon"", ""coordinates"": [[[2.011368882572655, 46.05975381853549], [1.985644957054285, 46.039795289241425], [1.976416184511755, 46.04234200263058], [1.972135260366899, 46.04858923630047], [1.963220723443942, 46.05150697498107], [1.964258031132762, 46.054803528596025], [1.952951608436395, 46.06097667836406], [1.949955490046174, 46.07086425774214], [1.952447509525504, 46.07724531767411], [1.973648951987027, 46.06588482567327], [1.986648448578271, 46.06674016506446], [2.000069852662185, 46.065049138496896], [2.011368882572655, 46.05975381853549]]]}",28324,175,23,1,23,74
77040,77310,BOISSISE-LE-ROI,SEINE-ET-MARNE,ILE-DE-FRANCE,"Commune simple",69.0,711.0,3.6,"48.5119779126, 2.56991909533","{""type"": ""Polygon"", ""coordinates"": [[[2.558809526780196, 48.49056938286432], [2.560455943334111, 48.50083102453154], [2.550923298310014, 48.509071722194335], [2.557229742745706, 48.514196104667235], [2.567117796298097, 48.51373775414009], [2.569422533414727, 48.516678803587666], [2.569598404254559, 48.5199989349482], [2.556744169008966, 48.53000009250989], [2.55933831155982, 48.53236664486243], [2.548988349377239, 48.537293522511916], [2.5608955112323, 48.53565587803923], [2.5793416121366, 48.52928156892615], [2.587834376166477, 48.52057633507221], [2.585713230256129, 48.51481157566127], [2.580766221903014, 48.51541494791484], [2.576509153131633, 48.50937256353554], [2.583997396673095, 48.49384487754473], [2.579789198263286, 48.492012856141585], [2.558809526780196, 48.49056938286432]]]}",28430,040,32,2,77,11
30152,30960,"LES MAGES",GARD,LANGUEDOC-ROUSSILLON,"Commune simple",222.0,1265.0,1.8,"44.2281290306, 4.17436325066","{""type"": ""Polygon"", ""coordinates"": [[[4.187558564894381, 44.21063950232731], [4.171308736512999, 44.205556974718036], [4.153547644701617, 44.215872201344226], [4.156557753697866, 44.21863113049978], [4.153616971431133, 44.242697378347835], [4.156832224251755, 44.249307083193095], [4.161454786613562, 44.24936632941906], [4.184019909985056, 44.24321103576584], [4.198775505205878, 44.234498983232776], [4.202454362329066, 44.22493457682965], [4.202654034802491, 44.22313198173857], [4.186534374664806, 44.21972456616482], [4.187558564894381, 44.21063950232731]]]}",6,152,24,1,30,91
80248,80150,DOMPIERRE-SUR-AUTHIE,SOMME,PICARDIE,"Commune simple",59.0,2278.0,0.4,"50.2951382167, 1.92084016717","{""type"": ""Polygon"", ""coordinates"": [[[1.908434861307463, 50.25929872770516], [1.898867713888978, 50.262518159608575], [1.88089335196643, 50.27905856056349], [1.894225630107042, 50.293537266259825], [1.898882856397288, 50.3133335428902], [1.91949623424177, 50.31266287347673], [1.93675472379126, 50.32880464785118], [1.946194826655707, 50.33148955702502], [1.958204400035204, 50.32594380938689], [1.963934375342747, 50.31805461555854], [1.959575612470115, 50.31179538705549], [1.934458082640054, 50.29935111195166], [1.945648473952853, 50.287747171153526], [1.939158179488182, 50.28379436609509], [1.938348895504265, 50.27828292098357], [1.908434861307463, 50.25929872770516]]]}",70,248,19,1,80,22
27207,27230,DRUCOURT,EURE,HAUTE-NORMANDIE,"Commune simple",184.0,1202.0,0.6,"49.116516097, 0.459175546757","{""type"": ""Polygon"", ""coordinates"": [[[0.451153635518281, 49.09870237279263], [0.417980027134581, 49.102960159276755], [0.413473351918071, 49.10788301103597], [0.428369151445594, 49.10978581117827], [0.450500967948846, 49.123111981634565], [0.471698977491214, 49.14091175390172], [0.478062142154021, 49.142853373134635], [0.48660869876367, 49.13597984879211], [0.478717014042654, 49.12743094434678], [0.48515550592979, 49.12186258933967], [0.488148431983122, 49.111580246048035], [0.451153635518281, 49.09870237279263]]]}",16907,207,34,2,27,23
39491,39170,SAINT-LUPICIN,JURA,FRANCHE-COMTE,"Commune simple",698.0,949.0,2.2,"46.4096809138, 5.7860900246","{""type"": ""Polygon"", ""coordinates"": [[[5.806151713289878, 46.3914756926721], [5.797871976208674, 46.38897598419369], [5.785213047121192, 46.39454777611994], [5.766092368506512, 46.39344523612294], [5.777991848551606, 46.40823917128357], [5.768988383446817, 46.42051360345433], [5.764977601476745, 46.42261108905857], [5.760925382746374, 46.42054675451422], [5.757186316525752, 46.42209677979246], [5.773466032902481, 46.43555996906892], [5.798245563786834, 46.41558322213949], [5.810644434264322, 46.40488961308471], [5.806151713289878, 46.3914756926721]]]}",34914,491,26,3,39,43
12218,12320,SAINT-CYPRIEN-SUR-DOURDOU,AVEYRON,MIDI-PYRENEES,"Commune simple",357.0,3025.0,0.8,"44.5403715999, 2.39911464032","{""type"": ""Polygon"", ""coordinates"": [[[2.396185514513927, 44.507557312434265], [2.38961274312274, 44.49995009673777], [2.373843527994233, 44.5029675700094], [2.357500247614281, 44.5253438710295], [2.357501924628352, 44.531834729236216], [2.365896967255821, 44.54301047247319], [2.362107147605709, 44.54865129217388], [2.376824447309907, 44.556612639077265], [2.390136846147342, 44.55978386690174], [2.392586111384096, 44.562696219149885], [2.383387954929886, 44.57012647755654], [2.385116711971077, 44.573287058702995], [2.403480746451439, 44.57441405677269], [2.407346177102668, 44.568538107589376], [2.426795450553206, 44.55817968954145], [2.436196668997496, 44.5599025692532], [2.449644327578112, 44.55607227714905], [2.462489111803398, 44.55321870930984], [2.448553024231939, 44.536315236211], [2.41089068551667, 44.54024385229537], [2.403224847455596, 44.524763330103944], [2.394169578630832, 44.51723291940316], [2.396185514513927, 44.507557312434265]]]}",3340,218,08,2,12,73
52489,52240,THOL-LES-MILLIERES,HAUTE-MARNE,CHAMPAGNE-ARDENNE,"Commune simple",434.0,690.0,0.0,"48.1470755546, 5.47884380766","{""type"": ""Polygon"", ""coordinates"": [[[5.497736743216871, 48.13717612884421], [5.471488042312598, 48.13672084625168], [5.457619717305522, 48.141890109457385], [5.446888922328948, 48.14573226352431], [5.468819106633427, 48.156168447914105], [5.472509463102109, 48.15826078758783], [5.500389701018608, 48.15770920494954], [5.500546490930177, 48.1559053426383], [5.49629564750373, 48.1499455498183], [5.503796396314459, 48.13732671715704], [5.497736743216871, 48.13717612884421]]]}",23605,489,09,1,52,21
52118,52300,CHATONRUPT-SOMMERMONT,HAUTE-MARNE,CHAMPAGNE-ARDENNE,"Commune simple",268.0,1673.0,0.3,"48.4718286513, 5.10006137447","{""type"": ""Polygon"", ""coordinates"": [[[5.103127687657304, 48.446605091308356], [5.069064937889608, 48.45584328767438], [5.062745189182486, 48.46648242736001], [5.063567597975329, 48.46915889957013], [5.073184766577521, 48.47212307034898], [5.090439167956114, 48.490106894043436], [5.11797424914245, 48.49474858666498], [5.124898327792025, 48.49889053493381], [5.133687604029927, 48.48527008989639], [5.130871552857516, 48.48092898981295], [5.127691691053586, 48.47828621308472], [5.131649465117976, 48.472086653909905], [5.114170834183187, 48.46621663793962], [5.114838203943207, 48.452885596281476], [5.103127687657304, 48.446605091308356]]]}",17085,118,13,3,52,21
38407,38134,SAINT-JULIEN-DE-RAZ,ISERE,RHONE-ALPES,"Commune simple",828.0,1085.0,0.4,"45.34666149, 5.66687556311","{""type"": ""Polygon"", ""coordinates"": [[[5.714989994433622, 45.33588468974566], [5.690759260829374, 45.331442499026174], [5.657796040892045, 45.33903243992574], [5.648505953405646, 45.336558821535654], [5.644585603568808, 45.34169684654199], [5.633856592327988, 45.34606715919135], [5.643420160810829, 45.3593920295331], [5.658642129867983, 45.37012241122179], [5.666200071821486, 45.36246473190383], [5.664176201986923, 45.35596292365281], [5.676348221414649, 45.346266541652106], [5.685785605877229, 45.34722977327839], [5.714989994433622, 45.33588468974566]]]}",23871,407,45,1,38,82
45100,45800,COMBLEUX,LOIRET,CENTRE,"Commune simple",100.0,108.0,0.5,"47.9000269485, 1.98662135152","{""type"": ""Polygon"", ""coordinates"": [[[1.991870099529061, 47.893468604037324], [1.972888527761054, 47.90133246492097], [1.990583269739969, 47.90484305432871], [1.995307061224935, 47.90349750858631], [1.991870099529061, 47.893468604037324]]]}",9107,100,38,2,45,24
32242,32140,MASSEUBE,GERS,MIDI-PYRENEES,"Chef-lieu canton",229.0,2155.0,1.6,"43.4317876537, 0.586727332554","{""type"": ""Polygon"", ""coordinates"": [[[0.615002705308998, 43.40571281696868], [0.592743434917059, 43.40663328115144], [0.588684664476318, 43.39389719825773], [0.584440091312244, 43.39504463511155], [0.573658585686632, 43.39987983725573], [0.571897066857226, 43.405645742888034], [0.574705688873458, 43.415456412580745], [0.5716397777043, 43.428420786747935], [0.557398185934622, 43.43661536635939], [0.564373734919579, 43.44106585710352], [0.554869782797294, 43.4481515396439], [0.553664475154292, 43.45789943766896], [0.567505902095968, 43.45842705440455], [0.587488282542724, 43.455723439837705], [0.603334225977296, 43.45053955329186], [0.616634403642214, 43.44977983924235], [0.620496783005932, 43.44361821468387], [0.611935231718576, 43.435608201849334], [0.611490368575367, 43.42549964381479], [0.609054537434337, 43.4226016976815], [0.600001472528173, 43.42145638538736], [0.59931447413497, 43.41809292096935], [0.615002705308998, 43.40571281696868]]]}",3881,242,15,3,32,73
02450,02120,MACQUIGNY,AISNE,PICARDIE,"Commune simple",121.0,2020.0,0.4,"49.8732387452, 3.57070489565","{""type"": ""Polygon"", ""coordinates"": [[[3.572402335238062, 49.844798544766235], [3.562405971360028, 49.84790854626744], [3.546786866169855, 49.864527819748275], [3.529894188791816, 49.871941990691795], [3.545063749762486, 49.89188176041249], [3.554705048452419, 49.89615045784383], [3.568730751410575, 49.89309450185935], [3.576824451038843, 49.89682065733024], [3.591649604049925, 49.898043420694115], [3.588787289585015, 49.89224491555748], [3.599699358696697, 49.885993193659814], [3.597648445354298, 49.88302067650695], [3.601432942724374, 49.88089993309094], [3.597034819720096, 49.87929545573831], [3.605362325371273, 49.871097250678545], [3.605884695434937, 49.86475208645329], [3.593682585513899, 49.854049287090284], [3.579033908654976, 49.85011276837802], [3.572402335238062, 49.844798544766235]]]}",8731,450,16,5,02,22
32420,32220,SAUVIMONT,GERS,MIDI-PYRENEES,"Commune simple",201.0,349.0,0.1,"43.449188285, 0.967475829422","{""type"": ""Polygon"", ""coordinates"": [[[0.978155823088846, 43.43895813166039], [0.953467806032855, 43.44797122185699], [0.949624333460019, 43.45980521488799], [0.961270631715118, 43.455399065036005], [0.974820615472096, 43.45511315219185], [0.982196556798193, 43.44805103951786], [0.984620117175512, 43.445864245615866], [0.978155823088846, 43.43895813166039]]]}",23091,420,13,1,32,73
07119,07470,"LE LAC-D'ISSARLES",ARDECHE,RHONE-ALPES,"Commune simple",1077.0,1366.0,0.3,"44.8233324216, 4.07465283031","{""type"": ""Polygon"", ""coordinates"": [[[4.068305915320213, 44.805187856332786], [4.059208317396418, 44.804977981168506], [4.048312134220856, 44.81954196450953], [4.039509387649064, 44.821713733282415], [4.041023404930405, 44.824904975939866], [4.065558040957538, 44.835035771682975], [4.070131947938112, 44.84463518606604], [4.067131882076313, 44.84727527575355], [4.08449952428049, 44.85262650028527], [4.082332103823631, 44.842626005348436], [4.087423335460985, 44.836921622733975], [4.085020540142006, 44.83045315655633], [4.110814500193407, 44.82245434871685], [4.088004893870787, 44.80552759993716], [4.069187662981229, 44.804999278972936], [4.068305915320213, 44.805187856332786]]]}",14101,119,08,1,07,82
74122,74130,FAUCIGNY,HAUTE-SAVOIE,RHONE-ALPES,"Commune simple",742.0,494.0,0.5,"46.1164159018, 6.36907611887","{""type"": ""Polygon"", ""coordinates"": [[[6.387585056627452, 46.10262604141036], [6.366550269104236, 46.10655099374934], [6.35799536715034, 46.114132120614414], [6.353361146818071, 46.11443140362137], [6.351007348193047, 46.126821707277074], [6.36435720068188, 46.12827443981835], [6.38338050744859, 46.12102118904175], [6.382107616679783, 46.114668808395386], [6.387585056627452, 46.10262604141036]]]}",17813,122,08,2,74,82
67521,67340,WEINBOURG,BAS-RHIN,ALSACE,"Commune simple",244.0,532.0,0.4,"48.8716635138, 7.44076815738","{""type"": ""Polygon"", ""coordinates"": [[[7.43254629036641, 48.860884531001695], [7.426882279076331, 48.86571514953358], [7.408388570175332, 48.86642548364517], [7.418720490640956, 48.86654849551452], [7.422115310909461, 48.87613275758995], [7.426544097102063, 48.87795048795984], [7.451138124739572, 48.8835318973835], [7.462013953471478, 48.8700478648313], [7.463299860033249, 48.86689228426142], [7.458656240660263, 48.86575945685991], [7.43254629036641, 48.860884531001695]]]}",23394,521,04,4,67,42
10193,10500,LESMONT,AUBE,CHAMPAGNE-ARDENNE,"Commune simple",111.0,999.0,0.3,"48.4302411801, 4.42438844514","{""type"": ""Polygon"", ""coordinates"": [[[4.423538764671522, 48.41187501560714], [4.413001945535048, 48.41811063144413], [4.3989089321232, 48.41780979293098], [4.394895436332524, 48.42345373853089], [4.406186605225971, 48.43822082881315], [4.406513750372727, 48.44488428656748], [4.4209628982093, 48.44158093066179], [4.440092191050383, 48.44431060362228], [4.451107204659571, 48.439155626164755], [4.462383361270828, 48.429371421352066], [4.436996965952981, 48.42806201083318], [4.433336157690332, 48.41826255679461], [4.423538764671522, 48.41187501560714]]]}",13250,193,06,1,10,21
62079,62450,BANCOURT,PAS-DE-CALAIS,NORD-PAS-DE-CALAIS,"Commune simple",117.0,457.0,0.1,"50.1014519899, 2.88965840912","{""type"": ""Polygon"", ""coordinates"": [[[2.898679949084121, 50.09095918840972], [2.8677377723656, 50.09912040821688], [2.87344634690009, 50.1110889469148], [2.877278162867189, 50.114667186825464], [2.880152077961683, 50.115999176425824], [2.888172884264506, 50.107870147571475], [2.919509099146079, 50.09903953807977], [2.917974716648287, 50.098149409251825], [2.898679949084121, 50.09095918840972]]]}",12007,079,09,1,62,31
55288,55200,LEROUVILLE,MEUSE,LORRAINE,"Commune simple",270.0,1432.0,1.5,"48.7788808268, 5.53636457415","{""type"": ""Polygon"", ""coordinates"": [[[5.527861479078224, 48.7531928290017], [5.511267894634054, 48.76045394181438], [5.514086553192453, 48.77008600419684], [5.509277519344222, 48.78642922347413], [5.523631821875743, 48.790401051354365], [5.532418142823161, 48.79858357255484], [5.537592128938527, 48.79882473435897], [5.552792349538785, 48.800759536775544], [5.568789964986638, 48.788439725160394], [5.566889081837185, 48.784404254222785], [5.561094830142423, 48.77566505357713], [5.546238981264598, 48.77394903589593], [5.544261762862865, 48.76076324659894], [5.527861479078224, 48.7531928290017]]]}",27472,288,05,2,55,41
39090,39120,CHAINEE-DES-COUPIS,JURA,FRANCHE-COMTE,"Commune simple",215.0,520.0,0.2,"46.9220207447, 5.43463248879","{""type"": ""Polygon"", ""coordinates"": [[[5.442274242764126, 46.906331309484095], [5.4339938778479, 46.90838023797356], [5.413214746333304, 46.91843782330416], [5.426399087002489, 46.930708839997024], [5.437972706713335, 46.93541888792345], [5.453717435986071, 46.93056274777655], [5.454876576260832, 46.92770956514554], [5.442955392180679, 46.9185046154805], [5.442274242764126, 46.906331309484095]]]}",15084,090,08,1,39,43
16007,16490,ALLOUE,CHARENTE,POITOU-CHARENTES,"Commune simple",180.0,4666.0,0.5,"46.0204552645, 0.5258351895","{""type"": ""Polygon"", ""coordinates"": [[[0.511838022336831, 45.99066129779771], [0.50215591786649, 45.99153829543389], [0.48194033949267, 46.0008569040417], [0.468461663418426, 46.01001647949061], [0.467761311461389, 46.01680303870112], [0.482708314123948, 46.01543332461809], [0.476188126619729, 46.04310965742515], [0.494473603705957, 46.05975933778347], [0.500527122900878, 46.05499181510902], [0.512272680872206, 46.05937643767927], [0.535500050782639, 46.042693923928134], [0.554489018185166, 46.03229410140561], [0.583753976760381, 46.032147014778594], [0.591047338410982, 46.027464381656614], [0.588381040033945, 46.02456079067445], [0.59249595221272, 46.01830587887824], [0.587878420842993, 46.00918953929456], [0.578156779318091, 46.00123424906354], [0.555862904780674, 45.99324167580196], [0.511838022336831, 45.99066129779771]]]}",8912,007,11,3,16,54
80240,80200,DOINGT,SOMME,PICARDIE,"Commune simple",66.0,879.0,1.3,"49.9231785362, 2.96256193239","{""type"": ""Polygon"", ""coordinates"": [[[2.973250189515265, 49.91084492851255], [2.966339147675005, 49.90712421835462], [2.954608915810407, 49.91225875464785], [2.945818849384203, 49.910763985775745], [2.936893558309762, 49.917793427022026], [2.935490434700209, 49.927188861145325], [2.95759543716389, 49.93416921909916], [2.99036902389898, 49.93699678885614], [2.98153861050013, 49.91695493045903], [2.972858913292501, 49.91419552337925], [2.973250189515265, 49.91084492851255]]]}",30995,240,33,4,80,22
21172,21820,CHIVRES,COTE-D'OR,BOURGOGNE,"Commune simple",181.0,822.0,0.2,"46.9678867333, 5.09111140101","{""type"": ""Polygon"", ""coordinates"": [[[5.097532511434951, 46.944882472320394], [5.101098923419265, 46.95441868824788], [5.098498076548687, 46.95722210621285], [5.074945028243831, 46.961160954577714], [5.070809791627722, 46.967224675937054], [5.065933768990646, 46.96701491387396], [5.057017519534222, 46.975415274771926], [5.080965924639234, 46.97608448354946], [5.091435106283438, 46.98342464917195], [5.096452715523958, 46.98317145043716], [5.108708426713295, 46.96908679678882], [5.118216650490917, 46.96729133646541], [5.120174153966617, 46.96319332554387], [5.106005356209239, 46.95712125245188], [5.10319523257228, 46.94879629724785], [5.097532511434951, 46.944882472320394]]]}",34777,172,34,1,21,26
08399,08370,SAPOGNE-SUR-MARCHE,ARDENNES,CHAMPAGNE-ARDENNE,"Commune simple",219.0,548.0,0.1,"49.5978665854, 5.3136409637","{""type"": ""Polygon"", ""coordinates"": [[[5.294980658232711, 49.586876462731006], [5.292149398931901, 49.59191056525441], [5.297147616798278, 49.60006916119571], [5.312488183023383, 49.60622403530896], [5.314977388989858, 49.612029220524526], [5.321965153677674, 49.61418835059265], [5.328156332803974, 49.6112829098088], [5.327743399042537, 49.598524663145255], [5.333264826415296, 49.593105406540005], [5.320331404379802, 49.58755442501112], [5.294980658232711, 49.586876462731006]]]}",19686,399,04,3,08,21
13105,13560,SENAS,BOUCHES-DU-RHONE,"PROVENCE-ALPES-COTE D'AZUR","Commune simple",106.0,3067.0,6.4,"43.7446066018, 5.08687884411","{""type"": ""Polygon"", ""coordinates"": [[[5.116587734081977, 43.70825842062079], [5.098463269578517, 43.72396601116418], [5.07110056725581, 43.729620911747205], [5.063175327024851, 43.721544052968525], [5.0444287919358, 43.74607568706122], [5.026988481190971, 43.752180677005484], [5.018044111496359, 43.74997038909142], [5.035067450216528, 43.75482949338138], [5.052416430986829, 43.76626008016821], [5.069469690307558, 43.76451517162323], [5.090664079715187, 43.772113050743684], [5.123783722844481, 43.75875277253716], [5.12532790358228, 43.729439912140904], [5.127483590262244, 43.726319232553074], [5.12239797101645, 43.713024104960255], [5.116587734081977, 43.70825842062079]]]}",31523,105,26,2,13,93
26283,26470,ROTTIER,DROME,RHONE-ALPES,"Commune simple",778.0,838.0,0.0,"44.4781523568, 5.41659304244","{""type"": ""Polygon"", ""coordinates"": [[[5.416106319148239, 44.45910684667662], [5.398804755466113, 44.45943972824837], [5.395938941972195, 44.4618436616181], [5.395824742497206, 44.46211632856156], [5.406994977545747, 44.472527315936205], [5.402956673454472, 44.47872163800956], [5.406556972771812, 44.48853200350659], [5.418994080636557, 44.502498943032144], [5.426142771972613, 44.49049852431788], [5.434265600305513, 44.488626316178625], [5.436680800575159, 44.482196451336044], [5.416106319148239, 44.45910684667662]]]}",18768,283,17,1,26,82
51529,51490,SELLES,MARNE,CHAMPAGNE-ARDENNE,"Commune simple",116.0,1133.0,0.4,"49.2969104797, 4.2820477749","{""type"": ""Polygon"", ""coordinates"": [[[4.281151281855751, 49.26656727642191], [4.271880887821972, 49.26781618284116], [4.262256556258873, 49.27371629305766], [4.263896875885953, 49.29246260330447], [4.259553308458746, 49.298100109165134], [4.279788073211617, 49.31469946331885], [4.289692400690477, 49.317578909194694], [4.289973385171162, 49.32111810829634], [4.308294331817835, 49.32660295193555], [4.305208356802917, 49.309006164624854], [4.288896020055606, 49.29064289364588], [4.281151281855751, 49.26656727642191]]]}",19612,529,04,3,51,21
62722,62390,ROUGEFAY,PAS-DE-CALAIS,NORD-PAS-DE-CALAIS,"Commune simple",128.0,381.0,0.1,"50.2763576271, 2.16980912233","{""type"": ""Polygon"", ""coordinates"": [[[2.185182986829242, 50.26231146597923], [2.17841164105714, 50.2678337381708], [2.158217086885964, 50.27163037890405], [2.152543638342515, 50.28497065178104], [2.160881391427719, 50.28585379412598], [2.165470923234719, 50.29053616929114], [2.186615621038433, 50.26991751988503], [2.190348016681887, 50.266054031145345], [2.185182986829242, 50.26231146597923]]]}",19751,722,07,1,62,31
78138,78570,CHANTELOUP-LES-VIGNES,YVELINES,ILE-DE-FRANCE,"Commune simple",90.0,341.0,9.5,"48.9759961298, 2.03199829577","{""type"": ""Polygon"", ""coordinates"": [[[2.035319459458853, 48.96146673519714], [2.036007939979965, 48.95895422508815], [2.028235253402299, 48.95906235160968], [2.023417014224143, 48.97855593697523], [2.026211825029124, 48.9847027943001], [2.020437440635215, 48.99384642722927], [2.024722630781637, 48.99561693435229], [2.027031831577177, 48.989070961524675], [2.044321963681011, 48.982887995372835], [2.035319459458853, 48.96146673519714]]]}",18452,138,39,3,78,11
10440,10200,VOIGNY,AUBE,CHAMPAGNE-ARDENNE,"Commune simple",227.0,707.0,0.2,"48.2360883713, 4.76532474234","{""type"": ""Polygon"", ""coordinates"": [[[4.752087566086408, 48.21870445382132], [4.745561497522877, 48.22050205900438], [4.745166368160941, 48.23054284419391], [4.754548540530343, 48.24249078385152], [4.757745899020922, 48.247870192422496], [4.765151626875316, 48.25092778334881], [4.774271577809571, 48.25083625126787], [4.778942348112977, 48.25028006073128], [4.790159408212651, 48.23694379099197], [4.752087566086408, 48.21870445382132]]]}",34905,440,03,1,10,21
62284,62860,ECOURT-SAINT-QUENTIN,PAS-DE-CALAIS,NORD-PAS-DE-CALAIS,"Commune simple",46.0,949.0,1.7,"50.2606003824, 3.06198342767","{""type"": ""Polygon"", ""coordinates"": [[[3.045968027474155, 50.24355575857812], [3.042291679755445, 50.25090203671914], [3.036381342650081, 50.269409668699666], [3.046235836168897, 50.276167445382676], [3.054641447685543, 50.275328973928], [3.061810938012354, 50.27209320021998], [3.062160850308228, 50.2718236580614], [3.08242988681773, 50.27001598729573], [3.092895444275875, 50.26277151353723], [3.092211144297202, 50.25620836006332], [3.080313740947713, 50.251879792351566], [3.045968027474155, 50.24355575857812]]]}",19617,284,35,1,62,31
41113,41800,LAVARDIN,LOIR-ET-CHER,CENTRE,"Commune simple",112.0,690.0,0.2,"47.7369568868, 0.886026450993","{""type"": ""Polygon"", ""coordinates"": [[[0.904133257707643, 47.72041083583222], [0.898369565462742, 47.7214149001831], [0.893224021614876, 47.727363881943965], [0.884369576596564, 47.73056252125232], [0.870363092803532, 47.726733919258244], [0.860909825025035, 47.733179295291244], [0.868258730152505, 47.73763522471369], [0.866844281930675, 47.74429024772059], [0.8917982768819, 47.754619390692945], [0.892809419141641, 47.74526480094837], [0.907208820311319, 47.73722179164393], [0.904133257707643, 47.72041083583222]]]}",15388,113,12,2,41,24
81141,81340,LEDAS-ET-PENTHIES,TARN,MIDI-PYRENEES,"Commune simple",474.0,1254.0,0.2,"44.0788993791, 2.38301676967","{""type"": ""Polygon"", ""coordinates"": [[[2.394605693011379, 44.055052432906486], [2.38026426960137, 44.06666383820855], [2.361940183732567, 44.0810765350823], [2.349546511591195, 44.083919844489444], [2.357738546656273, 44.10155549627925], [2.389214668435356, 44.094570933222435], [2.389214394789128, 44.09110568344996], [2.399704223401931, 44.08402617911503], [2.410932280246588, 44.069299235471746], [2.410210178727285, 44.055857637187565], [2.394605693011379, 44.055052432906486]]]}",8535,141,33,1,81,73
27618,27190,SEBECOURT,EURE,HAUTE-NORMANDIE,"Commune simple",161.0,1485.0,0.4,"48.9755682262, 0.831363916278","{""type"": ""Polygon"", ""coordinates"": [[[0.85948816316143, 48.95020554207355], [0.79006542540314, 48.97807419925128], [0.790919070227085, 48.98113947283095], [0.80749741815663, 48.98890104721879], [0.80830004993248, 48.99838801566448], [0.81661624158741, 49.00154412833139], [0.825947722389657, 49.00006741106015], [0.833557640558375, 48.99232505997466], [0.833254258498789, 48.985833826991346], [0.850971365384378, 48.979468911032676], [0.855586085519685, 48.98090083796306], [0.86255377905977, 48.97663541567698], [0.861508437860607, 48.96650577277783], [0.868330748545917, 48.95739775516662], [0.8644310577924, 48.95123826277224], [0.85948816316143, 48.95020554207355]]]}",32423,618,11,3,27,23
79057,79170,BRIOUX-SUR-BOUTONNE,DEUX-SEVRES,POITOU-CHARENTES,"Chef-lieu canton",64.0,1555.0,1.5,"46.1418337503, -0.218953610699","{""type"": ""Polygon"", ""coordinates"": [[[-0.239088859741626, 46.11579503973256], [-0.245450658200613, 46.119281357071934], [-0.246871962855409, 46.1253421638203], [-0.254511790700709, 46.12849403778873], [-0.237655984280146, 46.133464292415546], [-0.235110222841815, 46.14305400610994], [-0.243118012296183, 46.146259296669555], [-0.234556033272854, 46.16048180275371], [-0.2264377339151, 46.16203754486887], [-0.211758405487275, 46.16673445342536], [-0.208420857072553, 46.16444953158432], [-0.185159455509251, 46.164356220241324], [-0.201585334437602, 46.15711717245259], [-0.20631236313353, 46.151459275929774], [-0.185506946971263, 46.14242881150326], [-0.197430863039305, 46.13568591277466], [-0.199569318218877, 46.131452978397334], [-0.20407245029854, 46.121772923401025], [-0.21245789666792, 46.120445384092335], [-0.228627918024849, 46.12543902461219], [-0.239088859741626, 46.11579503973256]]]}",1967,057,05,2,79,54
88280,88450,MADEGNEY,VOSGES,LORRAINE,"Commune simple",370.0,305.0,0.1,"48.2854598939, 6.28777865457","{""type"": ""Polygon"", ""coordinates"": [[[6.2940375003553, 48.27007482309283], [6.279368428169492, 48.27733565071316], [6.277062802626189, 48.29015085571214], [6.284712468909447, 48.29813326909096], [6.299793920189423, 48.29521903127511], [6.292775062858146, 48.28246521234834], [6.296421928155165, 48.276708293766276], [6.2940375003553, 48.27007482309283]]]}",11549,280,11,1,88,41
08034,08210,AUTRECOURT-ET-POURRON,ARDENNES,CHAMPAGNE-ARDENNE,"Commune simple",225.0,1188.0,0.4,"49.6066112918, 5.01792506561","{""type"": ""Polygon"", ""coordinates"": [[[5.031597038647389, 49.5899055544279], [5.017714197287945, 49.58815933724403], [5.005485802459833, 49.59334202818228], [4.996785083215503, 49.59576868305301], [4.988128615167181, 49.60364144797935], [4.985570787465252, 49.6129600916695], [4.99477992799897, 49.62067469750369], [5.002512783396349, 49.61673613242776], [5.033204892719255, 49.62176375450944], [5.03429236817756, 49.61848248394104], [5.048856163260612, 49.618696234613786], [5.055349862030346, 49.613633473634174], [5.035103412871412, 49.59951947794133], [5.031597038647389, 49.5899055544279]]]}",11715,034,18,3,08,21
72353,72320,THELIGNY,SARTHE,"PAYS DE LA LOIRE","Commune simple",180.0,1449.0,0.2,"48.1717914833, 0.785600114205","{""type"": ""Polygon"", ""coordinates"": [[[0.786469244804501, 48.14947793801926], [0.773169346767244, 48.146833143179585], [0.765279813936478, 48.150500719933774], [0.763528936448035, 48.16421327163487], [0.752816129254217, 48.175964061563405], [0.74978598361283, 48.177904710018545], [0.755327106249461, 48.18211498362947], [0.759208764873876, 48.18009134768775], [0.797655463188831, 48.194461211999574], [0.797527690220234, 48.18816680049117], [0.811239686334704, 48.18472221800392], [0.827859566065562, 48.173039266722775], [0.813134483836346, 48.16985083710973], [0.802388863565964, 48.16226090105019], [0.791994823802736, 48.16210286597536], [0.786354136059714, 48.15639811842868], [0.786469244804501, 48.14947793801926]]]}",4778,353,10,2,72,52
55134,55800,COUVONGES,MEUSE,LORRAINE,"Commune simple",182.0,460.0,0.2,"48.7765173821, 5.03607292231","{""type"": ""Polygon"", ""coordinates"": [[[5.025217127433791, 48.76558396623793], [5.019074718171886, 48.774261965248776], [5.027534686043919, 48.78565253660064], [5.026212594656614, 48.788769840677936], [5.040313298112734, 48.786550582284036], [5.058014996878196, 48.77659332196266], [5.039378520021469, 48.766818462455994], [5.025217127433791, 48.76558396623793]]]}",36367,134,16,1,55,41
49310,49310,SAINT-PAUL-DU-BOIS,MAINE-ET-LOIRE,"PAYS DE LA LOIRE","Commune simple",141.0,2681.0,0.6,"47.0892502591, -0.541920339488","{""type"": ""Polygon"", ""coordinates"": [[[-0.559717425893208, 47.061700763653405], [-0.572519571404494, 47.06621717519727], [-0.583990583085546, 47.061589830109874], [-0.588002540640434, 47.06341194194847], [-0.592515041872627, 47.07729510741611], [-0.564595690172651, 47.10237611833621], [-0.550749252114378, 47.10696601148924], [-0.525170960668537, 47.10942524301398], [-0.521212862242238, 47.115917384149725], [-0.512786213164523, 47.11990471081553], [-0.493595302761025, 47.11551171187071], [-0.486876360273529, 47.110217362115705], [-0.488307665331561, 47.10683978870723], [-0.508637306543993, 47.09654554600187], [-0.507510082804013, 47.082674234901866], [-0.515130382733667, 47.077936576267334], [-0.559717425893208, 47.061700763653405]]]}",14145,310,34,3,49,52
10140,10130,ERVY-LE-CHATEL,AUBE,CHAMPAGNE-ARDENNE,"Chef-lieu canton",140.0,2155.0,1.2,"48.0557945163, 3.90532960286","{""type"": ""Polygon"", ""coordinates"": [[[3.89390770878056, 48.01577596291281], [3.884272651769945, 48.017126694847086], [3.879115617935692, 48.02241206944868], [3.887226927512077, 48.043751982882256], [3.89757233901617, 48.05156606304205], [3.885587601841851, 48.07813273351141], [3.858375053935032, 48.0918868325869], [3.857580135013822, 48.09256755201457], [3.873326012767063, 48.10086608408956], [3.878254081176831, 48.10152239966405], [3.884090833564597, 48.088214066443236], [3.9187449984366, 48.06734967960688], [3.928623160994297, 48.06637229058766], [3.942093223600418, 48.07034204185803], [3.95037422010076, 48.06191510741636], [3.960754261767248, 48.062046885218415], [3.937819914783793, 48.051963386667865], [3.932691016794497, 48.043499628064254], [3.911975174502104, 48.03289851088217], [3.89390770878056, 48.01577596291281]]]}",2042,140,09,3,10,21
50372,50250,NEUFMESNIL,MANCHE,BASSE-NORMANDIE,"Commune simple",37.0,532.0,0.2,"49.310933741, -1.52894483942","{""type"": ""Polygon"", ""coordinates"": [[[-1.524819244575765, 49.300302342983805], [-1.535143768377884, 49.30122017588291], [-1.537355833874153, 49.307583957588726], [-1.556916013372205, 49.30655849008548], [-1.551294497512409, 49.31292059086698], [-1.546111491486992, 49.32161587473526], [-1.537833851542845, 49.32475470724093], [-1.525326575273498, 49.31471680015735], [-1.505514055418647, 49.314467880126436], [-1.498166701414451, 49.31060027733415], [-1.510048970195323, 49.30364678584401], [-1.524819244575765, 49.300302342983805]]]}",20809,372,16,3,50,25
62770,62350,SAINT-VENANT,PAS-DE-CALAIS,NORD-PAS-DE-CALAIS,"Commune simple",17.0,1438.0,3.2,"50.6225931834, 2.52541265716","{""type"": ""Polygon"", ""coordinates"": [[[2.52571142495809, 50.60390878181284], [2.508135193395513, 50.611576615240054], [2.506189297537903, 50.6215666697804], [2.491165593934246, 50.62427914027817], [2.469312038299378, 50.63094547111747], [2.467799349947765, 50.63388262804241], [2.473182586429812, 50.638599216170434], [2.491412560301119, 50.63193542508323], [2.506472929749727, 50.63433853913633], [2.516854234663572, 50.636263998522935], [2.524285140999706, 50.64135423272697], [2.534782337254998, 50.641663233565325], [2.538346607666952, 50.63160727857289], [2.541729705662653, 50.6288826008839], [2.546332152099411, 50.627014862182676], [2.56174896868817, 50.62750102248241], [2.564287007119032, 50.62443170078129], [2.568955869817075, 50.61138994299955], [2.52571142495809, 50.60390878181284]]]}",33734,770,33,2,62,31
21511,21400,PUITS,COTE-D'OR,BOURGOGNE,"Commune simple",321.0,2075.0,0.1,"47.7269454549, 4.46741190187","{""type"": ""Polygon"", ""coordinates"": [[[4.481203344043753, 47.69822676854975], [4.465824898068452, 47.69859156815339], [4.453256814892346, 47.717914031269714], [4.435263821901722, 47.72443759117067], [4.43352793500166, 47.73479319369154], [4.440491631636071, 47.74755351775139], [4.439247595675339, 47.75436527615805], [4.451122939402683, 47.76103314581853], [4.458516276683007, 47.75166928683076], [4.488591745049188, 47.7378866608891], [4.505692092669986, 47.71211967685274], [4.505009845804781, 47.70874360284623], [4.486433209497881, 47.704056904825016], [4.481203344043753, 47.69822676854975]]]}",9906,511,18,3,21,26
59274,59360,"LA GROISE",NORD,NORD-PAS-DE-CALAIS,"Commune simple",164.0,947.0,0.5,"50.0763719216, 3.6815589114","{""type"": ""Polygon"", ""coordinates"": [[[3.673468716907573, 50.05615498256688], [3.658488975794916, 50.074720527022656], [3.673556448086332, 50.08909888124037], [3.669681931059551, 50.09910730239809], [3.67505687766809, 50.10116151107472], [3.680129554417361, 50.10146581732642], [3.684349662630142, 50.09548777882806], [3.696330379852386, 50.089501682791415], [3.690853063002041, 50.08091944038387], [3.710359429351237, 50.06649141284583], [3.673468716907573, 50.05615498256688]]]}",25872,274,17,2,59,31
60015,60250,ANGY,OISE,PICARDIE,"Commune simple",69.0,351.0,1.2,"49.334468969, 2.32846218053","{""type"": ""Polygon"", ""coordinates"": [[[2.326408497246132, 49.32071620695489], [2.315893395940301, 49.325520408643165], [2.319179291160474, 49.34020062092883], [2.329487791236359, 49.346209145843865], [2.343893578488165, 49.3461713518394], [2.341267071013041, 49.34175233895157], [2.335437500486158, 49.33292888155942], [2.336384349801918, 49.326686470859194], [2.326408497246132, 49.32071620695489]]]}",15219,015,24,2,60,22
26019,26340,AUREL,DROME,RHONE-ALPES,"Commune simple",609.0,2615.0,0.2,"44.6925597423, 5.29816067809","{""type"": ""Polygon"", ""coordinates"": [[[5.354247419060941, 44.691559694053744], [5.347140608163604, 44.69524133217297], [5.31340818052972, 44.668075925244], [5.303892548572335, 44.66716670610233], [5.277072220719372, 44.67307192045518], [5.268063174952246, 44.673148905990196], [5.266018314494852, 44.67910808019275], [5.261491364327225, 44.67954294906676], [5.258934196721717, 44.69793246126147], [5.269413472008402, 44.71293024666347], [5.283286543591256, 44.720507830408664], [5.297159917371127, 44.71809527227269], [5.304363380785322, 44.7098395013956], [5.32153126312119, 44.70470719966453], [5.325595640893707, 44.70648628838377], [5.338552715373217, 44.70311495671361], [5.357631176371957, 44.692460397376394], [5.354247419060941, 44.691559694053744]]]}",1657,019,22,1,26,82
38480,38780,SEPTEME,ISERE,RHONE-ALPES,"Commune simple",262.0,2171.0,1.7,"45.5481011598, 4.98525636535","{""type"": ""Polygon"", ""coordinates"": [[[5.012267550794857, 45.53368374779638], [4.988435463772309, 45.533873950394444], [4.975094640973603, 45.530668439390446], [4.956687699631717, 45.53238675470578], [4.942125578838465, 45.53998954154531], [4.939375937618206, 45.54566668859037], [4.939302411770868, 45.549063762175656], [4.954438652903606, 45.55622366683556], [4.9536672726546, 45.56599219551223], [4.970800007878053, 45.565269730322285], [5.002783456107379, 45.5720365697952], [5.00864481411808, 45.55575423689001], [5.028701913565782, 45.54604393794946], [5.038228785029285, 45.53423354369307], [5.03012699347534, 45.53138970821759], [5.012267550794857, 45.53368374779638]]]}",5738,480,38,3,38,82
73116,73300,FONTCOUVERTE-LA-TOUSSUIRE,SAVOIE,RHONE-ALPES,"Commune simple",1482.0,2144.0,0.6,"45.2460484635, 6.28249903846","{""type"": ""Polygon"", ""coordinates"": [[[6.31579844692317, 45.209779048669645], [6.288952266832657, 45.21481782293927], [6.285019449841243, 45.22034983123617], [6.287714902519354, 45.223028188225776], [6.286619816153381, 45.23344231223504], [6.290720668267514, 45.24349621814492], [6.288740968098678, 45.24669974046985], [6.272691491280165, 45.25451586293548], [6.267827735068728, 45.2551268440127], [6.251640878509169, 45.247335137062805], [6.227185982723576, 45.24515143864463], [6.21868886361717, 45.24778469583708], [6.256611729501238, 45.27411812480161], [6.262127262766929, 45.27654373714986], [6.27804116565449, 45.26325395444327], [6.314845069735978, 45.255526244209], [6.327703523224898, 45.244140011115796], [6.323706731762338, 45.2380856035369], [6.313023291019328, 45.232175564940064], [6.31204574114814, 45.218938641296646], [6.31579844692317, 45.209779048669645]]]}",5718,116,25,3,73,82
87083,87370,LAURIERE,HAUTE-VIENNE,LIMOUSIN,"Chef-lieu canton",441.0,2077.0,0.6,"46.0760741278, 1.50106082876","{""type"": ""Polygon"", ""coordinates"": [[[1.509914163677421, 46.04738389808343], [1.505826693041654, 46.04929353051081], [1.499778828805242, 46.06899202191268], [1.48026029335032, 46.06965986994169], [1.462890193386996, 46.074919850400825], [1.454041528581906, 46.0867694148656], [1.463800896392691, 46.09881769456086], [1.477611157630872, 46.095689368778324], [1.491923755020843, 46.09778084480375], [1.500706944882816, 46.09568161351122], [1.507846667661395, 46.08924599823652], [1.512506373563968, 46.0935582417907], [1.525920786057006, 46.08910395772088], [1.526058415099314, 46.08204467532974], [1.541189198160812, 46.07567453668686], [1.533002984159484, 46.05898808251032], [1.536706661927847, 46.05301961780021], [1.535513249153847, 46.05071657120045], [1.509914163677421, 46.04738389808343]]]}",7880,083,10,2,87,74
21557,21450,SAINT-MARC-SUR-SEINE,COTE-D'OR,BOURGOGNE,"Commune simple",343.0,840.0,0.1,"47.7000984346, 4.59972785822","{""type"": ""Polygon"", ""coordinates"": [[[4.612419974608883, 47.679674353482234], [4.608957715251667, 47.67714729450312], [4.604308624931321, 47.67857959145437], [4.597939725187389, 47.691135421302405], [4.589382437106768, 47.69480805025986], [4.560196752860364, 47.700386486070975], [4.586937723064197, 47.708092924855144], [4.594621561242007, 47.71214756926485], [4.59595770446103, 47.7184580698781], [4.611402736009727, 47.71482541926226], [4.620280567599171, 47.70759980426526], [4.618898881917643, 47.70163223660472], [4.612419974608883, 47.679674353482234]]]}",6783,557,04,3,21,26
11084,11170,CAUX-ET-SAUZENS,AUDE,LANGUEDOC-ROUSSILLON,"Commune simple",140.0,919.0,0.8,"43.2258961133, 2.25442069615","{""type"": ""Polygon"", ""coordinates"": [[[2.251928402222201, 43.20703050870934], [2.240172653437054, 43.20792889968049], [2.240956220586297, 43.21661502763815], [2.243153109207466, 43.236681547813596], [2.237571774370602, 43.24565594727981], [2.241387934516295, 43.24741898735024], [2.258440562620914, 43.2438491773295], [2.263769567767351, 43.23895602224867], [2.262643520520174, 43.23560197252855], [2.276553125015484, 43.227204242808455], [2.275759449099652, 43.223789622595845], [2.264010208949881, 43.21815095937563], [2.266818859873063, 43.20812216897001], [2.251928402222201, 43.20703050870934]]]}",6904,084,02,1,11,91
08056,08250,BEFFU-ET-LE-MORTHOMME,ARDENNES,CHAMPAGNE-ARDENNE,"Commune simple",176.0,557.0,0.1,"49.372094938, 4.89223564312","{""type"": ""Polygon"", ""coordinates"": [[[4.908265951869268, 49.360388936172626], [4.903431746669292, 49.35920636738278], [4.896368381387883, 49.36402886193774], [4.886501670711552, 49.362636745706354], [4.872844627894009, 49.367164919361535], [4.877145902983123, 49.380180372062014], [4.87428081672595, 49.38659949034555], [4.88108723405109, 49.38403025532872], [4.887945312438287, 49.38702530872155], [4.893200447425347, 49.38123379233647], [4.906752123467134, 49.37640836882439], [4.914986136911848, 49.363789295768356], [4.908265951869268, 49.360388936172626]]]}",1634,056,12,4,08,21
73221,73130,SAINT-ALBAN-DES-VILLARDS,SAVOIE,RHONE-ALPES,"Commune simple",1655.0,2402.0,0.1,"45.314656637, 6.23573224312","{""type"": ""Polygon"", ""coordinates"": [[[6.256611729501238, 45.27411812480161], [6.244898591734366, 45.28536325199564], [6.242205492593941, 45.30248301558789], [6.218507851274722, 45.315360633102614], [6.184450835349882, 45.317957504696025], [6.187806565895894, 45.333064772742816], [6.191427258767922, 45.33961226804279], [6.219482659617699, 45.34260264478746], [6.260205565438625, 45.32463409238019], [6.274355970340978, 45.32238233551227], [6.260722341880075, 45.30793765116327], [6.280942886738446, 45.29325125644685], [6.263593851167232, 45.27739311739003], [6.262127262766929, 45.27654373714986], [6.256611729501238, 45.27411812480161]]]}",1740,221,11,3,73,82
02456,02300,MANICAMP,AISNE,PICARDIE,"Commune simple",47.0,1035.0,0.3,"49.5650654162, 3.17962639988","{""type"": ""Polygon"", ""coordinates"": [[[3.182645375386328, 49.54207122116027], [3.183662412471291, 49.54455009728626], [3.176307161474679, 49.54634941423461], [3.162949771989949, 49.54590974991549], [3.160357778576019, 49.55180863233712], [3.165772810193257, 49.564724435415556], [3.158298469906052, 49.569371575095595], [3.165565076284488, 49.58171854996732], [3.175773883684618, 49.5842563956242], [3.19185559601657, 49.589758788274544], [3.192748840878874, 49.57362640722489], [3.203958593701695, 49.56728143829573], [3.191731936364162, 49.55294939597741], [3.191418865117058, 49.543073230014116], [3.182645375386328, 49.54207122116027]]]}",5012,456,11,2,02,22
28041,28120,BLANDAINVILLE,EURE-ET-LOIR,CENTRE,"Commune simple",164.0,1377.0,0.2,"48.3153780498, 1.29204429237","{""type"": ""Polygon"", ""coordinates"": [[[1.289884357361638, 48.288680038523864], [1.280121314982837, 48.2890874736665], [1.277161210100032, 48.29878181715734], [1.266109051371723, 48.30960867022063], [1.266264173850008, 48.32538677147421], [1.281896092461212, 48.33308401144266], [1.300606533008733, 48.333785986654355], [1.310124241612509, 48.33496610018303], [1.322487242913767, 48.329040503599586], [1.307645799447022, 48.2995457266865], [1.292485963466914, 48.298697976906595], [1.289884357361638, 48.288680038523864]]]}",14517,041,15,1,28,24
02478,02000,MERLIEUX-ET-FOUQUEROLLES,AISNE,PICARDIE,"Commune simple",102.0,589.0,0.3,"49.5137172169, 3.49932983224","{""type"": ""Polygon"", ""coordinates"": [[[3.494956428570703, 49.497107071698316], [3.48595749853599, 49.49980380534632], [3.490045840772106, 49.50163878890536], [3.491255976173514, 49.5113044585496], [3.488741090084058, 49.52407673115908], [3.481047262610404, 49.528088867041774], [3.484185986470623, 49.53443037472822], [3.494163359204114, 49.536636952943645], [3.49318997798092, 49.52730314820968], [3.516602888828144, 49.51595349549236], [3.512540661697723, 49.498948366041574], [3.510195055292582, 49.49897623498893], [3.494956428570703, 49.497107071698316]]]}",19609,478,01,2,02,22
89051,89500,"LES BORDES",YONNE,BOURGOGNE,"Commune simple",184.0,1886.0,0.5,"48.1095935384, 3.38967473325","{""type"": ""Polygon"", ""coordinates"": [[[3.426973989610501, 48.1204700867241], [3.41889078624464, 48.10441861786735], [3.402078014288587, 48.09663934353701], [3.391942463009579, 48.095701625857274], [3.391910421241521, 48.082311664553146], [3.382588827988023, 48.08024559036521], [3.368364613210462, 48.08368343608425], [3.358685802699491, 48.08428921088175], [3.368110200637133, 48.095373523356116], [3.365022460756918, 48.101475198981866], [3.357094211276469, 48.10516191077827], [3.355821956347294, 48.1117617065161], [3.365654763113928, 48.119092420620596], [3.383048896475175, 48.125246167465704], [3.376944817403931, 48.1343722648281], [3.391487131195233, 48.13581863699128], [3.410067874249344, 48.13092334409905], [3.426973989610501, 48.1204700867241]]]}",19729,051,37,3,89,26
59203,59171,ERRE,NORD,NORD-PAS-DE-CALAIS,"Commune simple",25.0,585.0,1.4,"50.3693524443, 3.31597211762","{""type"": ""Polygon"", ""coordinates"": [[[3.328516717775024, 50.347871095817226], [3.324348694720408, 50.34336616833306], [3.311124571253134, 50.344307004572045], [3.29915860801313, 50.34456104655531], [3.301225786425256, 50.347716280954415], [3.311477414403461, 50.34919913421658], [3.312115742581368, 50.352591192903496], [3.311531812662476, 50.36939918669779], [3.301213733516885, 50.38099699472644], [3.30688685467797, 50.39039147882337], [3.317096446693215, 50.38824700198379], [3.332578806999049, 50.391590795495425], [3.342734306359235, 50.3898752663185], [3.32357998256736, 50.385447153396754], [3.318785348778012, 50.355500950681886], [3.328516717775024, 50.347871095817226]]]}",20242,203,42,3,59,31
81163,81200,MAZAMET,TARN,MIDI-PYRENEES,"Chef-lieu canton",675.0,7284.0,10.0,"43.4578780341, 2.3885346913","{""type"": ""Polygon"", ""coordinates"": [[[2.406845805647556, 43.41925514876508], [2.398735157473895, 43.417051218741655], [2.375171431947413, 43.42299966994139], [2.367331472637146, 43.42317908711111], [2.34838689518998, 43.432774382381155], [2.31377311394909, 43.44081986775334], [2.304118058971714, 43.44792889772181], [2.299698464788162, 43.44681179046948], [2.300624530194791, 43.456975434290115], [2.324773477532279, 43.46720529816125], [2.334205154866537, 43.467713487779555], [2.362968041594668, 43.47950160622874], [2.36632103167375, 43.492531210836205], [2.375332813575358, 43.50024915814488], [2.382102707184408, 43.51665408699144], [2.389256714699879, 43.5031086111579], [2.389182287430773, 43.49964423790141], [2.41104082126749, 43.49297221483224], [2.443283313441291, 43.49298955582136], [2.436448542182504, 43.46532416549713], [2.460227186083407, 43.45342524120505], [2.466544591790689, 43.44071695642566], [2.473694890904216, 43.43651442520649], [2.469544984978761, 43.43535159671612], [2.451093071809259, 43.43222777513879], [2.427590022201977, 43.434490310134294], [2.407759523330926, 43.42521599577401], [2.404825760710553, 43.42243791216636], [2.406845805647556, 43.41925514876508]]]}",4967,163,99,2,81,73
39274,39310/01410,LAJOUX,JURA,FRANCHE-COMTE,"Commune simple",1232.0,2368.0,0.3,"46.3914322554, 6.00896074386","{""type"": ""Polygon"", ""coordinates"": [[[5.975139486588709, 46.35029274877155], [5.962838582153521, 46.35694793105913], [5.967527556739053, 46.36540447679127], [5.953907047361099, 46.378310477135265], [5.95463840590695, 46.38148141369047], [5.969333243008418, 46.382343273028795], [5.991578470754083, 46.39100731896752], [6.006684548865308, 46.40519019629339], [6.056903493905853, 46.435233253431676], [6.060575448711184, 46.417508619434614], [6.052807407730591, 46.41140874622495], [6.031020617388408, 46.3881096836637], [6.013370637749399, 46.375988690934136], [5.984103394262541, 46.36264695130768], [5.975139486588709, 46.35029274877155]]]}",13521,274,26,3,39,43
89267,89420,MONTREAL,YONNE,BOURGOGNE,"Commune simple",224.0,744.0,0.2,"47.5493086429, 4.05005175601","{""type"": ""Polygon"", ""coordinates"": [[[4.035602683494661, 47.531004754873265], [4.025198667837897, 47.53674109363334], [4.025288410614233, 47.542807776067015], [4.032996889224281, 47.54955438491446], [4.031989282985556, 47.55521664777718], [4.043331354143774, 47.56265052279933], [4.061786136203778, 47.5576858615687], [4.066993977458583, 47.56275156349461], [4.072732131461086, 47.55840490555074], [4.080937501936547, 47.55840117272231], [4.076403940282701, 47.54922484538], [4.060613423866715, 47.5421497455932], [4.046551728095918, 47.54236681830359], [4.035602683494661, 47.531004754873265]]]}",22910,267,17,2,89,26
58038,58460,BREUGNON,NIEVRE,BOURGOGNE,"Commune simple",200.0,1346.0,0.2,"47.4272649445, 3.45776279567","{""type"": ""Polygon"", ""coordinates"": [[[3.476781249073237, 47.40960213751639], [3.467253972762952, 47.411972349617756], [3.452669960319337, 47.409275369540715], [3.437615435757011, 47.410485252669616], [3.433140884603762, 47.41964812008062], [3.428577216647515, 47.42117736764175], [3.435182926343599, 47.435916180173024], [3.442729788551249, 47.442054080849445], [3.453068097020007, 47.44696538471243], [3.461650328355035, 47.4465445788116], [3.488041650881915, 47.437470912477416], [3.477468271219992, 47.42718042423538], [3.484419968191881, 47.42284869631955], [3.476781249073237, 47.40960213751639]]]}",23590,038,05,2,58,26
65247,65100,ARRAYOU-LAHITTE,HAUTES-PYRENEES,MIDI-PYRENEES,"Commune simple",515.0,482.0,0.1,"43.0934147227, 0.0446631806438","{""type"": ""Polygon"", ""coordinates"": [[[0.04717598854492, 43.07555395755225], [0.040429972074076, 43.078545854228324], [0.036021823357389, 43.085741935466245], [0.030455691554822, 43.098009295140315], [0.04157232954807, 43.10422858179767], [0.044287304556159, 43.11071152682702], [0.053108756872173, 43.109729127420024], [0.051843229627689, 43.10057696650246], [0.057225758523482, 43.09207474026795], [0.04717598854492, 43.07555395755225]]]}",36142,247,12,1,65,73
35060,35360,"LA CHAPELLE-DU-LOU",ILLE-ET-VILAINE,BRETAGNE,"Commune simple",92.0,727.0,0.6,"48.2222623755, -1.99322262284","{""type"": ""Polygon"", ""coordinates"": [[[-2.000569613617103, 48.20904361166377], [-2.009576011058248, 48.21155565331813], [-2.019407832671363, 48.22329136844671], [-2.001966590465466, 48.23485089610105], [-1.991895841667018, 48.23538541384148], [-1.982881566432078, 48.23325091999133], [-1.969009622096164, 48.22409888678944], [-1.968629526227, 48.21463044070628], [-1.989225715224553, 48.21103854653957], [-1.996713373472358, 48.21403951469398], [-2.000569613617103, 48.20904361166377]]]}",14514,060,22,3,35,53
09139,09390,L'HOSPITALET-PRES-L'ANDORRE,ARIEGE,MIDI-PYRENEES,"Commune simple",2098.0,2681.0,0.1,"42.595464483, 1.7777228207","{""type"": ""Polygon"", ""coordinates"": [[[1.8247284399344, 42.58123887043076], [1.799703344856482, 42.57232032467554], [1.786125011063896, 42.57362343207788], [1.778393728578243, 42.58207678005914], [1.764270686181524, 42.580817454286816], [1.728249884072794, 42.58957475344564], [1.727541152101079, 42.599753424160305], [1.737964425021432, 42.61131401180095], [1.755618157634446, 42.615153503175385], [1.769203748881684, 42.61284715205545], [1.781965248812979, 42.61672473639714], [1.812018621206668, 42.606740958087805], [1.821713550860351, 42.594979944782196], [1.8247284399344, 42.58123887043076]]]}",14634,139,01,1,09,73
29052,29770,ESQUIBIEN,FINISTERE,BRETAGNE,"Commune simple",42.0,1535.0,1.6,"48.0285435257, -4.56510692313","{""type"": ""Polygon"", ""coordinates"": [[[-4.549337549568186, 48.01208031251919], [-4.566121993434916, 48.00039449763588], [-4.589377086138794, 48.006992633304286], [-4.597875247850713, 48.01540201054422], [-4.602944025376957, 48.0151369340176], [-4.600965091971632, 48.018239603459534], [-4.57783759566771, 48.024129265880816], [-4.57713648711953, 48.03746410610661], [-4.586760890290014, 48.03933761464883], [-4.564478689338219, 48.05514970376765], [-4.559946887400237, 48.05608342096266], [-4.539534764171447, 48.04921463496984], [-4.527534970650994, 48.03881128655993], [-4.53334826956266, 48.03609699005672], [-4.541023661955305, 48.03698726096545], [-4.556246759965392, 48.02845057465068], [-4.549337549568186, 48.01208031251919]]]}",2722,052,33,4,29,53
64351,64570,LOURDIOS-ICHERE,PYRENEES-ATLANTIQUES,AQUITAINE,"Commune simple",821.0,1630.0,0.1,"43.0419831344, -0.655955491716","{""type"": ""Polygon"", ""coordinates"": [[[-0.618867833605043, 43.035773671398616], [-0.636506782232783, 43.02017944411963], [-0.685336980568488, 43.03088783440808], [-0.687900436793013, 43.033753123390795], [-0.677858595124907, 43.04569349421121], [-0.676424694531282, 43.059644086974465], [-0.667593690368409, 43.06677020304937], [-0.64104782852403, 43.06117103525348], [-0.637378317292613, 43.055145773595534], [-0.648232533064255, 43.04483850213655], [-0.618867833605043, 43.035773671398616]]]}",4308,351,01,2,64,72
53083,53700,COURCITE,MAYENNE,"PAYS DE LA LOIRE","Commune simple",201.0,3065.0,0.9,"48.3045487938, -0.253606869806","{""type"": ""Polygon"", ""coordinates"": [[[-0.226383967075584, 48.27347151374262], [-0.236495613259408, 48.273384222070845], [-0.247261164210368, 48.280184972168776], [-0.277263659923191, 48.27971734868778], [-0.28386450699763, 48.288215176649715], [-0.277407603803449, 48.30024498218359], [-0.2865013699084, 48.30300934859945], [-0.310748313898612, 48.299235381095], [-0.312897559376233, 48.302290998278885], [-0.288162014555957, 48.32419697459373], [-0.258912968800549, 48.330264874992096], [-0.234443904217016, 48.327631422471356], [-0.225451179524819, 48.32080822350354], [-0.205991139830525, 48.321841321438555], [-0.206785866265712, 48.30873610058521], [-0.222396659671647, 48.2960564299377], [-0.214998742948972, 48.29203451862854], [-0.22564400996513, 48.28518009725802], [-0.226383967075584, 48.27347151374262]]]}",2986,083,27,3,53,52
21641,21500,TOUILLON,COTE-D'OR,BOURGOGNE,"Commune simple",351.0,3683.0,0.4,"47.6589160745, 4.43658043241","{""type"": ""Polygon"", ""coordinates"": [[[4.417571076933569, 47.6235759115822], [4.4125204245948, 47.62343005135987], [4.411620169826291, 47.6367195574363], [4.403858007832266, 47.640378049560645], [4.401190999668279, 47.6433088343733], [4.405859682464138, 47.65618912638536], [4.397833298797527, 47.66005737312443], [4.398146021857259, 47.66690436038085], [4.389540478640857, 47.669599624751704], [4.386983883458717, 47.6722496327162], [4.390296291914638, 47.67814273281774], [4.406490986132747, 47.689228766715544], [4.445485611449843, 47.6861695807245], [4.455128184165867, 47.68776941193488], [4.464297524158695, 47.685224323471076], [4.482443538416478, 47.661310346467836], [4.486278381711704, 47.65881296774764], [4.474430816546694, 47.643811861327656], [4.463314909208818, 47.63679462006541], [4.462340159251399, 47.626498903613715], [4.429904231579179, 47.62863801062923], [4.417571076933569, 47.6235759115822]]]}",549,641,21,3,21,26
17156,17130,EXPIREMONT,CHARENTE-MARITIME,POITOU-CHARENTES,"Commune simple",84.0,570.0,0.1,"45.3325890247, -0.374711458705","{""type"": ""Polygon"", ""coordinates"": [[[-0.369540992911393, 45.31325581575469], [-0.373649793303736, 45.31213155256457], [-0.37681778029771, 45.31782206563502], [-0.384681724034165, 45.32046843918972], [-0.388543576462223, 45.33669158921077], [-0.385807055252278, 45.34317346877075], [-0.381136552194814, 45.34308035379057], [-0.369566624242356, 45.353361293828456], [-0.362473767122638, 45.34704044526159], [-0.367565832606573, 45.334242596639946], [-0.362498400663538, 45.32566179144438], [-0.369540992911393, 45.31325581575469]]]}",31622,156,17,1,17,54
55474,55140,SAUVIGNY,MEUSE,LORRAINE,"Commune simple",333.0,1742.0,0.3,"48.5018634827, 5.73596629266","{""type"": ""Polygon"", ""coordinates"": [[[5.742430000419497, 48.47449793134536], [5.715152919154974, 48.487609855526365], [5.701508335350435, 48.48691293104047], [5.701024153628437, 48.49539411719813], [5.707520454367073, 48.50370732645099], [5.718165075072246, 48.51072817310634], [5.719243674669019, 48.52343108881223], [5.733275845371842, 48.52331616308224], [5.742171775006645, 48.526297610372644], [5.760970573515715, 48.52146970022593], [5.762776662037544, 48.51614395995591], [5.765154701602297, 48.49649260851312], [5.75384095415308, 48.48917628342642], [5.746095636306176, 48.47624950247372], [5.742430000419497, 48.47449793134536]]]}",31742,474,24,2,55,41
02417,02420,LEMPIRE,AISNE,PICARDIE,"Commune simple",130.0,263.0,0.1,"49.9953429453, 3.17401503527","{""type"": ""Polygon"", ""coordinates"": [[[3.192523448438852, 49.98888142732996], [3.177580785862857, 49.986658446192266], [3.165171663871767, 49.992056157078956], [3.155682587486025, 49.991754209469946], [3.171404209006855, 50.009984813232265], [3.179544708946063, 49.99445213582946], [3.194631718188081, 49.99371950068522], [3.192523448438852, 49.98888142732996]]]}",32251,417,06,3,02,22
70447,70190,RIOZ,HAUTE-SAONE,FRANCHE-COMTE,"Chef-lieu canton",298.0,1729.0,1.8,"47.4373192173, 6.07568807889","{""type"": ""MultiPolygon"", ""coordinates"": [[[[6.079305843651485, 47.41619061532363], [6.051067010697637, 47.41953852792784], [6.034862039138661, 47.42635866961819], [6.030373253123661, 47.4251514633566], [6.033656150978293, 47.43155202572551], [6.043086309588284, 47.42975620721373], [6.047687487975884, 47.435725534829174], [6.048085065649, 47.44597586299472], [6.040567818261199, 47.45835202532256], [6.044469805567406, 47.46810524903012], [6.051357593011361, 47.47310473774407], [6.056109668333862, 47.467908302824384], [6.056966752108973, 47.45500362553692], [6.066670589318118, 47.443550594230736], [6.080626820586611, 47.44077654181367], [6.090241914669243, 47.44126023484577], [6.091935726375149, 47.434719909444155], [6.085456903243119, 47.42965786221207], [6.088373297706871, 47.424058066459835], [6.079305843651485, 47.41619061532363]]], [[[6.111898930157183, 47.423196678702446], [6.106072460278189, 47.42733437242906], [6.100887732277063, 47.43958959307552], [6.083024628154865, 47.443676882819425], [6.087784538827764, 47.44815409445138], [6.11228761335957, 47.44542016596707], [6.118448795821597, 47.45065147447385], [6.125465743510992, 47.44503985064015], [6.122609924431822, 47.44229676002956], [6.127935753646911, 47.43299160194888], [6.12414937657342, 47.42680512656577], [6.121656796455894, 47.423899106523265], [6.111898930157183, 47.423196678702446]]]]}",536,447,21,2,70,43
08497,08000,WARCQ,ARDENNES,CHAMPAGNE-ARDENNE,"Commune simple",159.0,920.0,1.3,"49.7682874486, 4.66643502857","{""type"": ""Polygon"", ""coordinates"": [[[4.654588914343776, 49.744471361080066], [4.652396323332682, 49.75387435728459], [4.633380689617126, 49.75695254538433], [4.65208909435397, 49.76884133810478], [4.660689434544028, 49.78073949352764], [4.666553219361139, 49.78606934263606], [4.680067370056508, 49.78930773667479], [4.695147360828508, 49.77608652005578], [4.678943923408625, 49.767360061156204], [4.676574555352416, 49.75730058278152], [4.660975909508248, 49.74897673663479], [4.654588914343776, 49.744471361080066]]]}",17104,497,15,1,08,21
61433,61250,SAINT-NICOLAS-DES-BOIS,ORNE,BASSE-NORMANDIE,"Commune simple",276.0,2533.0,0.3,"48.5061778998, 0.0266355295781","{""type"": ""Polygon"", ""coordinates"": [[[0.014755929469053, 48.48116196538937], [-0.002748306274325, 48.48818360416931], [-0.026556631428632, 48.48066505883598], [-0.020010189122607, 48.48973535485206], [-0.03138721957488, 48.49560321114811], [-0.031258974717278, 48.499009455712574], [-0.01879188809549, 48.50975187813059], [-0.009587311033909, 48.50730274055089], [0.01485613248802, 48.512960853881694], [0.025592045867958, 48.52027886752722], [0.039690094735488, 48.53867105152986], [0.054395264976062, 48.54089080226723], [0.0682551808188, 48.51922382256434], [0.064652845888611, 48.492560692037465], [0.040326289981445, 48.490435449619895], [0.014755929469053, 48.48116196538937]]]}",17231,433,02,1,61,25
88314,88320,MORIZECOURT,VOSGES,LORRAINE,"Commune simple",365.0,1056.0,0.1,"48.0718872896, 5.85844834425","{""type"": ""Polygon"", ""coordinates"": [[[5.881699425331271, 48.04766432509603], [5.873557359455836, 48.05971363582692], [5.859588555297446, 48.056749018134134], [5.852611906341886, 48.06162769462538], [5.842721083822542, 48.06329863616594], [5.833915028501247, 48.07545088000674], [5.824499196476933, 48.07575810666848], [5.825171830250403, 48.08181094870304], [5.843732603726907, 48.08586653839213], [5.854983303260488, 48.09213165194538], [5.86348732281675, 48.088584594297664], [5.880289238789351, 48.06789652621624], [5.88918328929361, 48.0649502037292], [5.880932093709751, 48.05749833707558], [5.889721965835639, 48.05464450790721], [5.889596867991919, 48.05136982001793], [5.881699425331271, 48.04766432509603]]]}",10860,314,15,2,88,41
87082,87500,LADIGNAC-LE-LONG,HAUTE-VIENNE,LIMOUSIN,"Commune simple",361.0,4705.0,1.1,"45.5883075573, 1.10742594312","{""type"": ""Polygon"", ""coordinates"": [[[1.084638254378838, 45.5314416686503], [1.074201397491205, 45.545611991798815], [1.061699039583496, 45.55489084165229], [1.072897621127334, 45.56137062144153], [1.065012340847546, 45.57384556132074], [1.06514782284879, 45.58062150074942], [1.078157801567133, 45.58570866101069], [1.078819124447886, 45.5892058377106], [1.06594063095977, 45.6119451161702], [1.066228868304987, 45.61545398413292], [1.073315232823244, 45.62021442140293], [1.105302715489582, 45.629611928274585], [1.1143920033763, 45.6266030207905], [1.124321240907328, 45.627570630858784], [1.134767539715078, 45.6208176606603], [1.13736534281006, 45.60769203699445], [1.14706336422682, 45.60780717659548], [1.153531215921129, 45.598951333252224], [1.151267683198446, 45.59603183018158], [1.155218228023472, 45.586431953485054], [1.168687151558636, 45.573249450180434], [1.161147282253198, 45.56354271903798], [1.144037567769514, 45.575538342989994], [1.129904391534195, 45.56600861469754], [1.102907004546544, 45.55749461288539], [1.08457105642642, 45.54155578898605], [1.084638254378838, 45.5314416686503]]]}",5016,082,29,2,87,74
42077,42540,CROIZET-SUR-GAND,LOIRE,RHONE-ALPES,"Commune simple",494.0,596.0,0.3,"45.9126247194, 4.21879856118","{""type"": ""Polygon"", ""coordinates"": [[[4.209290465594887, 45.89350876501752], [4.209611320560897, 45.8969636302298], [4.196486134233348, 45.90731602397814], [4.200649995777288, 45.91724150553736], [4.2150231483785, 45.918952281565886], [4.225572666137769, 45.92624142585789], [4.239857156093048, 45.92387030607376], [4.240094059094912, 45.910313622789936], [4.221826004181275, 45.90743237940205], [4.209290465594887, 45.89350876501752]]]}",14764,077,32,2,42,82
51572,51460,TILLOY-ET-BELLAY,MARNE,CHAMPAGNE-ARDENNE,"Commune simple",179.0,1937.0,0.2,"49.0293633724, 4.63078861218","{""type"": ""Polygon"", ""coordinates"": [[[4.65722727303827, 49.011735736060814], [4.637029273361644, 49.011185489896846], [4.618662462905903, 49.00488708461509], [4.602115396948223, 49.01268190762764], [4.59107752854481, 49.0277222542966], [4.609162503421901, 49.034046570607444], [4.609504474378014, 49.045958432994716], [4.622392973088903, 49.051666773493906], [4.631646688612275, 49.05048919163666], [4.638399274494179, 49.055478602528076], [4.660943333762583, 49.04712876167955], [4.661495671953792, 49.03703024840909], [4.655921751276392, 49.028680130680364], [4.663748956559565, 49.01685297305222], [4.65722727303827, 49.011735736060814]]]}",20036,572,08,5,51,21
67154,67150,GERSTHEIM,BAS-RHIN,ALSACE,"Commune simple",154.0,1788.0,3.2,"48.3807788366, 7.70453174528","{""type"": ""Polygon"", ""coordinates"": [[[7.657391690800242, 48.35520007383637], [7.653761411224344, 48.35604587312649], [7.655528319567862, 48.361185629733626], [7.657337963471491, 48.36741418570918], [7.665867570182557, 48.367204440147326], [7.671739563014531, 48.37498500514754], [7.679498693465801, 48.37780592226804], [7.67705707299486, 48.38685185283342], [7.682782180609004, 48.39172667103945], [7.707135179882322, 48.40390158254375], [7.732550530582942, 48.40550254076276], [7.733546806612986, 48.398685116455056], [7.730965954524631, 48.38220459896265], [7.736098542648452, 48.36259439497698], [7.714205476911381, 48.36098089729755], [7.700109140461151, 48.364416647840635], [7.694042772740648, 48.36933501426505], [7.683918548433481, 48.36971804026474], [7.657391690800242, 48.35520007383637]]]}",22502,154,07,5,67,42
28196,28120,ILLIERS-COMBRAY,EURE-ET-LOIR,CENTRE,"Chef-lieu canton",166.0,3395.0,3.3,"48.3032872833, 1.22693727509","{""type"": ""Polygon"", ""coordinates"": [[[1.240679825350236, 48.27364909767125], [1.226459158735353, 48.27197873968303], [1.21377381580777, 48.27594570338876], [1.208905817135287, 48.284700807862336], [1.20115936816917, 48.28804814631524], [1.202671411583292, 48.29827673525878], [1.198658095340218, 48.30046561009665], [1.1680760537015, 48.30250700507755], [1.148940959517606, 48.30463914604234], [1.146528815290819, 48.307634294055966], [1.154572365256035, 48.31601268357792], [1.174521770163578, 48.3173569897481], [1.183204677182985, 48.314025752557804], [1.192238740937047, 48.316152977554964], [1.223195989298755, 48.31638774899597], [1.223101081436516, 48.32319888987319], [1.20408843558306, 48.32832064256291], [1.205765624632799, 48.331378871550754], [1.229645761964424, 48.33122538109974], [1.254042171674929, 48.33055273343547], [1.266264173850008, 48.32538677147421], [1.266109051371723, 48.30960867022063], [1.277161210100032, 48.29878181715734], [1.280121314982837, 48.2890874736665], [1.240679825350236, 48.27364909767125]]]}",5280,196,15,1,28,24
30095,30260,CORCONNE,GARD,LANGUEDOC-ROUSSILLON,"Commune simple",214.0,1314.0,0.6,"43.8722496037, 3.9404508858","{""type"": ""Polygon"", ""coordinates"": [[[3.937901649775303, 43.853577426821154], [3.922097434480496, 43.85838300161043], [3.917996818194549, 43.86791235048728], [3.919593011194314, 43.88129069251848], [3.932587773485832, 43.89451836574799], [3.948821973620716, 43.89182250369727], [3.958292516997899, 43.882910818115974], [3.963027020917461, 43.859658431998206], [3.958993374173845, 43.85351108766393], [3.937901649775303, 43.853577426821154]]]}",18058,095,21,3,30,91
50422,50500,RAIDS,MANCHE,BASSE-NORMANDIE,"Commune simple",14.0,680.0,0.2,"49.2079341726, -1.34553076662","{""type"": ""Polygon"", ""coordinates"": [[[-1.353846719849904, 49.19502353398646], [-1.358763089517988, 49.20347141047982], [-1.363488695466393, 49.20296706955932], [-1.370229853885428, 49.20728756258772], [-1.352178526240456, 49.22416628351071], [-1.331517296752788, 49.21416081108644], [-1.319089878411944, 49.199652132430025], [-1.353846719849904, 49.19502353398646]]]}",34715,422,09,4,50,25
26334,26160,SALETTES,DROME,RHONE-ALPES,"Commune simple",316.0,703.0,0.1,"44.5660899687, 4.96944510091","{""type"": ""Polygon"", ""coordinates"": [[[4.9644651103373, 44.55000816348502], [4.957899601565406, 44.55460033867645], [4.95483026205032, 44.57107111704906], [4.94216156541259, 44.57486967122595], [4.972732870388845, 44.582630719294265], [4.984073868274179, 44.57261183752251], [4.987495971993874, 44.55602567333396], [4.982557282795849, 44.550243074166666], [4.973346609914769, 44.55262336106018], [4.9644651103373, 44.55000816348502]]]}",34835,334,10,2,26,82
32450,32230,TOURDUN,GERS,MIDI-PYRENEES,"Commune simple",180.0,695.0,0.1,"43.5472486577, 0.160157307387","{""type"": ""Polygon"", ""coordinates"": [[[0.192930093096664, 43.54122435845144], [0.17876146000386, 43.54269348802883], [0.157102742949492, 43.535438873757286], [0.141461758228703, 43.54312172048965], [0.128881900428662, 43.55435877001112], [0.149106729444389, 43.55616140824998], [0.167088776049282, 43.55426445409467], [0.182963548776051, 43.552651991122524], [0.192930093096664, 43.54122435845144]]]}",19395,450,14,3,32,73
45129,45220,DOUCHY,LOIRET,CENTRE,"Commune simple",155.0,2332.0,1.0,"47.941934324, 3.04405678632","{""type"": ""Polygon"", ""coordinates"": [[[3.030652147898855, 47.90783629357164], [3.014475363635074, 47.929636334696255], [3.021252653390776, 47.96703679822805], [3.029418357396214, 47.97606130474953], [3.03859709541557, 47.97340387136451], [3.063289797852778, 47.95651047326163], [3.085987590914042, 47.94973753043564], [3.088682586121705, 47.94318395535222], [3.083926475061281, 47.94243149575544], [3.078729426133035, 47.93327364284893], [3.06521387711607, 47.93051907789733], [3.051104529307005, 47.92149954189867], [3.048243501229492, 47.91133123339059], [3.030652147898855, 47.90783629357164]]]}",19511,129,07,1,45,24
25620,25650,VILLE-DU-PONT,DOUBS,FRANCHE-COMTE,"Commune simple",939.0,1511.0,0.3,"46.9996929987, 6.49767988013","{""type"": ""Polygon"", ""coordinates"": [[[6.491347842519624, 46.970638493659145], [6.486446074912752, 46.97424754828558], [6.47532355020731, 46.98514563908741], [6.47287303250498, 46.994754307216894], [6.475668237836141, 47.00114081236803], [6.476617003082006, 47.007691062494835], [6.495502986743842, 47.01836755447921], [6.498869756947573, 47.02456502076342], [6.518216283025702, 47.02677961519354], [6.523002515562215, 47.01389020450285], [6.514587072798018, 47.00181805010611], [6.51235535920987, 46.98857483116675], [6.512239994819359, 46.9825490844402], [6.496686129891226, 46.97418976584196], [6.491347842519624, 46.970638493659145]]]}",31802,620,15,3,25,43
14274,14790,FONTAINE-ETOUPEFOUR,CALVADOS,BASSE-NORMANDIE,"Commune simple",72.0,514.0,1.9,"49.1379993992, -0.454203302795","{""type"": ""Polygon"", ""coordinates"": [[[-0.46062317825132, 49.12333195412193], [-0.47126210163452, 49.146424072850905], [-0.445669597388902, 49.15248745201254], [-0.438579787913376, 49.13209088279017], [-0.452415231954226, 49.1236219156184], [-0.46062317825132, 49.12333195412193]]]}",31922,274,16,2,14,25
31578,31320,VIGOULET-AUZIL,HAUTE-GARONNE,MIDI-PYRENEES,"Commune simple",224.0,346.0,0.9,"43.5076843146, 1.44766808387","{""type"": ""Polygon"", ""coordinates"": [[[1.455534802636574, 43.49932100863303], [1.441429416914706, 43.50117094390134], [1.431003372412364, 43.50813868131665], [1.434812908504213, 43.5167066322836], [1.45189774845093, 43.512731320428514], [1.465127604622997, 43.511812460464405], [1.459000588222219, 43.499613272163984], [1.455534802636574, 43.49932100863303]]]}",18718,578,10,3,31,73
22350,22310,TREDUDER,COTES-D'ARMOR,BRETAGNE,"Commune simple",73.0,482.0,0.2,"48.6542493069, -3.56641535268","{""type"": ""Polygon"", ""coordinates"": [[[-3.563671894277796, 48.63656411120512], [-3.577190899185826, 48.64615179423406], [-3.574967548521892, 48.66191694478566], [-3.579906693287657, 48.67072394333336], [-3.573229665755554, 48.674730562670135], [-3.563420735937369, 48.66739263839588], [-3.558665083010989, 48.6586110862746], [-3.555138553923545, 48.65656712324115], [-3.552780082670098, 48.641145502036935], [-3.563671894277796, 48.63656411120512]]]}",19624,350,33,3,22,53
34043,34160,BUZIGNARGUES,HERAULT,LANGUEDOC-ROUSSILLON,"Commune simple",72.0,465.0,0.3,"43.771599327, 3.99491070508","{""type"": ""Polygon"", ""coordinates"": [[[3.996709322844934, 43.76054040210607], [3.985214317485386, 43.76719646808653], [3.974910748328644, 43.78562088146681], [4.004713402664253, 43.77653976020948], [4.01196342334047, 43.7679232382776], [4.011403038279588, 43.76151189667147], [3.996709322844934, 43.76054040210607]]]}",18826,043,07,3,34,91
07336,07260,VERNON,ARDECHE,RHONE-ALPES,"Commune simple",288.0,380.0,0.2,"44.506232057, 4.2261837868","{""type"": ""Polygon"", ""coordinates"": [[[4.238965437417039, 44.50003838624335], [4.22572080858445, 44.49606285439592], [4.217214037484265, 44.49823679019334], [4.209966699505725, 44.5016837192545], [4.213923361155423, 44.50784348583546], [4.22768102566294, 44.51854923913505], [4.236127132078915, 44.51578096751692], [4.238965437417039, 44.50003838624335]]]}",18008,336,09,1,07,82
61450,61360,SAINT-QUENTIN-DE-BLAVOU,ORNE,BASSE-NORMANDIE,"Commune simple",173.0,642.0,0.1,"48.4792330263, 0.418725497105","{""type"": ""Polygon"", ""coordinates"": [[[0.431552342756694, 48.46590538388327], [0.41450635503373, 48.46272698319478], [0.408059194738037, 48.47132632875909], [0.399015599265275, 48.47354078224262], [0.405646043242736, 48.477700294018305], [0.403779470421096, 48.48998171558507], [0.418408774194643, 48.49703323148057], [0.424432744467528, 48.494877834074316], [0.429923256508511, 48.48922730531779], [0.430120535790907, 48.479393707325016], [0.437390431299033, 48.474681403753806], [0.431552342756694, 48.46590538388327]]]}",18128,450,28,3,61,25
59305,59470,HERZEELE,NORD,NORD-PAS-DE-CALAIS,"Commune simple",13.0,1734.0,1.5,"50.8810801461, 2.53001631051","{""type"": ""Polygon"", ""coordinates"": [[[2.530990671699968, 50.84811609232713], [2.519560662132605, 50.86368285627744], [2.496459723186363, 50.87297570427461], [2.49361421656637, 50.87954004530091], [2.503955167089394, 50.88775419131433], [2.508792508914577, 50.89774000169815], [2.521339526659444, 50.904400200679646], [2.544689771472658, 50.89840534064517], [2.57040122454025, 50.89757245786391], [2.550205175076128, 50.87194297118631], [2.540968616539289, 50.86340460191684], [2.541075238595666, 50.8564252857055], [2.530990671699968, 50.84811609232713]]]}",12417,305,68,4,59,31
2B047,20224,CALACUCCIA,HAUTE-CORSE,CORSE,"Chef-lieu canton",1150.0,1820.0,0.3,"42.3232788863, 9.0338481491","{""type"": ""Polygon"", ""coordinates"": [[[9.038769368957057, 42.29569137351411], [9.036849263283772, 42.30226342494031], [9.025676201479891, 42.30613408221267], [9.011380238815322, 42.32299778396557], [8.993808751520076, 42.32422528667108], [8.997894447831028, 42.33409894579256], [9.025096182285619, 42.35261566794898], [9.040059786571705, 42.335594637926086], [9.063575825229384, 42.324411247392405], [9.075859195287244, 42.313793520083834], [9.038769368957057, 42.29569137351411]]]}",34518,047,10,3,2B,94
44196,44530,SEVERAC,LOIRE-ATLANTIQUE,"PAYS DE LA LOIRE","Commune simple",29.0,2242.0,1.5,"47.554402668, -2.06655618594","{""type"": ""Polygon"", ""coordinates"": [[[-2.030569025563692, 47.53942284588834], [-2.035678673221616, 47.53908474457872], [-2.044684740094563, 47.530784535793636], [-2.049796347861381, 47.530617068034886], [-2.06096879433157, 47.537347935602654], [-2.085870048707398, 47.535036244627314], [-2.089402965853455, 47.532554670340495], [-2.098851619995711, 47.53344920770341], [-2.097167496157646, 47.54022497296462], [-2.103891635266408, 47.5491130542134], [-2.096731167462952, 47.57263537268072], [-2.084196675600712, 47.578035698688645], [-2.034951943713686, 47.569377230152895], [-2.026463374010326, 47.56556766520683], [-2.03367048499391, 47.54590028863199], [-2.030569025563692, 47.53942284588834]]]}",19814,196,36,3,44,52
91292,91630,GUIBEVILLE,ESSONNE,ILE-DE-FRANCE,"Commune simple",88.0,263.0,0.7,"48.5671878264, 2.27170202676","{""type"": ""Polygon"", ""coordinates"": [[[2.282745353910117, 48.55947393239594], [2.265708596484375, 48.55959488177511], [2.263504914735424, 48.562109097949765], [2.25918689410627, 48.57323711062458], [2.267843319155169, 48.575584612298584], [2.28164512415866, 48.57251122478778], [2.282745353910117, 48.55947393239594]]]}",18561,292,01,3,91,11
17448,17380,TONNAY-BOUTONNE,CHARENTE-MARITIME,POITOU-CHARENTES,"Chef-lieu canton",18.0,2312.0,1.2,"45.9748907338, -0.710979318464","{""type"": ""Polygon"", ""coordinates"": [[[-0.693685215927689, 45.951268775405325], [-0.700258624059363, 45.95600308086501], [-0.717413597904312, 45.949166283819046], [-0.727097260079033, 45.94941556441311], [-0.727753884532544, 45.962736084265124], [-0.73251484392751, 45.96851098873694], [-0.73733751982778, 45.96946966577762], [-0.754984611292055, 45.96359355374639], [-0.764529966822883, 45.96574651293493], [-0.766382580582451, 45.97411405171024], [-0.762916871044015, 45.97599631817127], [-0.768347069580682, 45.97995360031355], [-0.755245518907279, 45.98351732195483], [-0.741098810156603, 45.981245228637896], [-0.73322085092395, 45.98482287634444], [-0.719170555870136, 45.98167043562172], [-0.707706572325402, 46.003628138056705], [-0.688181631415936, 45.99276298328954], [-0.683263337463889, 45.9934820254425], [-0.680426236077941, 45.999983757988], [-0.67296218619272, 45.99745863837939], [-0.678001538314515, 45.9919673499052], [-0.666695363649894, 45.981841078344175], [-0.66622500653859, 45.97536577402367], [-0.671891881184889, 45.97193676807946], [-0.688528568849268, 45.96148849532949], [-0.690499134884325, 45.95868374482783], [-0.686338625250459, 45.957548305625416], [-0.693685215927689, 45.951268775405325]]]}",13736,448,38,5,17,54
34021,34360,BABEAU-BOULDOUX,HERAULT,LANGUEDOC-ROUSSILLON,"Commune simple",337.0,2130.0,0.3,"43.4382106135, 2.89298078323","{""type"": ""Polygon"", ""coordinates"": [[[2.866305899942091, 43.41587550071544], [2.855994557917099, 43.4233203759158], [2.866063473230834, 43.435199748731], [2.86950552638847, 43.45256748594896], [2.880496851208975, 43.464221949874315], [2.902366217858883, 43.45296193597626], [2.921829747610601, 43.46132668709679], [2.927160085115232, 43.455797404935666], [2.923896067287315, 43.44920957788399], [2.927564073095034, 43.43900989667004], [2.92522705163262, 43.43225187122984], [2.89904472976898, 43.41750333532926], [2.884729434552656, 43.416949259603506], [2.866305899942091, 43.41587550071544]]]}",13798,021,30,1,34,91
25325,25530,LANDRESSE,DOUBS,FRANCHE-COMTE,"Commune simple",657.0,1433.0,0.2,"47.2603830516, 6.48915118252","{""type"": ""Polygon"", ""coordinates"": [[[6.508701845078272, 47.24265114528737], [6.498930484464314, 47.250083672011144], [6.489124493408179, 47.25029821265013], [6.470840425388013, 47.24731481583021], [6.451388985848426, 47.25578955381226], [6.445139011628584, 47.261111836115866], [6.447813809514669, 47.27123288637085], [6.451915125684661, 47.269128402547146], [6.477472119578159, 47.26922069379106], [6.526892091559217, 47.2764508764756], [6.524842786634374, 47.26540203661684], [6.51643246092044, 47.256645985821805], [6.519079540431952, 47.24249864654687], [6.508701845078272, 47.24265114528737]]]}",13919,325,19,3,25,43
67186,67360,HEGENEY,BAS-RHIN,ALSACE,"Commune simple",179.0,173.0,0.4,"48.8880984199, 7.73980226806","{""type"": ""Polygon"", ""coordinates"": [[[7.752471204317673, 48.88233243833605], [7.72846326438908, 48.884058932905724], [7.726297346020057, 48.88938784741817], [7.745821971961651, 48.89599320372766], [7.749855175172278, 48.88719327362725], [7.752471204317673, 48.88233243833605]]]}",17658,186,35,7,67,42
88266,88600,LEPANGES-SUR-VOLOGNE,VOSGES,LORRAINE,"Commune simple",500.0,764.0,0.9,"48.1792216625, 6.66672756752","{""type"": ""Polygon"", ""coordinates"": [[[6.692180835205992, 48.15613274621514], [6.676842533478201, 48.168637536097044], [6.663229691799326, 48.16729554851124], [6.639392342927887, 48.19184954699078], [6.637448070110438, 48.1945216698003], [6.651052672929611, 48.203442401793104], [6.658647275054404, 48.190353397093524], [6.682274273602108, 48.18279960015442], [6.682744496732829, 48.182010251606435], [6.680063098231019, 48.175815460747884], [6.686845425666481, 48.16764070415523], [6.696579803141621, 48.16781345803271], [6.700719652803261, 48.162134701949235], [6.696365321975447, 48.15628991635948], [6.692180835205992, 48.15613274621514]]]}",33419,266,03,1,88,41
85175,85320,"LES PINEAUX",VENDEE,"PAYS DE LA LOIRE","Commune simple",56.0,1734.0,0.6,"46.599225902, -1.17865799724","{""type"": ""Polygon"", ""coordinates"": [[[-1.197636509346629, 46.57339543238182], [-1.207394785604481, 46.59187378871708], [-1.20260183837443, 46.60466483862514], [-1.209262978710762, 46.60908192523084], [-1.209830912991935, 46.61557140177184], [-1.205305058207543, 46.621346363787126], [-1.1962218527676, 46.623879770040624], [-1.174703152317088, 46.6154961661], [-1.162535241077408, 46.60526328290385], [-1.143501489562859, 46.609407271235376], [-1.137573760202536, 46.6040673932521], [-1.141336520099487, 46.5976466557292], [-1.14687180560583, 46.58909669267686], [-1.142061975638579, 46.58038036868404], [-1.175106689006696, 46.58718632091291], [-1.197636509346629, 46.57339543238182]]]}",8072,175,13,2,85,52
62370,62390,GENNES-IVERGNY,PAS-DE-CALAIS,NORD-PAS-DE-CALAIS,"Commune simple",82.0,1097.0,0.1,"50.2741036632, 2.06316402606","{""type"": ""Polygon"", ""coordinates"": [[[2.064404515628941, 50.25562547785566], [2.048668060636597, 50.25677106497114], [2.037772526635715, 50.264058734941116], [2.026235828340051, 50.26955339341491], [2.039793743211159, 50.27713974980726], [2.061901498977501, 50.28865997368194], [2.074356613241533, 50.291968725158775], [2.088924696945784, 50.287785193867144], [2.09701431838704, 50.27898214817369], [2.081796769353563, 50.26816617713014], [2.069091631571749, 50.264272468148214], [2.064404515628941, 50.25562547785566]]]}",31778,370,07,1,62,31
70001,70300,ABELCOURT,HAUTE-SAONE,FRANCHE-COMTE,"Commune simple",267.0,760.0,0.3,"47.7934014233, 6.27774541889","{""type"": ""Polygon"", ""coordinates"": [[[6.304757070178865, 47.787371218235656], [6.291083028530189, 47.77894640802011], [6.272934565882216, 47.78264398178178], [6.272293721155012, 47.78591378147367], [6.263019987909395, 47.7855149885095], [6.255129862440716, 47.789157592022605], [6.257110792872361, 47.801641470891305], [6.28012556844623, 47.81104307349336], [6.285285019450551, 47.80170138596155], [6.304757070178865, 47.787371218235656]]]}",29529,001,23,1,70,43
70376,70100,NANTILLY,HAUTE-SAONE,FRANCHE-COMTE,"Commune simple",217.0,994.0,0.5,"47.4579304083, 5.52873315252","{""type"": ""Polygon"", ""coordinates"": [[[5.501166543664105, 47.43893239417423], [5.497372414666844, 47.440977282241136], [5.497041675132197, 47.44754999851794], [5.528894972385876, 47.47514213554328], [5.539044622533281, 47.47403860701255], [5.548284534815892, 47.469180415273904], [5.555347858296058, 47.472457034799326], [5.557431339661835, 47.4568481041456], [5.54798904319567, 47.45069663149003], [5.532847144249985, 47.45030666902295], [5.501166543664105, 47.43893239417423]]]}",20860,376,02,2,70,43
80273,80290,EPLESSIER,SOMME,PICARDIE,"Commune simple",167.0,1416.0,0.4,"49.7843306354, 1.94046877526","{""type"": ""Polygon"", ""coordinates"": [[[1.922442366180326, 49.7623523282429], [1.911086856523001, 49.773186759625695], [1.91065825907488, 49.7750698705345], [1.910108436367742, 49.78133675499415], [1.917105639528182, 49.7890365988261], [1.914840353301274, 49.798334126660585], [1.938972518863309, 49.79800731411904], [1.944937658732559, 49.80692731752005], [1.950083574342046, 49.80648651907297], [1.965877286621883, 49.79920876082271], [1.973906874769152, 49.784379204954746], [1.969394844333364, 49.77896797257171], [1.953732066877399, 49.77204165870524], [1.945363301065178, 49.7674678553491], [1.922442366180326, 49.7623523282429]]]}",17421,273,35,2,80,22
60407,60220,MONCEAUX-L'ABBAYE,OISE,PICARDIE,"Commune simple",209.0,455.0,0.2,"49.6524929678, 1.78839949291","{""type"": ""Polygon"", ""coordinates"": [[[1.812028271082411, 49.65053394464383], [1.797675582655096, 49.648137166643885], [1.790440691456586, 49.63976142862209], [1.775706043955757, 49.64019810388162], [1.775706555710362, 49.64771126209044], [1.774441112595116, 49.65606536066157], [1.777204692351554, 49.66207843008524], [1.794958710220707, 49.66715340728016], [1.793957031044271, 49.66147282127915], [1.812028271082411, 49.65053394464383]]]}",24101,407,15,1,60,22
38117,38470,COGNIN-LES-GORGES,ISERE,RHONE-ALPES,"Commune simple",439.0,1265.0,0.6,"45.1707745385, 5.41758874544","{""type"": ""Polygon"", ""coordinates"": [[[5.418098453357065, 45.14552367831533], [5.409927885123413, 45.153825976842846], [5.387290162313869, 45.1582582908195], [5.39087838644036, 45.16445119518847], [5.389146313167626, 45.170992253413054], [5.396356259771125, 45.17578321507599], [5.414872903372906, 45.180744071047485], [5.42383783008767, 45.19272011319913], [5.429617312243729, 45.1984679920378], [5.448955942152674, 45.18242473162534], [5.440697964625842, 45.17942562432736], [5.428682463974328, 45.16878755931004], [5.426587830866665, 45.165716227071144], [5.434227897753985, 45.15723506949676], [5.418098453357065, 45.14552367831533]]]}",35157,117,42,1,38,82
21669,21540,VERREY-SOUS-DREE,COTE-D'OR,BOURGOGNE,"Commune simple",494.0,336.0,0.1,"47.368425324, 4.68776283971","{""type"": ""Polygon"", ""coordinates"": [[[4.703531922253207, 47.35489153709822], [4.688251402723764, 47.36195780469936], [4.680416496334067, 47.35932509369239], [4.674766112058336, 47.37401143659916], [4.673601212065144, 47.37745879045043], [4.685852302079487, 47.38049622192979], [4.699695527373782, 47.367634714862255], [4.703531922253207, 47.35489153709822]]]}",35277,669,35,2,21,26
57186,57320,EBERSVILLER,MOSELLE,LORRAINE,"Commune simple",253.0,1403.0,0.8,"49.2801569466, 6.39992340407","{""type"": ""Polygon"", ""coordinates"": [[[6.379857218057501, 49.25816936648055], [6.375107079835765, 49.25763658514403], [6.375916154600755, 49.263705528948236], [6.367942994154214, 49.26709573023865], [6.376157771325096, 49.27160788478453], [6.381004495486279, 49.29207696203674], [6.387905985953028, 49.29746191643053], [6.402454027564256, 49.30130847701624], [6.418312344219841, 49.30122020357941], [6.416732681316868, 49.2981427176467], [6.424182166242173, 49.293882520922494], [6.429056029816706, 49.28151590512009], [6.433334305412903, 49.27987354028894], [6.396899919681985, 49.25957099206859], [6.379857218057501, 49.25816936648055]]]}",19376,186,04,1,57,41
67530,67270,WICKERSHEIM-WILSHAUSEN,BAS-RHIN,ALSACE,"Commune simple",197.0,548.0,0.4,"48.7815411023, 7.53331362139","{""type"": ""Polygon"", ""coordinates"": [[[7.54388134664697, 48.770376283011025], [7.53580599016059, 48.77436808884868], [7.520851434549851, 48.77307977308498], [7.512219540482731, 48.780586284698714], [7.511400901001079, 48.79113012002694], [7.540295312650253, 48.792737237390725], [7.546301069173775, 48.78359007362884], [7.557637516398999, 48.778067746080815], [7.559100857679711, 48.77173266837043], [7.54388134664697, 48.770376283011025]]]}",15561,530,10,6,67,42
26087,26750,CHATILLON-SAINT-JEAN,DROME,RHONE-ALPES,"Commune simple",248.0,896.0,1.2,"45.095956421, 5.13398617216","{""type"": ""Polygon"", ""coordinates"": [[[5.134543042196105, 45.07467559000714], [5.126601072074816, 45.07743054387224], [5.118795372361872, 45.07608406222323], [5.119126590721637, 45.07643804995682], [5.12509032659858, 45.089195760332935], [5.121508761893015, 45.102711787356974], [5.112725749699832, 45.110931058917096], [5.113024157291229, 45.11781594282053], [5.114274171173232, 45.12261112958709], [5.121653057694953, 45.12025518525431], [5.121538261465199, 45.117230924545694], [5.133227155594917, 45.118503112884156], [5.133034508625922, 45.108121381573845], [5.13906754503568, 45.094927194699515], [5.162894297608515, 45.09843058706609], [5.156072322689878, 45.082790941122774], [5.138955186491334, 45.08002233551472], [5.134543042196105, 45.07467559000714]]]}",31280,087,35,3,26,82
67553,67700,WOLSCHHEIM,BAS-RHIN,ALSACE,"Commune simple",233.0,366.0,0.3,"48.706871713, 7.45128183005","{""type"": ""Polygon"", ""coordinates"": [[[7.449540500413485, 48.69829619764676], [7.440463393294853, 48.69941855551603], [7.434617749726203, 48.70414055872617], [7.433256043638048, 48.7068577657136], [7.432316221365515, 48.71021688188312], [7.449999800532217, 48.715981121279675], [7.457307357197276, 48.712437939828895], [7.471469048835994, 48.712168760028554], [7.468409885051159, 48.70632867416234], [7.471457247056743, 48.70392613142937], [7.449540500413485, 48.69829619764676]]]}",35044,553,21,4,67,42
11170,11430,GRUISSAN,AUDE,LANGUEDOC-ROUSSILLON,"Commune simple",18.0,6278.0,4.5,"43.1040163547, 3.08229513652","{""type"": ""Polygon"", ""coordinates"": [[[3.08504467599216, 43.05694397447934], [3.076413517802548, 43.05945974476505], [3.062581228211069, 43.05097844849991], [3.03385418677271, 43.062287638407675], [3.022696659804292, 43.073874808770796], [3.029978691805825, 43.08706732834546], [3.031497704739148, 43.104794435562475], [3.035908227054585, 43.11090016922817], [3.105778299673808, 43.154207568415565], [3.114360162240974, 43.15752682687466], [3.119225109674828, 43.15733267126542], [3.136039588263944, 43.14463037733556], [3.148739383668187, 43.13933381083939], [3.130620592579691, 43.1111328037604], [3.117344125578909, 43.1022707262229], [3.08504467599216, 43.05694397447934]]]}",3892,170,14,3,11,91
29161,29170,PLEUVEN,FINISTERE,BRETAGNE,"Commune simple",41.0,1365.0,2.6,"47.9151360356, -4.04624585302","{""type"": ""Polygon"", ""coordinates"": [[[-4.031856957753546, 47.887588546541046], [-4.033570059064051, 47.8900698141993], [-4.045667359012663, 47.89011956821342], [-4.044213421341196, 47.90201659292624], [-4.063220926240104, 47.90368191117192], [-4.064537590281284, 47.91284607551587], [-4.075610710431993, 47.91937025778975], [-4.07951896643646, 47.9353263108848], [-4.073017170946404, 47.9326558051793], [-4.069298138970286, 47.9329976833893], [-4.059807257208009, 47.93109409296504], [-4.047538379379563, 47.937299041280426], [-4.039331113194523, 47.930184518344355], [-4.022067548463972, 47.92581723393131], [-4.020539454811815, 47.92280972185583], [-4.026001181927811, 47.90066197690329], [-4.022128767595314, 47.894967019497116], [-4.031856957753546, 47.887588546541046]]]}",12246,161,15,4,29,53
10252,10140,MONTMARTIN-LE-HAUT,AUBE,CHAMPAGNE-ARDENNE,"Commune simple",250.0,163.0,0.1,"48.2094879831, 4.54987689229","{""type"": ""Polygon"", ""coordinates"": [[[4.562529681210656, 48.20701822592362], [4.550138499187971, 48.20365364803037], [4.538382723764538, 48.207254197796885], [4.548247876400323, 48.21768179108621], [4.562529681210656, 48.20701822592362]]]}",35304,252,10,3,10,21
69204,69230,SAINT-GENIS-LAVAL,RHONE,RHONE-ALPES,"Chef-lieu canton",237.0,1293.0,20.1,"45.6936777293, 4.78919028453","{""type"": ""Polygon"", ""coordinates"": [[[4.789047925839472, 45.66526205170858], [4.785136274766494, 45.66665718966061], [4.78561187440508, 45.67263939271946], [4.781236435009352, 45.672816770058226], [4.773587822474366, 45.68792532059618], [4.764257182723493, 45.68952198522801], [4.767962813012852, 45.70534341883223], [4.778438182776354, 45.719680074626424], [4.805338846167626, 45.70352580534147], [4.808927987376378, 45.698099941324976], [4.820580712246405, 45.6955793689271], [4.817481140628522, 45.68926130176485], [4.79264834157103, 45.672905903040466], [4.791982617805689, 45.666233192890004], [4.789047925839472, 45.66526205170858]]]}",19155,204,26,1,69,82
80112,80800,BONNAY,SOMME,PICARDIE,"Commune simple",66.0,586.0,0.2,"49.9429089907, 2.50691249555","{""type"": ""Polygon"", ""coordinates"": [[[2.526262145490387, 49.94084088944548], [2.510404729874153, 49.926747025144486], [2.504981206016694, 49.92640180489208], [2.493374733604354, 49.93354072027198], [2.495004087987633, 49.940455360352246], [2.491256655969659, 49.94635956638639], [2.497489817411663, 49.95515254780628], [2.49835315840617, 49.95796768929435], [2.510600762013489, 49.96140375381395], [2.514091957064557, 49.95159054949467], [2.526262145490387, 49.94084088944548]]]}",30078,112,18,2,80,22
62732,62550,SACHIN,PAS-DE-CALAIS,NORD-PAS-DE-CALAIS,"Commune simple",157.0,597.0,0.3,"50.4927168142, 2.36659910024","{""type"": ""Polygon"", ""coordinates"": [[[2.366932993487528, 50.4772161825328], [2.369163674642449, 50.483313677410905], [2.365698987057907, 50.48584529399352], [2.344956977406541, 50.48826861917885], [2.343345783559487, 50.500692387473286], [2.357917007585169, 50.50362327478384], [2.363860137194818, 50.508905044413545], [2.366197893688132, 50.499868977037984], [2.385694383387922, 50.5006404770861], [2.390484089313992, 50.496768438280526], [2.383937779071239, 50.49237352373326], [2.384131220371667, 50.480004920130355], [2.366932993487528, 50.4772161825328]]]}",20392,732,27,1,62,31
30241,30190,SAINT-CHAPTES,GARD,LANGUEDOC-ROUSSILLON,"Chef-lieu canton",73.0,1296.0,1.6,"43.9676006581, 4.2748195399","{""type"": ""Polygon"", ""coordinates"": [[[4.278995180106678, 43.94712914378129], [4.264694005036007, 43.94827666977071], [4.252202046925403, 43.95865442640617], [4.252219391323803, 43.96171451089708], [4.254920169242548, 43.96779512315384], [4.254885173880416, 43.982061975094176], [4.275837733669834, 43.986428023708505], [4.284968064070527, 43.98830134659119], [4.288545151024734, 43.986054001972676], [4.290053485386744, 43.97943847057949], [4.303344101923702, 43.96593238282968], [4.289585190364577, 43.958183758579224], [4.286633478669454, 43.95216995963604], [4.278995180106678, 43.94712914378129]]]}",15617,241,26,2,30,91
26220,26110,NYONS,DROME,RHONE-ALPES,Sous-préfecture,396.0,2354.0,7.1,"44.3564879814, 5.12880832","{""type"": ""Polygon"", ""coordinates"": [[[5.099389083678273, 44.33355461116061], [5.084016892736559, 44.353918341861224], [5.105829578135834, 44.37013489504484], [5.115036151793529, 44.36992233148231], [5.12854017745195, 44.38351157426658], [5.1582329568667, 44.37516207841022], [5.16348925541069, 44.358291570840535], [5.164116114385244, 44.347761466733594], [5.158078283617798, 44.33816380295875], [5.149669185536949, 44.33445638849352], [5.140850900574106, 44.336159199369405], [5.114198068224566, 44.34209557943025], [5.099389083678273, 44.33355461116061]]]}",4884,220,18,2,26,82
76084,76450,BERTREVILLE,SEINE-MARITIME,HAUTE-NORMANDIE,"Commune simple",112.0,324.0,0.1,"49.7666175851, 0.580078332797","{""type"": ""Polygon"", ""coordinates"": [[[0.576767390079071, 49.755336589317956], [0.56942176608336, 49.762759006973276], [0.562948565314596, 49.7704680735111], [0.582437355557429, 49.77627644295352], [0.591718450977474, 49.77372758500584], [0.594015524028128, 49.76207850586089], [0.576767390079071, 49.755336589317956]]]}",21338,084,09,1,76,23
97402,97412,BRAS-PANON,REUNION,REUNION,"Chef-lieu canton",673.0,8725.0,11.7,"-21.0233281862, 55.6195846061","{""type"": ""Polygon"", ""coordinates"": [[[55.70069090400932, -21.0059041824769], [55.67870491363442, -21.010640283680598], [55.67152144191482, -21.018967732007564], [55.66818114423025, -21.03215805580602], [55.6419168376331, -21.034913339702126], [55.62060939402725, -21.04161638619602], [55.586538935854456, -21.08410116219442], [55.57914652851193, -21.084129751722863], [55.55966340553119, -21.07333312249373], [55.55221700859602, -21.07303490240163], [55.56138929511406, -21.062001745444473], [55.56125661145648, -21.04777291755712], [55.555527279841954, -21.035194897412637], [55.56042891191808, -21.02174948338694], [55.58123289600932, -21.007181530489657], [55.58498196549145, -21.001358984581604], [55.603146201268586, -21.001156709253607], [55.60997498785328, -20.998186337000973], [55.6142030845389, -20.992430222573198], [55.62481550385947, -20.99008619617087], [55.643057432814295, -20.977955644110523], [55.654283989459884, -20.978839666438912], [55.671677513317434, -20.985028852105724], [55.70068654374878, -20.9786126825364], [55.70069090400932, -21.0059041824769]]]}",2,402,02,3,97,04
97358,97312,SAINT-ELIE,GUYANE,GUYANE,"Commune simple",111.0,577836.0,0.5,"4.52922646237, -53.1006779669","{""type"": ""Polygon"", ""coordinates"": [[[-53.15488347567156, 3.904529074064607], [-53.16498175414642, 3.914664492278923], [-53.171046232360275, 3.927712145767761], [-53.18513291845318, 3.972307360485992], [-53.19708280256568, 3.994415110194856], [-53.19821888069727, 4.008605227985959], [-53.20618154246285, 4.020480613230044], [-53.20872131318849, 4.030933192307457], [-53.21046718116661, 4.034056330423313], [-53.22596585751528, 4.0428279763971], [-53.228574252547205, 4.045297765415592], [-53.23481886337793, 4.054067408066918], [-53.23755585535649, 4.060713248738575], [-53.239528465732505, 4.067632383027925], [-53.241351450251365, 4.085499297972794], [-53.24110937329829, 4.089097878459016], [-53.23950830335847, 4.096081216621545], [-53.23584331313067, 4.102247719169487], [-53.23350112582259, 4.104966284504124], [-53.21409752541192, 4.120451924446103], [-53.210374953254274, 4.144915866462321], [-53.22103010707255, 4.159250614000706], [-53.2298583247205, 4.186454137635482], [-53.24795947792481, 4.197150701171712], [-53.249759980870266, 4.200200985539401], [-53.25155026236707, 4.221602219539346], [-53.25410864028238, 4.228257150320668], [-53.256565261159814, 4.230844420830976], [-53.27633563013626, 4.239166276402776], [-53.288753534322126, 4.251803104819233], [-53.30642842813536, 4.251705123772743], [-53.309933146894295, 4.252417768932577], [-53.31259623428444, 4.254723873731639], [-53.309537573950884, 4.264694592387171], [-53.31730405034944, 4.284286761421289], [-53.306923721534126, 4.293891031271001], [-53.30421668223263, 4.303996369150044], [-53.3180302350199, 4.324889690792602], [-53.3352899194163, 4.326978922588697], [-53.3414693450899, 4.330602640312833], [-53.34379883123614, 4.344307976914696], [-53.35144049225633, 4.360572811172706], [-53.34368036727596, 4.384487844215777], [-53.3464083225393, 4.39867086946566], [-53.340777067992825, 4.437982296742061], [-53.328781842423936, 4.444031440180727], [-53.31488300995095, 4.469259098117869], [-53.31589398939417, 4.487144896712479], [-53.31177263853101, 4.508337365359034], [-53.31416763954908, 4.522259472458291], [-53.30401793380368, 4.536981005793283], [-53.3027481263535, 4.551249361460741], [-53.31152018908213, 4.5620685261632], [-53.318986319484154, 4.57845993295872], [-53.321498733859606, 4.581000876679693], [-53.32472800117002, 4.582364355702028], [-53.339001928450195, 4.581233047343389], [-53.34563060320522, 4.583651899286566], [-53.38013486827205, 4.614839688854064], [-53.38336641907502, 4.624925342120686], [-53.396305022211926, 4.628479119342296], [-53.40880683924105, 4.641362099538198], [-53.412359242541235, 4.647595735144922], [-53.41354546276693, 4.654687084589852], [-53.41322442445389, 4.658285606512493], [-53.40794851021505, 4.682925331033266], [-53.40788881691345, 4.68654104602069], [-53.41024919124999, 4.689190300026987], [-53.42097093030645, 4.689568980584338], [-53.432082655335634, 4.698523773296271], [-53.42487971329608, 4.717909680558359], [-53.43121690817013, 4.734509510060314], [-53.43054679910912, 4.741263709037918], [-53.41843702434394, 4.74869083870511], [-53.41518721045438, 4.762368760438456], [-53.394745849938275, 4.775899103748716], [-53.400246420207935, 4.792692039984819], [-53.413949580788056, 4.807693208901866], [-53.40398083339696, 4.822145308781859], [-53.38808573797073, 4.829775970379731], [-53.37990129012474, 4.849645185396039], [-53.367471306428335, 4.856359663301554], [-53.358056181032644, 4.867203368529123], [-53.356205301520944, 4.873952998680971], [-53.35982641443198, 4.883829005534174], [-53.354632341966855, 4.893193668533814], [-53.34648987603441, 4.899585809626887], [-53.347766842271724, 4.906541445625794], [-53.36644056190352, 4.916996893940123], [-53.358059546416186, 4.92218791256662], [-53.353036615570396, 4.939217236395166], [-53.34542047766113, 4.946737650569738], [-53.33640789772691, 4.96982845433081], [-53.32537994592402, 4.983796928607434], [-53.31505989695333, 4.986418601343965], [-53.303674091252226, 4.978115280546968], [-53.2967210008665, 4.9770186977653], [-53.26430233146021, 5.004087183340062], [-53.26051411567267, 5.013890207258487], [-53.263433305325975, 5.023950239454235], [-53.2572326226194, 5.047782186409295], [-53.24453227385139, 5.035016930586069], [-53.24466143955334, 5.027992611619173], [-53.227005662028375, 5.02636274612546], [-53.217846496441126, 5.02089771788421], [-53.21141720801157, 5.012277357204788], [-53.2048034411384, 5.010419384943467], [-53.19470168417038, 5.01413266760647], [-53.16992814645929, 5.016394099414204], [-53.16678758037807, 5.01807696489514], [-53.162614942459435, 5.023903668154188], [-53.16170670992777, 5.027323888164539], [-53.16422016358416, 5.037720836937151], [-53.15732812642138, 5.058156631712828], [-53.1518067902794, 5.062414890459725], [-53.14828428027919, 5.063176937553622], [-53.137612761141185, 5.064025909650377], [-53.13447035445953, 5.062499418433577], [-53.132486413815236, 5.059585909980152], [-53.12557705084139, 5.039141068653008], [-53.11180067681775, 5.027641211643743], [-53.10765866564083, 5.017963151396884], [-53.105217063940515, 5.015611441007699], [-53.094851984652585, 5.013484054995931], [-53.092113111620556, 5.011187465505495], [-53.084857643339134, 5.003173474386326], [-53.08151697969632, 4.992986185964124], [-53.07925471666935, 4.990272102014238], [-53.07600506041581, 4.988899153246281], [-53.062201365977366, 4.985389605851153], [-53.05554408029795, 4.986902205020723], [-53.053723430529736, 4.98991850735593], [-53.05635170045205, 5.000171644060772], [-53.05378483508455, 5.006734319371189], [-53.02725915110402, 5.01753062866454], [-52.991457107288156, 5.017152575064291], [-52.97761121587748, 5.020892534118761], [-52.95321409578019, 5.014772650434688], [-52.93982785772714, 5.009459975305614], [-52.92054194385816, 4.999878562606666], [-52.91834056489974, 4.993158062127587], [-52.926940494738105, 4.986613902662829], [-52.93393208527406, 4.985074384851018], [-52.935925126556825, 4.9822023589172], [-52.93404095795376, 4.979142828288886], [-52.900526059514235, 4.958842417591189], [-52.88839871565442, 4.945558674540994], [-52.87218964005668, 4.939284431430729], [-52.877988131057464, 4.92706157838077], [-52.8764363186999, 4.920194166918527], [-52.87240798824825, 4.914228841760866], [-52.853970638269814, 4.897254380420851], [-52.85647135309743, 4.892030244325849], [-52.86985601266096, 4.888023618854638], [-52.87549727266789, 4.871126724380538], [-52.887821677758204, 4.84913877334751], [-52.88924578956692, 4.845861665488925], [-52.89766317812581, 4.799851759269216], [-52.897725366684135, 4.796262010471995], [-52.89164214492564, 4.783403386304043], [-52.870763221296464, 4.781733752896661], [-52.867254898056245, 4.780920512624495], [-52.86662445295176, 4.777766601728604], [-52.871134613278436, 4.772446712472843], [-52.89131517598747, 4.766044050068299], [-52.89966249203566, 4.740252026696944], [-52.89698840854245, 4.737908514556072], [-52.90192189345629, 4.732659785671729], [-52.90667080251631, 4.719255924034409], [-52.90122679552359, 4.699107748017783], [-52.8878767624634, 4.68781463441505], [-52.89196797999826, 4.674340309871603], [-52.89192036032702, 4.659927788231771], [-52.880831411263735, 4.637732631458364], [-52.88772279416106, 4.630110048174382], [-52.88719148003172, 4.626838317956402], [-52.884321003260865, 4.62496526043757], [-52.870720356957015, 4.620426115208627], [-52.867196431385615, 4.620200319161055], [-52.85437476321941, 4.624113012832741], [-52.85307809184714, 4.610589540286361], [-52.845920621514416, 4.602560747163039], [-52.83079385492387, 4.59304229887165], [-52.82880383784785, 4.590054455197818], [-52.82819116087932, 4.586538627305779], [-52.83340151717787, 4.573206203525998], [-52.83304992831025, 4.56604573253488], [-52.831473887705485, 4.562812672467991], [-52.81891633695429, 4.556921971741478], [-52.80935425674353, 4.54173704020305], [-52.808787484291166, 4.531231351915058], [-52.800661791968395, 4.524587471362642], [-52.79934698859925, 4.510249630975212], [-52.79348063142271, 4.506249349822726], [-52.79016838485707, 4.507659086336945], [-52.789070376881945, 4.493401975929476], [-52.80092336314487, 4.480740656589966], [-52.798384707063036, 4.470520036602521], [-52.809654047803, 4.462516982461215], [-52.81427076978555, 4.449412392233827], [-52.82786827470261, 4.450472834782144], [-52.83254794745774, 4.437467596056646], [-52.845787283795595, 4.432289627024441], [-52.851587657327634, 4.428133835771431], [-52.85358926856658, 4.425181105883429], [-52.864261053735774, 4.39848034594825], [-52.86470281312586, 4.394998063754881], [-52.86337961283722, 4.391782416719125], [-52.857376723121455, 4.383135116964061], [-52.85364973635405, 4.351099261250749], [-52.843758782193014, 4.336140762824498], [-52.828436293792905, 4.321014253851135], [-52.82467423991911, 4.311013575647991], [-52.824683694850435, 4.307423785742178], [-52.82876751050745, 4.289971529852756], [-52.83582884294715, 4.278498119018145], [-52.82620326128999, 4.26835769359047], [-52.82331506909617, 4.254367163236664], [-52.825859143620995, 4.233129941601057], [-52.822431566527605, 4.223254837749501], [-52.82649734246825, 4.209473922881974], [-52.82285526590112, 4.188558667673894], [-52.82722050487011, 4.183502893310306], [-52.8444037961144, 4.183444468983464], [-52.84372911523329, 4.179919615398528], [-52.86165994489634, 4.168520321738761], [-52.862753383872594, 4.15479186025647], [-52.87981539824172, 4.14956120795389], [-52.891338022514844, 4.136413807301998], [-52.901797670036146, 4.134598430590229], [-52.91026458383797, 4.127968452021652], [-52.918592071068694, 4.108300518908579], [-52.91616500349243, 4.09495161328806], [-52.94113286802691, 4.083046727363798], [-52.93920208518199, 4.058864876776109], [-52.94763712521919, 4.043084934868554], [-52.94972806984002, 4.040177530693907], [-52.952658593101916, 4.038208433974776], [-52.96285199771507, 4.034955951765498], [-52.97662802837654, 4.035157552279824], [-52.980692655431454, 4.029379167051501], [-52.982522853772885, 4.015514127247953], [-52.992661087310175, 4.000851332291928], [-53.032658644850905, 3.985066367139007], [-53.04410283743449, 3.967516215595851], [-53.06041036707132, 3.972809826444838], [-53.07806562504123, 3.95541586404297], [-53.09892038407013, 3.950607701059012], [-53.112985506845774, 3.934407052274443], [-53.151200651855866, 3.914591615391032], [-53.15488347567156, 3.904529074064607]]]}",19,358,14,1,97,03
97102,97121,ANSE-BERTRAND,GUADELOUPE,GUADELOUPE,"Chef-lieu canton",32.0,6408.0,4.6,"16.4655608425, -61.4616707348","{""type"": ""Polygon"", ""coordinates"": [[[-61.40403889756725, 16.44610473607807], [-61.41223881177814, 16.439615097574876], [-61.41328582643282, 16.429456270712468], [-61.42453475646471, 16.420946687017576], [-61.43119357532827, 16.42310221585915], [-61.431663721886515, 16.436860321239436], [-61.43453063076969, 16.43901451291639], [-61.44126863151857, 16.440727543329256], [-61.44655474159761, 16.44956902265122], [-61.45014669049641, 16.45009265894944], [-61.455883819637755, 16.445806154216807], [-61.46661723705881, 16.445622847094274], [-61.47594949492566, 16.440187155582013], [-61.4867646596889, 16.43909061015401], [-61.51763359046825, 16.454683796191393], [-61.53570314877727, 16.452940063378637], [-61.5180775298616, 16.470213298476644], [-61.50823614969834, 16.474797688971474], [-61.50243470311371, 16.48381173775552], [-61.48642495695711, 16.492516976058845], [-61.46958977425573, 16.51071298979746], [-61.46603695992161, 16.50982839754432], [-61.46013010912894, 16.501009802534135], [-61.44576903601654, 16.49877978361741], [-61.44011778193592, 16.489781866778376], [-61.419860240699236, 16.475595199768954], [-61.41167368497781, 16.46878254553559], [-61.40403889756725, 16.44610473607807]]]}",2,102,03,2,97,01
97131,97137,TERRE-DE-HAUT,GUADELOUPE,GUADELOUPE,"Commune simple",49.0,589.0,1.8,"15.8653892358, -61.5842592994","{""type"": ""Polygon"", ""coordinates"": [[[-61.59328041567696, 15.852526719811117], [-61.60017407302693, 15.854839965831246], [-61.60454345744143, 15.857633857685189], [-61.603794814652005, 15.859228799957197], [-61.59814327047047, 15.863611975739298], [-61.58539838336878, 15.864776347842632], [-61.58332395155436, 15.86765499402076], [-61.58413459513246, 15.874592564259652], [-61.582590402510476, 15.877745806026978], [-61.58108198616534, 15.878449931054881], [-61.577784099836975, 15.874659374105697], [-61.576295067671765, 15.875264174400181], [-61.57337408928069, 15.881625843889218], [-61.57174868034617, 15.881696459744166], [-61.56968586383187, 15.878908131172963], [-61.569853841006115, 15.87363098846416], [-61.56800729414093, 15.870645240869498], [-61.57703970432705, 15.864965600148173], [-61.57834066669014, 15.856541557279115], [-61.58904907978715, 15.858120955287118], [-61.59328041567696, 15.852526719811117]]]}",29,131,34,1,97,01
97208,97250,FONDS-SAINT-DENIS,MARTINIQUE,MARTINIQUE,"Commune simple",526.0,2366.0,0.9,"14.7260291636, -61.1150746091","{""type"": ""Polygon"", ""coordinates"": [[[-61.100802152953555, 14.695360723244923], [-61.10439920267514, 14.700270196312871], [-61.11315824749941, 14.701986400128302], [-61.12165426916226, 14.719271243914237], [-61.15083084189898, 14.728950027824487], [-61.155725565253064, 14.733236626299362], [-61.15826935849696, 14.735516221612794], [-61.15713494449724, 14.744526449128335], [-61.13322568546442, 14.746304790753578], [-61.13000918019118, 14.747788013585112], [-61.102115363545245, 14.733535162901369], [-61.08754777884615, 14.742904096867539], [-61.085350626826745, 14.733984461849596], [-61.079041337121076, 14.72705502303691], [-61.084773171341084, 14.724617336460335], [-61.08662874079432, 14.721596237580544], [-61.083535366500286, 14.707933796868128], [-61.08988623134824, 14.706847556460787], [-61.100802152953555, 14.695360723244923]]]}",8,208,29,4,97,02
97233,97226,"LE MORNE-VERT",MARTINIQUE,MARTINIQUE,"Commune simple",440.0,1332.0,1.8,"14.7038196531, -61.1353176501","{""type"": ""Polygon"", ""coordinates"": [[[-61.124548584337035, 14.69023102179705], [-61.145228114794534, 14.689782716349756], [-61.15454479204264, 14.69365269325891], [-61.15870712050425, 14.70327441904769], [-61.155978943838655, 14.713040187530343], [-61.128691158799285, 14.720521119972696], [-61.12165426916226, 14.719271243914237], [-61.11315824749941, 14.701986400128302], [-61.1159111377913, 14.690612903442423], [-61.124548584337035, 14.69023102179705]]]}",33,233,04,4,97,02
97616,97640,SADA,MAYOTTE,MAYOTTE,"Chef-lieu canton",130.0,1085.0,8.0,"-12.8611649609, 45.1185503145","{""type"": ""Polygon"", ""coordinates"": [[[45.13226166584437, -12.888896942507678], [45.131320471206294, -12.886953220096009], [45.12317866435443, -12.881133627442589], [45.111354811024334, -12.864328374709709], [45.09932482692644, -12.858355915099223], [45.0950647550458, -12.852741910878448], [45.09701745574196, -12.849811326709487], [45.10261904451489, -12.845450563236064], [45.119242138104426, -12.84042478416089], [45.12161029931968, -12.839854001778116], [45.129363733632715, -12.863813714523191], [45.13836216787251, -12.869433734591315], [45.13226166584437, -12.888896942507678]]]}",6,616,18,0,97,06
